hxb[1,0,1,0,1,0,0,0,1,0,0,0,0]  # 277
hxb[1,0,1,0,0,0,0,1,0,0,0,0,0]  # 133
hxb[1,0,1,0,1,0,0,1,0,0,0,0,0]  # 149
hxb[1,0,1,0,1,0,0,1,1,0,0,0,0]  # 405
hxb[0,0,1,1,0,0,0,0,1,0,0,0,0]  # 268
hxb[0,1,0,1,1,0,0,0,1,0,0,0,0]  # 282
hxb[1,0,0,1,0,0,0,1,0,0,0,0,0]  # 137
hxb[0,1,0,1,0,0,0,1,0,0,0,0,0]  # 138
hxb[-1,1,0,1,0,0,0,1,0,0,0,0,0] # 138
hxb[0,0,1,1,0,0,0,1,0,0,0,0,0]  # 140
hxb[-1,0,1,1,0,0,0,1,0,0,0,0,0] # 140
hxb[1,0,1,1,0,0,0,1,0,0,0,0,0]  # 141
hxb[1,0,1,1,0,0,0,1,-1,0,0,0,0] # 141
hxb[1,-1,1,1,0,0,0,1,0,0,0,0,0] # 141
hxb[0,0,1,1,0,0,0,1,1,0,0,0,0]  # 396
hxb[1,1,1,1,0,0,0,1,0,0,0,0,0]  # 143
hxb[1,1,1,1,0,0,0,1,-1,0,0,0,0] # 143
hxb[0,1,1,1,0,0,0,1,1,0,0,0,0]  # 398
hxb[-1,1,1,1,0,0,0,1,1,0,0,0,0] # 398
hxb[1,0,0,1,1,0,0,1,0,0,0,0,0]  # 153
hxb[1,0,0,1,1,0,0,1,-1,0,0,0,0] # 153
hxb[0,1,0,1,1,0,0,1,0,0,0,0,0]  # 154
hxb[1,1,0,1,1,0,0,1,0,0,0,0,0]  # 155
hxb[1,1,0,1,1,0,0,1,-1,0,0,0,0] # 155
hxb[0,1,0,1,1,0,0,1,1,0,0,0,0]  # 410
hxb[-1,1,0,1,1,0,0,1,1,0,0,0,0] # 410
hxb[1,0,1,1,1,0,0,1,0,0,0,0,0]  # 157
hxb[1,1,1,1,1,0,0,1,0,0,0,0,0]  # 159
hxb[1,1,1,1,1,0,0,1,1,0,0,0,0]  # 415
hxb[1,1,1,1,1,-1,0,1,1,0,0,0,0] # 415
hxb[1,1,1,1,1,0,0,1,1,-1,0,0,0] # 415
