prime 2147483647
d mTsq qsq s12 s15 s23 s34 s45
631833524 539839085 875478391 2004855644 471301083 1034862707 118720827 1449475625
2010368912 539839085 875478391 2004855644 471301083 1034862707 118720827 1449475625
1898263894 539839085 875478391 2004855644 471301083 1034862707 118720827 1449475625
2090475637 539839085 875478391 2004855644 471301083 1034862707 118720827 1449475625
807779728 539839085 875478391 2004855644 471301083 1034862707 118720827 1449475625
942972020 539839085 875478391 2004855644 471301083 1034862707 118720827 1449475625
837729946 539839085 875478391 2004855644 471301083 1034862707 118720827 1449475625
1246349851 539839085 875478391 2004855644 471301083 1034862707 118720827 1449475625
350862571 539839085 875478391 2004855644 471301083 1034862707 118720827 1449475625
618877178 539839085 875478391 2004855644 471301083 1034862707 118720827 1449475625
