TTH[0, 1, 0, 0, 1, 1, 0, 0, 0, 0, 0]
TTH[0, 2, 0, -1, 1, 1, 0, 0, 0, 0, 0]
TTH[0, 2, 0, 0, 1, 1, 0, 0, -1, 0, 0]
TTH[0, 2, 0, 0, 1, 1, 0, 0, 0, 0, 0]
TTH[0, -1, 0, 2, 1, 1, 0, 0, 0, 0, 0]
TTH[0, 0, -1, 2, 1, 1, 0, 0, 0, 0, 0]
TTH[0, 0, 0, 1, 1, 1, 0, 0, 0, 0, 0]
TTH[0, 0, 0, 2, 1, 1, 0, 0, -1, 0, 0]
TTH[0, 0, 0, 2, 1, 1, 0, 0, 0, 0, 0]
TTH[0, 2, 0, 0, 1, -1, 3, 0, 0, 0, 0]
TTH[0, 2, 0, 0, 1, 0, 2, 0, 0, 0, 0]
TTH[0, 2, 0, 0, 1, 0, 3, -1, 0, 0, 0]
TTH[0, 2, 0, 0, 1, 0, 3, 0, 0, -1, 0]
TTH[0, 2, 0, 0, 1, 0, 3, 0, 0, 0, -1]
TTH[0, 2, 0, 0, 1, 0, 3, 0, 0, 0, 0]
TTH[0, 3, 0, -1, 1, 0, 2, 0, 0, 0, 0]
TTH[0, 3, 0, 0, 1, 0, 2, 0, -1, 0, 0]
TTH[0, 3, 0, 0, 1, 0, 2, 0, 0, 0, 0]
TTH[0, 1, 0, 0, 2, -1, 3, 0, 0, 0, 0]
TTH[0, 1, 0, 0, 2, 0, 2, 0, 0, 0, 0]
TTH[0, 1, 0, 0, 2, 0, 3, -1, 0, 0, 0]
TTH[0, 1, 0, 0, 2, 0, 3, 0, 0, -1, 0]
TTH[0, 1, 0, 0, 2, 0, 3, 0, 0, 0, -1]
TTH[0, 1, 0, 0, 2, 0, 3, 0, 0, 0, 0]
TTH[0, 2, 0, -1, 2, 0, 2, 0, 0, 0, 0]
TTH[0, 2, 0, 0, 2, 0, 2, 0, -1, 0, 0]
TTH[0, 2, 0, 0, 2, 0, 2, 0, 0, 0, 0]
TTH[0, 2, 0, 0, 1, 0, -1, 3, 0, 0, 0]
TTH[0, 2, 0, 0, 1, 0, 0, 2, 0, 0, 0]
TTH[0, 2, 0, 0, 1, 0, 0, 3, 0, -1, 0]
TTH[0, 2, 0, 0, 1, 0, 0, 3, 0, 0, -1]
TTH[0, 2, 0, 0, 1, 0, 0, 3, 0, 0, 0]
TTH[0, 3, 0, -1, 1, 0, 0, 2, 0, 0, 0]
TTH[0, 3, 0, 0, 1, 0, 0, 2, -1, 0, 0]
TTH[0, 3, 0, 0, 1, 0, 0, 2, 0, 0, 0]
TTH[0, 1, 0, 0, 2, 0, -1, 3, 0, 0, 0]
TTH[0, 1, 0, 0, 2, 0, 0, 2, 0, 0, 0]
TTH[0, 1, 0, 0, 2, 0, 0, 3, 0, -1, 0]
TTH[0, 1, 0, 0, 2, 0, 0, 3, 0, 0, -1]
TTH[0, 1, 0, 0, 2, 0, 0, 3, 0, 0, 0]
TTH[0, 2, 0, -1, 2, 0, 0, 2, 0, 0, 0]
TTH[0, 2, 0, 0, 2, 0, 0, 2, -1, 0, 0]
TTH[0, 2, 0, 0, 2, 0, 0, 2, 0, 0, 0]
TTH[0, 1, 0, 0, 0, 1, -1, 2, 0, 0, 0]
TTH[0, 1, 0, 0, 0, 1, 0, 1, 0, 0, 0]
TTH[0, 1, 0, 0, 0, 1, 0, 2, 0, -1, 0]
TTH[0, 1, 0, 0, 0, 1, 0, 2, 0, 0, -1]
TTH[0, 1, 0, 0, 0, 1, 0, 2, 0, 0, 0]
TTH[0, 2, 0, -1, 0, 1, 0, 1, 0, 0, 0]
TTH[0, 2, 0, 0, 0, 1, 0, 1, -1, 0, 0]
TTH[0, 2, 0, 0, 0, 1, 0, 1, 0, 0, 0]
TTH[0, 0, 0, 2, 2, 1, 0, 0, 0, 0, 0]
TTH[0, 1, -1, 2, 2, 1, 0, 0, 0, 0, 0]
TTH[0, 1, 0, 1, 2, 1, 0, 0, 0, 0, 0]
TTH[0, 1, 0, 2, 2, 1, 0, 0, -1, 0, 0]
TTH[0, 1, 0, 2, 2, 1, 0, 0, 0, 0, 0]
TTH[0, 2, 0, 0, 2, 1, 0, 0, 0, 0, 0]
TTH[0, 2, 0, 1, 2, 1, 0, 0, -1, 0, 0]
TTH[0, 2, 0, 1, 2, 1, 0, 0, 0, 0, 0]
TTH[0, 1, 0, 2, 1, 1, 0, 0, 0, 0, 0]
TTH[0, 2, -1, 2, 1, 1, 0, 0, 0, 0, 0]
TTH[0, 2, 0, 1, 1, 1, 0, 0, 0, 0, 0]
TTH[0, 2, 0, 2, 1, 1, 0, 0, -1, 0, 0]
TTH[0, 2, 0, 2, 1, 1, 0, 0, 0, 0, 0]
TTH[0, 3, 0, 0, 1, 1, 0, 0, 0, 0, 0]
TTH[0, 3, 0, 1, 1, 1, 0, 0, -1, 0, 0]
TTH[0, 3, 0, 1, 1, 1, 0, 0, 0, 0, 0]
TTH[1, -1, 0, 2, 1, 0, 1, 0, 0, 0, 0]
TTH[1, 0, -1, 2, 1, 0, 1, 0, 0, 0, 0]
TTH[1, 0, 0, 1, 1, -1, 2, 0, 0, 0, 0]
TTH[1, 0, 0, 1, 1, 0, 1, 0, 0, 0, 0]
TTH[1, 0, 0, 1, 1, 0, 2, -1, 0, 0, 0]
TTH[1, 0, 0, 1, 1, 0, 2, 0, 0, -1, 0]
TTH[1, 0, 0, 1, 1, 0, 2, 0, 0, 0, -1]
TTH[1, 0, 0, 1, 1, 0, 2, 0, 0, 0, 0]
TTH[1, 0, 0, 2, 1, 0, 1, 0, -1, 0, 0]
TTH[1, 0, 0, 2, 1, 0, 1, 0, 0, 0, 0]
TTH[0, 0, 0, 2, 2, 0, 1, 0, 0, 0, 0]
TTH[0, 1, -1, 2, 2, 0, 1, 0, 0, 0, 0]
TTH[0, 1, 0, 1, 2, -1, 2, 0, 0, 0, 0]
TTH[0, 1, 0, 1, 2, 0, 1, 0, 0, 0, 0]
TTH[0, 1, 0, 1, 2, 0, 2, -1, 0, 0, 0]
TTH[0, 1, 0, 1, 2, 0, 2, 0, 0, -1, 0]
TTH[0, 1, 0, 1, 2, 0, 2, 0, 0, 0, -1]
TTH[0, 1, 0, 1, 2, 0, 2, 0, 0, 0, 0]
TTH[0, 1, 0, 2, 2, 0, 1, 0, -1, 0, 0]
TTH[0, 1, 0, 2, 2, 0, 1, 0, 0, 0, 0]
TTH[0, 2, 0, 0, 2, 0, 1, 0, 0, 0, 0]
TTH[0, 2, 0, 1, 2, 0, 1, 0, -1, 0, 0]
TTH[0, 2, 0, 1, 2, 0, 1, 0, 0, 0, 0]
TTH[1, 1, 0, 0, 2, 0, -1, 2, 0, 0, 0]
TTH[1, 1, 0, 0, 2, 0, 0, 1, 0, 0, 0]
TTH[1, 1, 0, 0, 2, 0, 0, 2, 0, -1, 0]
TTH[1, 1, 0, 0, 2, 0, 0, 2, 0, 0, -1]
TTH[1, 1, 0, 0, 2, 0, 0, 2, 0, 0, 0]
TTH[1, 2, 0, -1, 2, 0, 0, 1, 0, 0, 0]
TTH[1, 2, 0, 0, 2, 0, 0, 1, -1, 0, 0]
TTH[1, 2, 0, 0, 2, 0, 0, 1, 0, 0, 0]
TTH[1, -1, 0, 2, 0, 1, 0, 1, 0, 0, 0]
TTH[1, 0, -1, 2, 0, 1, 0, 1, 0, 0, 0]
TTH[1, 0, 0, 1, 0, 1, -1, 2, 0, 0, 0]
TTH[1, 0, 0, 1, 0, 1, 0, 1, 0, 0, 0]
TTH[1, 0, 0, 1, 0, 1, 0, 2, 0, -1, 0]
TTH[1, 0, 0, 1, 0, 1, 0, 2, 0, 0, -1]
TTH[1, 0, 0, 1, 0, 1, 0, 2, 0, 0, 0]
TTH[1, 0, 0, 2, 0, 1, 0, 1, -1, 0, 0]
TTH[1, 0, 0, 2, 0, 1, 0, 1, 0, 0, 0]
TTH[0, 1, 0, 2, 0, 1, 0, 1, 0, 0, 0]
TTH[0, 2, -1, 2, 0, 1, 0, 1, 0, 0, 0]
TTH[0, 2, 0, 1, 0, 1, -1, 2, 0, 0, 0]
TTH[0, 2, 0, 1, 0, 1, 0, 1, 0, 0, 0]
TTH[0, 2, 0, 1, 0, 1, 0, 2, 0, -1, 0]
TTH[0, 2, 0, 1, 0, 1, 0, 2, 0, 0, -1]
TTH[0, 2, 0, 1, 0, 1, 0, 2, 0, 0, 0]
TTH[0, 2, 0, 2, 0, 1, 0, 1, -1, 0, 0]
TTH[0, 2, 0, 2, 0, 1, 0, 1, 0, 0, 0]
TTH[0, 3, 0, 0, 0, 1, 0, 1, 0, 0, 0]
TTH[0, 3, 0, 1, 0, 1, 0, 1, -1, 0, 0]
TTH[0, 3, 0, 1, 0, 1, 0, 1, 0, 0, 0]
TTH[0, 2, 0, 0, 1, 1, -1, 2, 0, 0, 0]
TTH[0, 2, 0, 0, 1, 1, 0, 1, 0, 0, 0]
TTH[0, 2, 0, 0, 1, 1, 0, 2, 0, -1, 0]
TTH[0, 2, 0, 0, 1, 1, 0, 2, 0, 0, -1]
TTH[0, 2, 0, 0, 1, 1, 0, 2, 0, 0, 0]
TTH[0, 3, 0, -1, 1, 1, 0, 1, 0, 0, 0]
TTH[0, 3, 0, 0, 1, 1, 0, 1, -1, 0, 0]
TTH[0, 3, 0, 0, 1, 1, 0, 1, 0, 0, 0]
TTH[0, 1, 0, 0, 2, 1, -1, 2, 0, 0, 0]
TTH[0, 1, 0, 0, 2, 1, 0, 1, 0, 0, 0]
TTH[0, 1, 0, 0, 2, 1, 0, 2, 0, -1, 0]
TTH[0, 1, 0, 0, 2, 1, 0, 2, 0, 0, -1]
TTH[0, 1, 0, 0, 2, 1, 0, 2, 0, 0, 0]
TTH[0, 2, 0, -1, 2, 1, 0, 1, 0, 0, 0]
TTH[0, 2, 0, 0, 2, 1, 0, 1, -1, 0, 0]
TTH[0, 2, 0, 0, 2, 1, 0, 1, 0, 0, 0]
TTH[0, 2, 0, 0, 1, 2, -1, 2, 0, 0, 0]
TTH[0, 2, 0, 0, 1, 2, 0, 1, 0, 0, 0]
TTH[0, 2, 0, 0, 1, 2, 0, 2, 0, -1, 0]
TTH[0, 2, 0, 0, 1, 2, 0, 2, 0, 0, -1]
TTH[0, 2, 0, 0, 1, 2, 0, 2, 0, 0, 0]
TTH[0, 3, 0, -1, 1, 2, 0, 1, 0, 0, 0]
TTH[0, 3, 0, 0, 1, 2, 0, 1, -1, 0, 0]
TTH[0, 3, 0, 0, 1, 2, 0, 1, 0, 0, 0]
TTH[1, 1, -1, 2, 1, 0, 1, 0, 0, 0, 0]
TTH[1, 1, 0, 1, 1, -1, 2, 0, 0, 0, 0]
TTH[1, 1, 0, 1, 1, 0, 1, 0, 0, 0, 0]
TTH[1, 1, 0, 1, 1, 0, 2, -1, 0, 0, 0]
TTH[1, 1, 0, 1, 1, 0, 2, 0, 0, -1, 0]
TTH[1, 1, 0, 1, 1, 0, 2, 0, 0, 0, -1]
TTH[1, 1, 0, 1, 1, 0, 2, 0, 0, 0, 0]
TTH[1, 1, 0, 2, 1, 0, 1, 0, -1, 0, 0]
TTH[1, 1, 0, 2, 1, 0, 1, 0, 0, 0, 0]
TTH[1, 2, 0, 0, 1, 0, 1, 0, 0, 0, 0]
TTH[1, 2, 0, 1, 1, 0, 1, 0, -1, 0, 0]
TTH[1, 2, 0, 1, 1, 0, 1, 0, 0, 0, 0]
TTH[1, 0, 0, 2, 2, 0, 1, 0, 0, 0, 0]
TTH[1, 1, -1, 2, 2, 0, 1, 0, 0, 0, 0]
TTH[1, 1, 0, 1, 2, -1, 2, 0, 0, 0, 0]
TTH[1, 1, 0, 1, 2, 0, 1, 0, 0, 0, 0]
TTH[1, 1, 0, 1, 2, 0, 2, -1, 0, 0, 0]
TTH[1, 1, 0, 1, 2, 0, 2, 0, 0, -1, 0]
TTH[1, 1, 0, 1, 2, 0, 2, 0, 0, 0, -1]
TTH[1, 1, 0, 1, 2, 0, 2, 0, 0, 0, 0]
TTH[1, 1, 0, 2, 2, 0, 1, 0, -1, 0, 0]
TTH[1, 1, 0, 2, 2, 0, 1, 0, 0, 0, 0]
TTH[1, 2, 0, 0, 2, 0, 1, 0, 0, 0, 0]
TTH[1, 2, 0, 1, 2, 0, 1, 0, -1, 0, 0]
TTH[1, 2, 0, 1, 2, 0, 1, 0, 0, 0, 0]
TTH[0, 0, 0, 2, 1, 1, 1, 0, 0, 0, 0]
TTH[0, 1, -1, 2, 1, 1, 1, 0, 0, 0, 0]
TTH[0, 1, 0, 1, 1, 0, 2, 0, 0, 0, 0]
TTH[0, 1, 0, 1, 1, 1, 1, 0, 0, 0, 0]
TTH[0, 1, 0, 1, 1, 1, 2, -1, 0, 0, 0]
TTH[0, 1, 0, 1, 1, 1, 2, 0, 0, -1, 0]
TTH[0, 1, 0, 1, 1, 1, 2, 0, 0, 0, -1]
TTH[0, 1, 0, 1, 1, 1, 2, 0, 0, 0, 0]
TTH[0, 1, 0, 2, 1, 1, 1, 0, -1, 0, 0]
TTH[0, 1, 0, 2, 1, 1, 1, 0, 0, 0, 0]
TTH[0, 2, 0, 0, 1, 1, 1, 0, 0, 0, 0]
TTH[0, 2, 0, 1, 1, 1, 1, 0, -1, 0, 0]
TTH[0, 2, 0, 1, 1, 1, 1, 0, 0, 0, 0]
TTH[0, 0, 0, 2, 2, 1, 1, 0, 0, 0, 0]
TTH[0, 1, -1, 2, 2, 1, 1, 0, 0, 0, 0]
TTH[0, 1, 0, 1, 2, 1, 1, 0, 0, 0, 0]
TTH[0, 1, 0, 1, 2, 1, 2, -1, 0, 0, 0]
TTH[0, 1, 0, 1, 2, 1, 2, 0, 0, -1, 0]
TTH[0, 1, 0, 1, 2, 1, 2, 0, 0, 0, -1]
TTH[0, 1, 0, 1, 2, 1, 2, 0, 0, 0, 0]
TTH[0, 1, 0, 2, 2, 1, 1, 0, -1, 0, 0]
TTH[0, 1, 0, 2, 2, 1, 1, 0, 0, 0, 0]
TTH[0, 2, 0, 0, 2, 1, 1, 0, 0, 0, 0]
TTH[0, 2, 0, 1, 2, 1, 1, 0, -1, 0, 0]
TTH[0, 2, 0, 1, 2, 1, 1, 0, 0, 0, 0]
TTH[1, 1, -1, 2, 0, 1, 0, 1, 0, 0, 0]
TTH[1, 1, 0, 1, 0, 1, -1, 2, 0, 0, 0]
TTH[1, 1, 0, 1, 0, 1, 0, 1, 0, 0, 0]
TTH[1, 1, 0, 1, 0, 1, 0, 2, 0, -1, 0]
TTH[1, 1, 0, 1, 0, 1, 0, 2, 0, 0, -1]
TTH[1, 1, 0, 1, 0, 1, 0, 2, 0, 0, 0]
TTH[1, 1, 0, 2, 0, 1, 0, 1, -1, 0, 0]
TTH[1, 1, 0, 2, 0, 1, 0, 1, 0, 0, 0]
TTH[1, 2, 0, 0, 0, 1, 0, 1, 0, 0, 0]
TTH[1, 2, 0, 1, 0, 1, 0, 1, -1, 0, 0]
TTH[1, 2, 0, 1, 0, 1, 0, 1, 0, 0, 0]
TTH[0, 0, 0, 2, 1, 1, 0, 1, 0, 0, 0]
TTH[0, 1, -1, 2, 1, 1, 0, 1, 0, 0, 0]
TTH[0, 1, 0, 1, 1, 1, -1, 2, 0, 0, 0]
TTH[0, 1, 0, 1, 1, 1, 0, 1, 0, 0, 0]
TTH[0, 1, 0, 1, 1, 1, 0, 2, 0, -1, 0]
TTH[0, 1, 0, 1, 1, 1, 0, 2, 0, 0, -1]
TTH[0, 1, 0, 1, 1, 1, 0, 2, 0, 0, 0]
TTH[0, 1, 0, 2, 1, 1, 0, 1, -1, 0, 0]
TTH[0, 1, 0, 2, 1, 1, 0, 1, 0, 0, 0]
TTH[0, 2, 0, 1, 1, 1, 0, 1, -1, 0, 0]
TTH[0, 2, 0, 1, 1, 1, 0, 1, 0, 0, 0]
TTH[1, 1, 0, 0, 1, -1, 2, 1, 0, 0, 0]
TTH[1, 1, 0, 0, 1, 0, 0, 2, 0, 0, 0]
TTH[1, 1, 0, 0, 1, 0, 1, 1, 0, 0, 0]
TTH[1, 1, 0, 0, 1, 0, 1, 2, 0, -1, 0]
TTH[1, 1, 0, 0, 1, 0, 1, 2, 0, 0, -1]
TTH[1, 1, 0, 0, 1, 0, 1, 2, 0, 0, 0]
TTH[1, 1, 0, 0, 1, 0, 2, 0, 0, 0, 0]
TTH[1, 1, 0, 0, 1, 0, 2, 1, 0, -1, 0]
TTH[1, 1, 0, 0, 1, 0, 2, 1, 0, 0, -1]
TTH[1, 1, 0, 0, 1, 0, 2, 1, 0, 0, 0]
TTH[1, 2, 0, -1, 1, 0, 1, 1, 0, 0, 0]
TTH[1, 2, 0, 0, 1, 0, 1, 1, -1, 0, 0]
TTH[1, 2, 0, 0, 1, 0, 1, 1, 0, 0, 0]
TTH[1, 1, 0, 0, 2, -1, 2, 1, 0, 0, 0]
TTH[1, 1, 0, 0, 2, 0, 1, 1, 0, 0, 0]
TTH[1, 1, 0, 0, 2, 0, 1, 2, 0, -1, 0]
TTH[1, 1, 0, 0, 2, 0, 1, 2, 0, 0, -1]
TTH[1, 1, 0, 0, 2, 0, 1, 2, 0, 0, 0]
TTH[1, 1, 0, 0, 2, 0, 2, 0, 0, 0, 0]
TTH[1, 1, 0, 0, 2, 0, 2, 1, 0, -1, 0]
TTH[1, 1, 0, 0, 2, 0, 2, 1, 0, 0, -1]
TTH[1, 1, 0, 0, 2, 0, 2, 1, 0, 0, 0]
TTH[1, 2, 0, -1, 2, 0, 1, 1, 0, 0, 0]
TTH[1, 2, 0, 0, 2, 0, 1, 1, -1, 0, 0]
TTH[1, 2, 0, 0, 2, 0, 1, 1, 0, 0, 0]
TTH[0, 2, 0, 0, 1, 0, 2, 1, 0, 0, 0]
TTH[0, 2, 0, 0, 1, 1, 1, 1, 0, 0, 0]
TTH[0, 2, 0, 0, 1, 1, 1, 2, 0, -1, 0]
TTH[0, 2, 0, 0, 1, 1, 1, 2, 0, 0, -1]
TTH[0, 2, 0, 0, 1, 1, 1, 2, 0, 0, 0]
TTH[0, 2, 0, 0, 1, 1, 2, 0, 0, 0, 0]
TTH[0, 2, 0, 0, 1, 1, 2, 1, 0, -1, 0]
TTH[0, 2, 0, 0, 1, 1, 2, 1, 0, 0, -1]
TTH[0, 2, 0, 0, 1, 1, 2, 1, 0, 0, 0]
TTH[0, 3, 0, -1, 1, 1, 1, 1, 0, 0, 0]
TTH[0, 3, 0, 0, 1, 1, 1, 1, -1, 0, 0]
TTH[0, 3, 0, 0, 1, 1, 1, 1, 0, 0, 0]
TTH[0, 1, 0, 0, 2, 0, 2, 1, 0, 0, 0]
TTH[0, 1, 0, 0, 2, 1, 1, 1, 0, 0, 0]
TTH[0, 1, 0, 0, 2, 1, 1, 2, 0, -1, 0]
TTH[0, 1, 0, 0, 2, 1, 1, 2, 0, 0, -1]
TTH[0, 1, 0, 0, 2, 1, 1, 2, 0, 0, 0]
TTH[0, 1, 0, 0, 2, 1, 2, 0, 0, 0, 0]
TTH[0, 1, 0, 0, 2, 1, 2, 1, 0, -1, 0]
TTH[0, 1, 0, 0, 2, 1, 2, 1, 0, 0, -1]
TTH[0, 1, 0, 0, 2, 1, 2, 1, 0, 0, 0]
TTH[0, 2, 0, -1, 2, 1, 1, 1, 0, 0, 0]
TTH[0, 2, 0, 0, 2, 1, 1, 1, -1, 0, 0]
TTH[0, 2, 0, 0, 2, 1, 1, 1, 0, 0, 0]
TTH[0, 0, 0, 2, 1, 1, 1, 1, 0, 0, 0]
TTH[0, 1, -1, 2, 1, 1, 1, 1, 0, 0, 0]
TTH[0, 1, 0, 1, 1, 0, 2, 1, 0, 0, 0]
TTH[0, 1, 0, 1, 1, 1, 1, 1, 0, 0, 0]
TTH[0, 1, 0, 1, 1, 1, 1, 2, 0, -1, 0]
TTH[0, 1, 0, 1, 1, 1, 1, 2, 0, 0, -1]
TTH[0, 1, 0, 1, 1, 1, 1, 2, 0, 0, 0]
TTH[0, 1, 0, 1, 1, 1, 2, 1, 0, -1, 0]
TTH[0, 1, 0, 1, 1, 1, 2, 1, 0, 0, -1]
TTH[0, 1, 0, 1, 1, 1, 2, 1, 0, 0, 0]
TTH[0, 1, 0, 2, 1, 1, 1, 1, -1, 0, 0]
TTH[0, 1, 0, 2, 1, 1, 1, 1, 0, 0, 0]
TTH[0, 2, 0, 1, 1, 1, 1, 1, -1, 0, 0]
TTH[0, 2, 0, 1, 1, 1, 1, 1, 0, 0, 0]
TTH[1, 0, 0, 2, 1, 1, 1, 1, 0, 0, 0]
TTH[1, 1, -1, 2, 1, 1, 1, 1, 0, 0, 0]
TTH[1, 1, 0, 1, 1, 0, 2, 1, 0, 0, 0]
TTH[1, 1, 0, 1, 1, 1, 0, 2, 0, 0, 0]
TTH[1, 1, 0, 1, 1, 1, 1, 1, 0, 0, 0]
TTH[1, 1, 0, 1, 1, 1, 1, 2, 0, -1, 0]
TTH[1, 1, 0, 1, 1, 1, 1, 2, 0, 0, -1]
TTH[1, 1, 0, 1, 1, 1, 1, 2, 0, 0, 0]
TTH[1, 1, 0, 1, 1, 1, 2, 0, 0, 0, 0]
TTH[1, 1, 0, 1, 1, 1, 2, 1, 0, -1, 0]
TTH[1, 1, 0, 1, 1, 1, 2, 1, 0, 0, -1]
TTH[1, 1, 0, 1, 1, 1, 2, 1, 0, 0, 0]
TTH[1, 1, 0, 2, 1, 1, 1, 1, -1, 0, 0]
TTH[1, 1, 0, 2, 1, 1, 1, 1, 0, 0, 0]
TTH[1, 2, 0, 0, 1, 1, 1, 1, 0, 0, 0]
TTH[1, 2, 0, 1, 1, 1, 1, 1, -1, 0, 0]
TTH[1, 2, 0, 1, 1, 1, 1, 1, 0, 0, 0]
TTH[1, 0, 0, 1, 1, 1, 1, 1, 0, 0, 0]
TTH[1, 0, 0, 2, 1, 1, 1, 1, -1, 0, 0]
TTH[1, 1, -1, 1, 1, 1, 1, 1, 0, 0, 0]
TTH[1, 1, -1, 2, 1, 1, 1, 1, -1, 0, 0]
TTH[1, 1, 0, 0, 1, 1, 1, 1, 0, 0, 0]
TTH[1, 1, 0, 1, 1, 0, 2, 1, -1, 0, 0]
TTH[1, 1, 0, 1, 1, 1, 0, 2, -1, 0, 0]
TTH[1, 1, 0, 1, 1, 1, 1, 1, -1, 0, 0]
TTH[1, 1, 0, 1, 1, 1, 1, 2, -1, -1, 0]
TTH[1, 1, 0, 1, 1, 1, 1, 2, -1, 0, -1]
TTH[1, 1, 0, 1, 1, 1, 1, 2, -1, 0, 0]
TTH[1, 1, 0, 1, 1, 1, 2, 0, -1, 0, 0]
TTH[1, 1, 0, 1, 1, 1, 2, 1, -1, -1, 0]
TTH[1, 1, 0, 1, 1, 1, 2, 1, -1, 0, -1]
TTH[1, 1, 0, 1, 1, 1, 2, 1, -1, 0, 0]
TTH[1, 1, 0, 2, 1, 1, 1, 1, -2, 0, 0]
TTH[1, 2, 0, 0, 1, 1, 1, 1, -1, 0, 0]
TTH[1, 2, 0, 1, 1, 1, 1, 1, -2, 0, 0]
TTH[1, 0, 0, 2, 1, 1, 1, 1, 0, 0, -1]
TTH[1, 1, -1, 2, 1, 1, 1, 1, 0, 0, -1]
TTH[1, 1, 0, 1, 1, 0, 2, 1, 0, 0, -1]
TTH[1, 1, 0, 1, 1, 1, 0, 1, 0, 0, 0]
TTH[1, 1, 0, 1, 1, 1, 0, 2, 0, 0, -1]
TTH[1, 1, 0, 1, 1, 1, 1, 0, 0, 0, 0]
TTH[1, 1, 0, 1, 1, 1, 1, 1, 0, 0, -1]
TTH[1, 1, 0, 1, 1, 1, 1, 2, 0, -1, -1]
TTH[1, 1, 0, 1, 1, 1, 1, 2, 0, 0, -2]
TTH[1, 1, 0, 1, 1, 1, 2, 0, 0, 0, -1]
TTH[1, 1, 0, 1, 1, 1, 2, 1, 0, -1, -1]
TTH[1, 1, 0, 1, 1, 1, 2, 1, 0, 0, -2]
TTH[1, 1, 0, 2, 1, 1, 1, 1, -1, 0, -1]
TTH[1, 1, 0, 2, 1, 1, 1, 1, 0, 0, -1]
TTH[1, 2, 0, 0, 1, 1, 1, 1, 0, 0, -1]
TTH[1, 2, 0, 1, 1, 1, 1, 1, -1, 0, -1]
TTH[1, 2, 0, 1, 1, 1, 1, 1, 0, 0, -1]