379 1648057327041167995 1 7
3 5 4 6 8 0 1 

508 15966115322890729538 1 7
3 2 8 7 4 5 6 

477 4601105388567891243 1 7
3 7 4 6 2 8 0 

382 5282429662605780515 1 7
3 5 4 6 8 2 1 

445 7536790451829064084 1 7
3 7 4 5 2 8 0 

415 15916952074019819776 1 7
3 7 4 2 8 0 1 

446 16594818845035787126 1 7
3 7 4 5 2 8 1 

254 12043157279489749696 1 7
3 2 1 7 4 5 6 

443 17537715762359776238 1 7
3 7 4 5 8 0 1 

501 11919117798267700064 1 7
8 2 0 7 4 5 6 

463 14403612977289449365 1 7
3 7 6 2 8 0 1 

506 7749922644323250947 1 7
3 8 1 7 4 5 6 

319 7709918135050045019 1 7
3 5 4 8 2 0 1 

499 15107672862724868197 1 7
8 0 1 7 4 5 6 

475 12698791195106969748 1 7
3 7 4 6 8 0 1 

367 8710498287711983322 1 7
3 5 6 8 2 0 1 

375 1519119370510792586 1 7
5 4 6 8 2 0 1 

494 15105898680360112668 1 7
3 7 5 6 2 8 1 

502 3664377830545586425 1 7
8 2 1 7 4 5 6 

431 10164628023107912213 1 7
3 7 5 2 8 0 1 

191 13940822536106478281 1 7
3 7 4 5 2 0 1 

493 16066971295532455758 1 7
3 7 5 6 2 8 0 

487 9628393412606741376 1 7
5 7 6 8 2 0 1 

505 104882792116594447 1 7
3 8 0 7 4 5 6 

478 3239068403666265912 1 7
3 7 4 6 2 8 1 

381 1145122620425502947 1 7
3 5 4 6 8 2 0 

251 3344762228766012487 1 7
3 0 1 7 4 5 6 

471 9138775436811581335 1 7
4 7 6 8 2 0 1 

491 1385018802800073755 1 7
3 8 0 1 7 5 6 

439 15294995725505024247 1 7
7 4 5 8 2 0 1 

253 10104670024963397852 1 7
3 2 0 7 4 5 6 

127 7385166815841885847 1 7
3 5 4 6 2 0 1 

351 5060201068509084541 1 7
3 4 6 8 2 0 1 

247 3979971008150562737 2 7
0 2 1 7 4 5 6 
2 0 1 7 4 5 6 

239 1701688223820584972 1 7
3 2 0 1 7 5 6 

223 7629098507453418473 1 7
3 7 4 6 2 0 1 

497 6009048821496728137 2 6
0 8 7 4 5 6 
8 0 7 4 5 6 

444 2924948005693487102 1 6
3 2 8 7 4 5 

438 17605250399697671687 1 6
7 4 5 8 2 1 

427 17544747048887108564 1 6
3 7 5 8 0 1 

489 10889474822956807957 1 6
3 8 0 7 5 6 

414 11849546203119009039 1 6
3 7 4 2 8 1 

490 17743509341082640595 1 6
3 8 1 7 5 6 

399 1961121145612157339 2 6
3 7 2 8 0 1 
7 3 2 8 0 1 

500 18356400078424709900 2 6
2 8 7 4 5 6 
8 2 7 4 5 6 

492 113831845492968479 1 6
3 2 8 7 5 6 

442 14167400241305268793 1 6
3 8 1 7 4 5 

413 12073247708556092689 1 6
3 7 4 2 8 0 

461 9917263595701091000 1 6
3 7 6 2 8 0 

342 7159432294230267955 2 5
4 6 8 2 1 
6 4 8 2 1 

85 2129405895733769163 8 4
0 2 4 6 
0 2 6 4 
2 0 4 6 
2 0 6 4 
4 6 0 2 
4 6 2 0 
6 4 2 0 
6 4 0 2 

122 14386507804125223922 2 5
1 3 5 4 6 
3 1 5 4 6 

93 3096259721731554907 4 5
3 2 0 4 6 
3 0 2 6 4 
3 4 6 2 0 
3 6 4 0 2 

350 11849555921840096199 1 6
3 4 6 8 2 1 

220 18021006612947846071 2 5
2 3 7 4 6 
3 2 7 4 6 

62 10490584851108267420 1 5
3 5 4 2 1 

143 15367803424496475648 2 5
3 7 2 0 1 
7 3 2 0 1 

186 9379715195935412206 2 5
1 3 7 4 5 
3 1 7 4 5 

59 11013208975758537626 1 5
3 5 4 0 1 

316 10986234455824793862 1 5
3 5 4 8 2 

151 8209960272768920054 4 5
4 7 2 0 1 
4 7 0 2 1 
7 4 2 0 1 
7 4 0 2 1 

408 10615501796921383195 2 4
3 8 7 4 
8 3 7 4 

234 6089005667776625453 2 5
1 3 5 7 6 
3 1 5 7 6 

107 14273441993227849518 1 5
3 5 6 0 1 

364 6375716598656457467 1 5
3 5 6 8 2 

236 7372295959077040152 2 5
2 3 7 5 6 
3 2 7 5 6 

109 14912737384515377682 1 5
3 5 6 2 0 

366 14119415987044402466 1 6
3 5 6 8 2 1 

124 9209836207856160305 2 5
2 3 5 6 4 
3 2 5 6 4 

61 16770391250302054758 1 5
3 5 4 0 2 

318 14248242621728872144 1 6
3 5 4 8 2 1 

110 13961543135984695147 1 5
3 5 6 2 1 

206 847764005648117936 2 5
3 2 1 7 6 
3 7 6 2 1 

79 13022397277119952093 2 5
3 6 2 0 1 
6 3 2 0 1 

121 9394499992953283316 2 5
0 3 5 4 6 
3 0 5 4 6 

378 3488301638589519654 1 6
3 8 1 5 4 6 

47 6580033794258028527 1 5
5 3 2 0 1 

158 7317486548223698823 1 5
3 7 4 2 1 

31 13022397277119952093 2 5
3 4 0 2 1 
4 3 0 2 1 

341 3100965067402335622 2 5
4 6 8 2 0 
6 4 8 2 0 

87 12580475460658610921 4 5
4 6 2 0 1 
4 6 0 2 1 
6 4 2 0 1 
6 4 0 2 1 

344 10408689313448834003 2 4
3 8 4 6 
8 3 4 6 

94 15297257226971509578 1 5
3 6 4 2 1 

117 2867710017233140827 2 5
0 2 5 4 6 
2 0 5 4 6 

374 11929085891460432333 1 6
5 4 6 8 2 1 

218 7435564180591037543 2 5
1 3 4 7 6 
3 1 4 7 6 

91 15297257226971509578 1 5
3 4 6 0 1 

348 15742844462416461195 1 5
3 8 2 4 6 

55 12865382316470042960 2 5
5 4 2 0 1 
5 4 0 2 1 

312 17714125130428395757 2 4
3 8 5 4 
8 3 5 4 

103 2175548093272653113 2 5
5 6 2 0 1 
5 6 0 2 1 

360 9149545495217156344 2 4
3 8 5 6 
8 3 5 6 

402 7385924460795004329 4 4
4 7 1 8 
4 7 8 1 
7 4 1 8 
7 4 8 1 

404 10161749298811874136 4 4
4 7 2 8 
4 7 8 2 
7 4 2 8 
7 4 8 2 

181 10391502004255153157 2 5
0 2 7 4 5 
2 0 7 4 5 

308 4109152470240868699 2 4
5 4 2 8 
5 4 8 2 

401 7293558237434127593 4 4
4 7 0 8 
4 7 8 0 
7 4 0 8 
7 4 8 0 

155 2350337650266682838 2 5
3 4 7 1 0 
3 7 4 0 1 

412 11978335608779685817 1 5
3 7 4 2 8 

282 416498072641443941 2 4
3 4 8 1 
4 3 8 1 

25 7450046853052343298 6 3
0 3 4 
0 4 3 
3 0 4 
3 4 0 
4 3 0 
4 0 3 

157 17648940530632490042 1 5
3 7 4 2 0 

284 5282225985659897090 2 4
3 4 8 2 
4 3 8 2 

27 16915825558928311941 2 4
3 4 0 1 
4 3 0 1 

173 8673697470797932200 1 5
3 2 0 7 5 

430 11031608555496097780 1 6
3 7 5 2 8 1 

300 16792400331019112928 1 4
5 3 8 2 

43 1010478591166117792 1 4
5 3 0 1 

46 11153052160014626825 1 4
5 3 2 1 

303 11052518899806546653 1 6
5 3 8 2 0 1 

105 595418421429957360 2 4
0 3 5 6 
3 0 5 6 

362 7520973513614640125 1 5
3 5 6 8 1 

172 11740605767612434786 2 4
2 3 7 5 
3 2 7 5 

429 13731519875949595578 1 6
3 7 5 2 8 0 

45 18317557338625684868 1 4
5 3 2 0 

302 3905696604378505549 1 5
5 3 8 2 1 

213 714753714467969595 2 5
0 2 4 7 6 
2 0 4 7 6 

470 16974188213090647792 1 6
4 7 6 8 2 1 

340 5445672522781340490 4 4
2 8 6 4 
2 8 4 6 
8 2 6 4 
8 2 4 6 

92 17485282006998356996 2 4
2 3 6 4 
3 2 6 4 

349 17387814165147453432 1 6
3 4 6 8 2 0 

328 15872179058582409548 6 3
3 6 8 
3 8 6 
6 3 8 
6 8 3 
8 6 3 
8 3 6 

217 12900511042393852381 2 5
0 3 4 7 6 
3 0 4 7 6 

474 11359748410379895717 1 6
3 8 1 7 4 6 

90 14780842317445826173 4 4
1 3 4 6 
1 3 6 4 
3 1 4 6 
3 1 6 4 

347 3840685348856278825 1 6
3 4 6 8 0 1 

149 11956288534852875315 4 4
4 7 0 2 
4 7 2 0 
7 4 2 0 
7 4 0 2 

406 12883552636863428359 2 5
4 7 8 2 1 
7 4 8 2 1 

205 4279600758053135232 1 5
3 2 0 7 6 

462 7669066751375711500 1 6
3 7 6 2 8 1 

332 6841147178141606708 2 4
3 6 8 2 
6 3 8 2 

78 16915825558928311941 2 4
3 6 2 1 
6 3 2 1 

335 6422482224832046998 2 6
3 6 8 2 0 1 
6 3 8 2 0 1 

338 15926567010490264862 4 4
1 8 6 4 
1 8 4 6 
8 1 6 4 
8 1 4 6 

101 15129736510406456524 2 4
5 6 0 2 
5 6 2 0 

358 15671613376526432424 1 5
5 6 8 2 1 

337 12255380005644742829 4 4
0 8 6 4 
0 8 4 6 
8 0 6 4 
8 0 4 6 

60 17920581861003526567 2 4
2 3 5 4 
3 2 5 4 

317 3898056500029120812 1 6
3 5 4 8 2 0 

203 13330107374337616242 2 5
3 1 0 7 6 
3 7 6 1 0 

460 3490172295102836296 1 5
3 7 6 2 8 

330 4981856104952298453 2 4
3 6 8 1 
6 3 8 1 

76 7450046853052343298 6 3
2 3 6 
2 6 3 
3 2 6 
3 6 2 
6 3 2 
6 2 3 

333 6417914356696052909 2 5
3 6 8 2 0 
6 3 8 2 0 

295 11468222703209941885 1 5
5 8 2 0 1 

41 11764133555922381724 2 3
5 3 0 
5 0 3 

298 5086407732239513643 1 4
5 3 8 1 

289 6984426890565741602 2 3
5 0 8 
5 8 0 

307 13809762859003898139 1 5
5 4 8 0 1 

53 17739328069301670208 2 4
5 4 2 0 
5 4 0 2 

310 13851279664970020807 1 5
5 4 8 2 1 

171 10590805730288858460 1 5
3 5 7 1 0 

428 287787666643275536 1 5
3 7 5 2 8 

44 1865981514576648782 2 3
5 3 2 
5 2 3 

301 14107945919374795434 1 5
5 3 8 2 0 

392 8150904839867293510 6 3
3 7 8 
3 8 7 
7 3 8 
7 8 3 
8 7 3 
8 3 7 

138 7450046853052343298 6 3
1 3 7 
1 7 3 
3 1 7 
3 7 1 
7 3 1 
7 1 3 

395 11269436488809022997 2 5
3 7 8 0 1 
7 3 8 0 1 

156 14112504161456697268 2 4
2 3 7 4 
3 2 7 4 

29 17485282006998356996 2 4
3 4 0 2 
4 3 0 2 

286 14723681477943979725 2 5
3 4 8 2 1 
4 3 8 2 1 

417 12107110696274908962 2 4
5 7 0 8 
5 7 8 0 

290 16649205599509291655 2 3
5 1 8 
5 8 1 

394 6150889993368316057 2 4
3 7 8 1 
7 3 8 1 

140 16222272701258046119 6 3
2 3 7 
2 7 3 
3 2 7 
3 7 2 
7 3 2 
7 2 3 

397 15029498787978688680 2 5
3 7 2 8 0 
7 3 2 8 0 

89 17485282006998356996 2 4
0 3 4 6 
3 0 4 6 

346 12976597048810162464 1 5
3 8 1 4 6 

204 11387468329765439096 2 4
2 3 7 6 
3 2 7 6 

77 17485282006998356996 2 4
3 6 2 0 
6 3 2 0 

334 1985671053447194549 2 5
3 6 8 2 1 
6 3 8 2 1 

393 5945626494202917293 2 4
3 7 8 0 
7 3 8 0 

139 16915825558928311941 2 4
3 7 1 0 
7 3 1 0 

396 8472354850167754705 2 4
3 7 2 8 
7 3 2 8 

106 7132876149690342784 2 4
1 3 5 6 
3 1 5 6 

363 7351137729949698309 1 6
3 5 6 8 0 1 

292 5370662564744223111 2 3
5 2 8 
5 8 2 

165 10473217019804503344 2 4
5 7 0 2 
5 7 2 0 

422 401184532715524255 1 5
5 7 8 2 1 

57 17189682624467920040 2 4
0 3 5 4 
3 0 5 4 

314 15081572586027983625 1 5
3 5 4 8 1 

420 9343707739623864026 2 4
5 7 2 8 
5 7 8 2 

39 4839244693016667244 2 4
5 2 0 1 
5 0 2 1 

296 13697123472197134393 2 3
5 3 8 
5 8 3 

293 9849835646606402001 1 4
5 8 2 0 

58 171223396638280095 2 4
1 3 5 4 
3 1 5 4 

315 3634667648056866214 1 6
3 5 4 8 0 1 

353 8055129563260142646 2 4
5 6 0 8 
5 6 8 0 

167 184710443410659232 2 5
5 7 2 0 1 
5 7 0 2 1 

424 5973228431019225626 2 4
3 8 7 5 
8 3 7 5 

294 14287861591436027339 1 4
5 8 2 1 

37 5248093189178754216 2 3
5 2 0 
5 0 2 

108 1439726471627088633 2 4
2 3 5 6 
3 2 5 6 

365 17652279125031113269 1 6
3 5 6 8 2 0 

297 9338056082334162673 1 4
5 3 8 0 

170 11406685056139298122 2 4
1 3 5 7 
3 1 5 7 

280 11473083630852983955 6 3
3 4 8 
3 8 4 
4 3 8 
4 8 3 
8 4 3 
8 3 4 

153 3935206522276090397 2 4
0 3 4 7 
3 0 4 7 

410 12807028644251522344 1 5
3 7 4 8 1 

141 13453857032874511736 2 4
3 7 2 0 
7 3 2 0 

398 14797933577725275271 2 5
3 7 2 8 1 
7 3 2 8 1 

418 14133810726406229522 2 4
5 7 1 8 
5 7 8 1 

291 10459556130978344563 1 4
5 8 0 1 

281 12021799162982025530 2 4
3 4 8 0 
4 3 8 0 

154 3935206522276090397 2 4
1 3 7 4 
3 1 7 4 

411 8138521072569366816 1 6
3 7 4 8 0 1 

142 11387468329765439096 2 4
3 7 2 1 
7 3 2 1 

42 6732394987902025521 2 3
5 3 1 
5 1 3 

299 11333369322945577356 1 5
5 3 8 0 1 

169 13177348821512752629 2 4
0 3 5 7 
3 0 5 7 

426 3715278793081292777 1 5
3 8 1 7 5 

456 16779518229979497326 2 4
3 8 7 6 
8 3 7 6 

202 16915825558928311941 2 4
1 3 7 6 
3 1 7 6 

459 9416910124948438221 1 6
3 7 6 8 0 1 

329 8583824903979149363 2 4
3 6 8 0 
6 3 8 0 

306 559934913521507383 2 4
5 4 1 8 
5 4 8 1 

354 16098457020531007092 2 4
5 6 1 8 
5 6 8 1 

229 15337027918960849436 2 5
0 2 5 7 6 
2 0 5 7 6 

486 7040421493460608374 1 6
5 7 6 8 2 1 

356 93175476927783544 2 4
5 6 2 8 
5 6 8 2 

305 2357718574788548897 2 4
5 4 0 8 
5 4 8 0 

174 8463889526449348457 1 5
3 2 1 7 5 

372 16506319554145066246 2 5
2 8 5 4 6 
8 2 5 4 6 

188 9533513087772121469 2 5
2 3 7 4 5 
3 2 7 4 5 

369 17130910971314843294 2 5
0 8 5 4 6 
8 0 5 4 6 

331 8090590600179240333 2 5
3 6 8 0 1 
6 3 8 0 1 

309 8135403240013689360 1 5
5 4 8 2 0 

339 18218190808329489436 2 5
4 6 8 0 1 
6 4 8 0 1 

185 152713947918949361 2 5
0 3 7 4 5 
3 0 7 4 5 

233 12774574658639621172 2 5
0 3 5 7 6 
3 0 5 7 6 

357 14735886179889166262 1 5
5 6 8 2 0 

370 841604712376407329 2 5
1 8 5 4 6 
8 1 5 4 6 

345 3860290129854009346 1 5
3 8 0 4 6 

355 17889588238354309159 1 5
5 6 8 0 1 

283 12329996914737063642 2 5
3 4 8 0 1 
4 3 8 0 1 

285 14870578971121512409 2 5
3 4 8 2 0 
4 3 8 2 0 

361 7613157892266470256 1 5
3 5 6 8 0 

313 6947423907101549388 1 5
3 5 4 8 0 

465 8281379218087372829 2 5
0 8 4 7 6 
8 0 4 7 6 

403 16654419313947366491 2 5
4 7 8 0 1 
7 4 8 0 1 

468 1106420595559942746 2 5
2 8 4 7 6 
8 2 4 7 6 

466 14578943776854936394 2 5
1 8 4 7 6 
8 1 4 7 6 

481 246829073456065997 2 5
0 8 5 7 6 
8 0 5 7 6 

482 13560502957633270269 2 5
1 8 5 7 6 
8 1 5 7 6 

376 4058018191251444753 2 5
3 8 5 4 6 
8 3 5 4 6 

119 17963498707881960936 2 6
5 4 6 0 2 1 
5 4 6 2 0 1 

421 6317822882209888195 1 5
5 7 8 2 0 

405 11577766442461050673 2 5
4 7 8 2 0 
7 4 8 2 0 

433 7970302135250308931 2 5
0 8 7 4 5 
8 0 7 4 5 

436 17007601277123776718 2 5
2 8 7 4 5 
8 2 7 4 5 

434 12157166708492967111 2 5
1 8 7 4 5 
8 1 7 4 5 

484 8603149337178406713 2 5
2 8 5 7 6 
8 2 5 7 6 

472 259333041541488349 2 5
3 8 7 4 6 
8 3 7 4 6 

215 18385545191066864021 2 6
4 7 6 0 2 1 
4 7 6 2 0 1 

419 10126220059572580819 1 5
5 7 8 0 1 

458 141428324018070260 1 5
3 8 1 7 6 

488 16213158210797555757 2 5
3 8 7 5 6 
8 3 7 5 6 

231 4810671738477920486 2 6
5 7 6 0 2 1 
5 7 6 2 0 1 

457 578744108599092280 1 5
3 8 0 7 6 

409 11665357366367284845 1 5
3 7 4 8 0 

440 1891805105289838149 2 5
3 8 7 4 5 
8 3 7 4 5 

183 2997002019614092608 2 6
7 4 5 2 0 1 
7 4 5 0 2 1 

425 9454063687204235381 1 5
3 8 0 7 5 

123 18063448251441177514 1 6
3 0 1 5 4 6 

380 6667617565831975859 1 6
3 8 2 5 4 6 

125 3829324437637952464 1 6
3 2 0 5 4 6 

207 16064160309233171839 1 6
3 7 6 2 0 1 

222 5217430542162128065 1 6
3 2 1 7 4 6 

63 5154909182417252875 1 6
3 5 4 0 2 1 

111 11627690723961464689 1 6
3 5 6 2 0 1 

238 18380715949707589369 1 6
3 2 1 7 5 6 

95 9458712646360393009 2 6
3 4 6 2 0 1 
3 6 4 0 2 1 

159 10263420738138568801 1 6
3 7 4 2 0 1 

245 13113972634164532465 2 6
0 2 7 4 5 6 
2 0 7 4 5 6 

237 15437063987726998108 1 6
3 2 0 7 5 6 

219 7117464670546091626 1 6
3 1 0 4 7 6 

476 6793532842646566499 1 6
3 2 8 7 4 6 

189 18019330614515206344 1 6
3 2 0 7 4 5 

187 7786774196081761380 1 6
3 0 1 7 4 5 

221 9140280764290049085 1 6
3 2 0 7 4 6 

371 18049363979863349011 1 6
5 4 6 8 0 1 

126 8161281617171981321 1 6
3 2 1 5 6 4 

359 8448862769848541656 1 6
5 6 8 2 0 1 

175 2989550157717449459 1 6
3 7 5 2 0 1 

252 15116353225740435489 2 6
2 3 7 4 5 6 
3 2 7 4 5 6 

190 1825848426858855040 1 6
3 2 1 7 4 5 

287 16172007360506798634 2 6
3 4 8 2 0 1 
4 3 8 2 0 1 

377 498165793687234400 1 6
3 8 0 5 4 6 

235 413888533611234410 1 6
3 1 0 5 7 6 

467 7970268391393866349 1 6
4 7 6 8 0 1 

343 9844350001983246242 2 6
4 6 8 2 0 1 
6 4 8 2 0 1 

469 14289271910774990626 1 6
4 7 6 8 2 0 

311 339297295397026837 1 6
5 4 8 2 0 1 

373 1794251048938937151 1 6
5 4 6 8 2 0 

407 15529855597468952266 2 6
4 7 8 2 0 1 
7 4 8 2 0 1 

485 1952000026628478586 1 6
5 7 6 8 2 0 

250 3180156647264857457 2 6
1 3 7 4 5 6 
3 1 7 4 5 6 

423 12763714140694883749 1 6
5 7 8 2 0 1 

483 3399455230482740971 1 6
5 7 6 8 0 1 

435 11655069618490089382 1 6
7 4 5 8 0 1 

437 14622774235279336014 1 6
7 4 5 8 2 0 

498 16902284635304454058 2 6
1 8 7 4 5 6 
8 1 7 4 5 6 

249 8773162274792676259 2 6
0 3 7 4 5 6 
3 0 7 4 5 6 

473 7190719649447921684 1 6
3 8 0 7 4 6 

504 13764097129200916618 2 6
3 8 7 4 5 6 
8 3 7 4 5 6 

441 5160232584897802644 1 6
3 8 0 7 4 5 

