DB[-1,0,0,1,0,0,0,0,0]*(a3)
DB[0,0,0,0,0,0,0,0,0]*(-a4+d-a5-2*a6-a3-a7)
DB[0,0,0,1,0,0,-1,0,0]*(-a3)
DB[0,0,0,0,0,0,-1,1,0]*(-a7)
DB[0,0,0,0,1,0,-1,0,0]*(-a4)
DB[0,0,0,0,1,0,0,0,0]*(s12*a4)
DB[0,0,0,0,0,1,-1,0,0]*(-a5)

DB[0,0,0,0,0,0,0,0,0]*(-a8-a1+d-a2-a3-2*a0)
DB[-1,1,0,0,0,0,0,0,0]*(-a1)
DB[0,0,0,0,0,0,0,0,1]*(a8*mTsq)
DB[-1,0,1,0,0,0,0,0,0]*(-a2)
DB[-1,0,0,0,0,0,0,0,1]*(-a8)
DB[0,0,1,0,0,0,0,0,0]*(s12*a2)
DB[-1,0,0,1,0,0,0,0,0]*(-a3)
DB[0,0,0,1,0,0,-1,0,0]*(a3)

DB[1,-1,0,0,0,0,0,0,0]*(a0)
DB[1,0,-1,0,0,0,0,0,0]*(-a0)
DB[1,0,0,0,0,0,0,0,0]*(s12*a0)
DB[0,0,0,0,0,0,0,0,0]*(a1-a2)
DB[0,1,-1,0,0,0,0,0,0]*(-a1)
DB[0,-1,1,0,0,0,0,0,0]*(a2)
DB[0,0,0,0,0,0,0,0,1]*(a8*s345-a8*s16)
DB[0,-1,0,1,0,0,0,0,0]*(a3)
DB[0,0,-1,1,0,0,0,0,0]*(-a3)
DB[0,0,0,1,0,0,-1,0,0]*(a3)
DB[0,0,0,1,0,0,0,-1,0]*(-a3)
DB[0,0,0,1,0,0,0,0,0]*(s12*a3)
DB[0,-1,0,0,0,0,0,0,1]*(a8)
DB[0,0,-1,0,0,0,0,0,1]*(-a8)

DB[0,-1,0,1,0,0,0,0,0]*(-a3)
DB[0,0,-1,1,0,0,0,0,0]*(a3)
DB[0,0,0,1,0,0,-1,0,0]*(-a3)
DB[0,0,0,1,0,0,0,-1,0]*(a3)
DB[0,0,0,1,0,0,0,0,0]*(-s12*a3)
DB[0,0,0,0,1,0,-1,0,0]*(-a4)
DB[0,0,0,0,1,0,0,-1,0]*(a4)
DB[0,0,0,0,1,0,0,0,0]*(-s12*a4)
DB[0,0,0,0,0,1,-1,0,0]*(-a5)
DB[0,0,0,0,0,1,0,-1,0]*(a5)
DB[0,0,0,0,0,1,0,0,0]*(-s12*a5+s345*a5-a5*s16)
DB[0,0,0,0,0,0,0,0,0]*(-a6+a7)
DB[0,0,0,0,0,0,1,-1,0]*(a6)
DB[0,0,0,0,0,0,-1,1,0]*(-a7)

DB[0,0,0,0,0,0,0,0,0]*(-a1+a0)
DB[1,-1,0,0,0,0,0,0,0]*(-a0)
DB[-1,1,0,0,0,0,0,0,0]*(a1)
DB[0,0,0,0,0,0,0,0,1]*(-a8*mTsq+a8*s16)
DB[-1,0,1,0,0,0,0,0,0]*(a2)
DB[0,-1,1,0,0,0,0,0,0]*(-a2)
DB[0,0,1,0,0,0,0,0,0]*(-s12*a2)
DB[-1,0,0,1,0,0,0,0,0]*(a3)
DB[0,-1,0,1,0,0,0,0,0]*(-a3)
DB[0,0,0,1,-1,0,0,0,0]*(a3)
DB[0,0,0,1,0,0,-1,0,0]*(-2*a3)
DB[0,0,0,1,0,0,0,-1,0]*(a3)
DB[0,0,0,1,0,0,0,0,0]*(-s12*a3)
DB[-1,0,0,0,0,0,0,0,1]*(a8)
DB[0,-1,0,0,0,0,0,0,1]*(-a8)

DB[1,0,-1,0,0,0,0,0,0]*(a0)
DB[1,0,0,0,0,0,0,0,-1]*(-a0)
DB[1,0,0,0,0,0,0,0,0]*(a0*mTsq-s12*a0)
DB[0,1,-1,0,0,0,0,0,0]*(a1)
DB[0,1,0,0,0,0,0,0,-1]*(-a1)
DB[0,1,0,0,0,0,0,0,0]*(a1*s16)
DB[0,0,0,0,0,0,0,0,0]*(-a8+a2)
DB[0,0,1,0,0,0,0,0,-1]*(-a2)
DB[0,0,1,0,0,0,0,0,0]*(s345*a2)
DB[0,0,-1,1,0,0,0,0,0]*(a3)
DB[0,0,0,1,-1,0,0,0,0]*(-a3)
DB[0,0,0,1,0,-1,0,0,0]*(a3)
DB[0,0,0,1,0,0,0,0,-1]*(-a3)
DB[0,0,0,1,0,0,0,0,0]*(a3*mTsq)
DB[0,0,-1,0,0,0,0,0,1]*(a8)
DB[0,0,0,0,0,0,0,0,1]*(-a8*s345)

DB[0,0,-1,1,0,0,0,0,0]*(-a3)
DB[0,0,0,1,-1,0,0,0,0]*(a3)
DB[0,0,0,1,0,-1,0,0,0]*(-a3)
DB[0,0,0,1,0,0,0,0,-1]*(a3)
DB[0,0,0,1,0,0,0,0,0]*(-a3*mTsq)
DB[0,0,0,0,0,0,0,0,0]*(a4-a5)
DB[0,0,0,0,1,-1,0,0,0]*(-a4)
DB[0,0,0,0,1,0,0,0,0]*(-a4*mTsq+a4*s345)
DB[0,0,0,0,-1,1,0,0,0]*(a5)
DB[0,0,0,0,0,0,0,1,0]*(-s345*a7-s12*a7+s16*a7)
DB[0,0,0,0,0,1,0,0,0]*(-s345*a5-a5*mTsq)
DB[0,0,0,0,-1,0,1,0,0]*(a6)
DB[0,0,0,0,0,-1,1,0,0]*(-a6)
DB[0,0,0,0,0,0,1,0,0]*(-s12*a6)
DB[0,0,0,0,-1,0,0,1,0]*(a7)
DB[0,0,0,0,0,-1,0,1,0]*(-a7)

DB[0,0,0,0,0,0,0,0,0]*(a3-a0)
DB[1,0,0,-1,0,0,0,0,0]*(a0)
DB[1,0,0,0,0,0,-1,0,0]*(-a0)
DB[-1,1,0,0,0,0,0,0,0]*(-a1)
DB[0,1,0,-1,0,0,0,0,0]*(a1)
DB[0,1,0,0,-1,0,0,0,0]*(-a1)
DB[0,1,0,0,0,0,-1,0,0]*(a1)
DB[0,1,0,0,0,0,0,-1,0]*(-a1)
DB[0,1,0,0,0,0,0,0,0]*(s12*a1)
DB[-1,0,1,0,0,0,0,0,0]*(-a2)
DB[0,0,1,-1,0,0,0,0,0]*(a2)
DB[0,0,1,0,-1,0,0,0,0]*(-a2)
DB[0,0,1,0,0,0,0,0,0]*(s12*a2)
DB[-1,0,0,1,0,0,0,0,0]*(-a3)
DB[0,0,0,0,0,-1,0,0,1]*(-a8)
DB[0,0,0,1,0,0,-1,0,0]*(a3)
DB[-1,0,0,0,0,0,0,0,1]*(-a8)
DB[0,0,0,-1,0,0,0,0,1]*(a8)

DB[-1,0,0,1,0,0,0,0,0]*(a3)
DB[0,0,0,0,0,0,0,0,0]*(-a6+a3)
DB[0,0,0,1,0,0,-1,0,0]*(-a3)
DB[0,0,-1,0,1,0,0,0,0]*(-a4)
DB[0,0,0,-1,1,0,0,0,0]*(a4)
DB[0,0,0,0,1,0,-1,0,0]*(-a4)
DB[0,0,0,0,1,0,0,0,0]*(s12*a4)
DB[0,0,0,-1,0,1,0,0,0]*(a5)
DB[0,0,0,0,0,1,-1,0,0]*(-a5)
DB[0,0,0,0,0,1,0,0,-1]*(-a5)
DB[0,0,0,0,0,1,0,0,0]*(a5*mTsq)
DB[-1,0,0,0,0,0,1,0,0]*(-a6)
DB[0,0,0,-1,0,0,1,0,0]*(a6)
DB[0,0,0,0,0,0,0,1,0]*(-s12*a7)
DB[-1,0,0,0,0,0,0,1,0]*(-a7)
DB[0,-1,0,0,0,0,0,1,0]*(-a7)
DB[0,0,-1,0,0,0,0,1,0]*(a7)
DB[0,0,0,-1,0,0,0,1,0]*(a7)
DB[0,0,0,0,0,0,-1,1,0]*(-a7)

DB[-1,0,0,1,0,0,0,0,0]*(-a3)
DB[0,-1,0,1,0,0,0,0,0]*(a3)
DB[0,0,0,1,-1,0,0,0,0]*(-a3)
DB[0,0,0,1,0,0,-1,0,0]*(2*a3)
DB[0,0,0,1,0,0,0,-1,0]*(-a3)
DB[0,0,0,1,0,0,0,0,0]*(s12*a3)
DB[0,0,0,0,0,0,0,0,0]*(-a4+2*a6-a7)
DB[0,0,0,0,1,0,-1,0,0]*(2*a4)
DB[0,0,0,0,1,0,0,-1,0]*(-a4)
DB[0,0,0,0,-1,1,0,0,0]*(-a5)
DB[0,0,0,0,0,1,-1,0,0]*(2*a5)
DB[0,0,0,0,0,1,0,-1,0]*(-a5)
DB[0,0,0,0,0,1,0,0,0]*(s12*a5+a5*s16-a5*mTsq)
DB[0,0,0,0,-1,0,1,0,0]*(-a6)
DB[0,0,0,0,0,0,0,1,0]*(2*s12*a7)
DB[0,0,0,0,0,0,1,-1,0]*(-a6)
DB[0,0,0,0,0,0,1,0,0]*(s12*a6)
DB[0,0,0,0,-1,0,0,1,0]*(-a7)
DB[0,0,0,0,0,0,-1,1,0]*(2*a7)

