DB[-1,1,0,0,0,0,0,0,0]*(s12*a1)
DB[0,0,0,0,0,0,0,0,0]*(s12*a2+s12*a7-s12*a1-s12*a4)
DB[-1,0,1,0,0,0,0,0,0]*(s12*a2)
DB[0,-1,1,0,0,0,0,0,0]*(-2*s12*a2)
DB[0,0,1,0,0,0,0,0,0]*(-s12^2*a2)
DB[0,0,0,0,0,0,0,0,1]*(-s12*a8*mTsq+s12*a8*s16)
DB[0,0,0,0,1,0,-1,0,0]*(3*s12*a4)
DB[0,0,0,0,1,0,0,-1,0]*(-2*s12*a4)
DB[0,0,0,0,-1,1,0,0,0]*(-s12*a5+s345*a5-a5*s16)
DB[0,0,0,0,0,1,-1,0,0]*(2*s12*a5-2*s345*a5+a5*s16+a5*mTsq)
DB[0,0,0,0,0,1,0,-1,0]*(-s12*a5+s345*a5-a5*mTsq)
DB[0,0,0,0,0,1,0,0,0]*(s12*a5*s16-s12*s345*a5+s12^2*a5)
DB[-1,0,0,0,0,0,0,0,1]*(-a8*s345+a8*s16+s12*a8)
DB[0,-1,0,0,0,0,0,0,1]*(-a8*mTsq+a8*s345-s12*a8)
DB[0,0,0,0,0,0,-1,1,0]*(-s12*a7)
DB[0,0,0,0,1,0,0,0,0]*(s12^2*a4)
DB[0,0,-1,0,0,0,0,0,1]*(a8*mTsq-a8*s16)

DB[0,0,0,0,0,0,0,0,0]*(s345*a2+s12*a5-s345*a5+a5*s16+s345*a7-a8*s345-a1*s16-a2*mTsq+a8*s16-s12*a1+a1*mTsq-s12*a4+s12*a8-s16*a7)
DB[0,1,-1,0,0,0,0,0,0]*(a1*s16-a1*mTsq)
DB[0,0,0,0,0,1,0,0,0]*(s12*a5*s16-s12*s345*a5+s12^2*a5)
DB[0,1,0,0,0,0,0,0,-1]*(s12*a1)
DB[0,1,0,0,0,0,0,0,0]*(-s12*a1*s16)
DB[0,-1,1,0,0,0,0,0,0]*(-s345*a2-s12*a2+a2*mTsq)
DB[0,0,0,0,0,0,0,0,1]*(a8*s345*mTsq-a8*s16*mTsq+s12*a8*s16)
DB[0,0,-1,0,0,0,0,0,1]*(-a8*mTsq-a8*s16)
DB[0,0,1,0,0,0,0,0,-1]*(s12*a2)
DB[0,0,1,0,0,0,0,0,0]*(-s12*s345*a2)
DB[0,0,0,0,1,0,-1,0,0]*(-a4*mTsq+a4*s345+s12*a4)
DB[0,0,0,0,1,0,0,-1,0]*(a4*mTsq-a4*s345-s12*a4)
DB[0,0,0,0,1,0,0,0,0]*(s12^2*a4)
DB[0,0,0,0,-1,1,0,0,0]*(-s12*a5+s345*a5-a5*s16)
DB[0,0,0,0,1,-1,0,0,0]*(s12*a4)
DB[0,0,0,0,0,1,0,-1,0]*(-s12*a5+s345*a5+a5*mTsq)
DB[0,0,0,0,0,1,-1,0,0]*(s12*a5-s345*a5-a5*mTsq)
DB[0,0,0,0,0,0,-1,1,0]*(-s345*a7+s16*a7)
DB[0,-1,0,0,0,0,0,0,1]*(a8*mTsq+a8*s345-s12*a8)

DB[-1,1,0,0,0,0,0,0,0]*(-a1*s16-s12*a1+a1*mTsq)
DB[0,0,0,0,0,0,0,0,0]*(a8*mTsq-s12*a2-a4*mTsq+a4*s345-a5*s16-s345*a7+a1*s16-a8*s16+s12*a1-a1*mTsq+s16*a7+a5*mTsq)
DB[-1,0,1,0,0,0,0,0,0]*(-s345*a2-s12*a2+a2*mTsq)
DB[0,-1,1,0,0,0,0,0,0]*(s345*a2+s12*a2-a2*mTsq)
DB[0,0,1,0,0,0,0,0,0]*(-s12*a2*mTsq+s12^2*a2)
DB[0,0,0,0,0,0,0,0,1]*(s12*a8*mTsq-a8*mTsq^2+a8*s16*mTsq-s12*a8*s16)
DB[0,0,0,0,1,0,-1,0,0]*(2*a4*mTsq-2*a4*s345-2*s12*a4)
DB[0,0,0,0,1,0,0,-1,0]*(-a4*mTsq+a4*s345+s12*a4)
DB[0,0,0,0,-1,1,0,0,0]*(s12*a5-s345*a5+a5*s16-2*a5*mTsq)
DB[0,0,0,0,0,1,-1,0,0]*(-2*s12*a5+2*s345*a5+2*a5*mTsq)
DB[0,0,0,0,0,1,0,-1,0]*(s12*a5-s345*a5-a5*mTsq)
DB[0,0,0,0,0,1,0,0,0]*(-s12*a5*s16+s12*s345*a5+2*s12*a5*mTsq-s12^2*a5)
DB[-1,0,0,0,0,0,0,0,1]*(a8*mTsq+a8*s345-s12*a8)
DB[0,-1,0,0,0,0,0,0,1]*(-a8*mTsq-a8*s345+s12*a8)
DB[0,0,0,0,0,0,0,1,0]*(s12*s345*a7-s12^2*a7-s12*s16*a7)
DB[0,0,0,0,0,0,-1,1,0]*(2*s345*a7-2*s16*a7)
DB[0,0,0,0,-1,0,0,1,0]*(-s345*a7+s12*a7+s16*a7)
DB[0,0,0,0,1,-1,0,0,0]*(s12*a4)
DB[0,0,-1,0,0,0,0,0,1]*(-a8*mTsq+a8*s16)
DB[0,0,1,0,0,0,0,0,-1]*(s12*a2)
DB[0,0,0,0,0,-1,0,1,0]*(-s12*a7)
DB[0,0,0,0,1,0,0,0,0]*(-s12*a4*s345+s12*a4*mTsq)

