37 3
76 3
25 3
41 3
42 3
44 3
138 3
140 3
289 3
290 3
292 3
328 3
280 3
296 3
392 3
85 4
101 4
39 4
53 4
77 4
78 4
89 4
27 4
90 4
29 4
92 4
105 4
43 4
106 4
45 4
108 4
46 4
57 4
58 4
60 4
149 4
165 4
139 4
202 4
141 4
204 4
142 4
153 4
154 4
156 4
169 4
170 4
172 4
337 4
338 4
340 4
353 4
291 4
354 4
293 4
356 4
294 4
305 4
306 4
308 4
329 4
330 4
332 4
281 4
344 4
282 4
284 4
297 4
360 4
298 4
300 4
312 4
401 4
402 4
404 4
417 4
418 4
420 4
393 4
456 4
394 4
396 4
408 4
424 4
87 5
103 5
117 5
55 5
79 5
91 5
93 5
31 5
94 5
107 5
109 5
47 5
110 5
121 5
59 5
122 5
61 5
124 5
62 5
213 5
151 5
229 5
167 5
181 5
203 5
205 5
143 5
206 5
217 5
155 5
218 5
157 5
220 5
158 5
233 5
171 5
234 5
173 5
236 5
174 5
185 5
186 5
188 5
339 5
341 5
342 5
355 5
357 5
295 5
358 5
369 5
307 5
370 5
309 5
372 5
310 5
331 5
333 5
334 5
345 5
283 5
346 5
285 5
348 5
286 5
361 5
299 5
362 5
301 5
364 5
302 5
313 5
376 5
314 5
316 5
465 5
403 5
466 5
405 5
468 5
406 5
481 5
419 5
482 5
421 5
484 5
422 5
433 5
434 5
436 5
457 5
395 5
458 5
397 5
460 5
398 5
409 5
472 5
410 5
412 5
425 5
488 5
426 5
428 5
440 5
119 6
95 6
111 6
123 6
125 6
63 6
126 6
215 6
231 6
245 6
183 6
207 6
219 6
221 6
159 6
222 6
235 6
237 6
175 6
238 6
249 6
187 6
250 6
189 6
252 6
190 6
343 6
359 6
371 6
373 6
311 6
374 6
335 6
347 6
349 6
287 6
350 6
363 6
365 6
303 6
366 6
377 6
315 6
378 6
317 6
380 6
318 6
467 6
469 6
407 6
470 6
483 6
485 6
423 6
486 6
497 6
435 6
498 6
437 6
500 6
438 6
459 6
461 6
399 6
462 6
473 6
411 6
474 6
413 6
476 6
414 6
489 6
427 6
490 6
429 6
492 6
430 6
441 6
504 6
442 6
444 6
127 7
247 7
223 7
239 7
251 7
253 7
191 7
254 7
375 7
351 7
367 7
379 7
381 7
319 7
382 7
471 7
487 7
499 7
501 7
439 7
502 7
463 7
475 7
477 7
415 7
478 7
491 7
493 7
431 7
494 7
505 7
443 7
506 7
445 7
508 7
446 7
255 8
383 8
503 8
479 8
495 8
507 8
509 8
447 8
510 8
511 9
