0
0 25
0 76
0 0 1 0 0 0 0 0 0 0 
1 -1 1 0 0 0 0 0 0 -s12 
1 0 0 0 0 0 0 0 0 0 
0 0 0 1 0 0 0 0 0 0 
0 0 0 0 0 0 1 0 0 0 
0 0 0 0 1 -1 1 0 0 -s12+s345-mTsq 
0 0 0 0 1 0 0 0 0 0 
0 0 0 0 1 0 1 -1 0 s12 
1 0 1 0 0 0 0 0 -1 -s12+s345+mTsq 

1
0 27
0 78
0 0 1 0 0 0 0 0 0 0 
0 1 0 0 0 0 0 0 0 0 
1 0 0 0 0 0 0 0 0 0 
0 0 0 1 0 0 0 0 0 0 
0 0 0 0 0 0 1 0 0 0 
1 0 0 0 0 0 0 0 0 0 
1 0 0 0 0 0 0 0 0 0 
1 0 0 0 0 0 0 0 0 0 
1 0 0 0 0 0 0 0 0 0 

0
0 29
0 77
0 0 1 0 0 0 0 0 0 0 
1 -1 1 0 0 0 0 0 0 -s12 
1 0 0 0 0 0 0 0 0 0 
0 0 0 1 0 0 0 0 0 0 
0 0 0 0 0 0 1 0 0 0 
0 0 0 0 1 -1 1 0 0 -s12+s345-mTsq 
0 0 0 0 1 0 0 0 0 0 
0 0 0 0 1 0 1 -1 0 s12 
1 0 1 0 0 0 0 0 -1 -s12+s345+mTsq 

1
0 31
0 79
0 0 1 0 0 0 0 0 0 0 
0 1 0 0 0 0 0 0 0 0 
1 0 0 0 0 0 0 0 0 0 
0 0 0 1 0 0 0 0 0 0 
0 0 0 0 0 0 1 0 0 0 
0 0 0 0 1 0 0 0 0 0 
0 0 0 0 1 0 0 0 0 0 
0 0 0 0 1 0 0 0 0 0 
0 0 0 0 1 0 0 0 0 0 

0
0 89
0 77
0 0 0 1 0 0 0 0 0 0 
-1 1 0 1 -1 0 2 -1 0 s12 
-1 0 1 1 -1 0 1 0 0 s12 
0 0 0 0 0 0 1 0 0 0 
0 0 1 0 0 0 0 0 0 0 
0 0 0 0 0 0 0 0 1 -mTsq 
1 0 0 0 0 0 0 0 0 0 
1 1 -1 0 0 0 0 0 0 s12 
-1 0 0 1 0 -1 1 0 1 0 

0
0 92
0 77
-1 0 1 1 -1 0 1 0 0 s12 
0 -1 1 1 0 0 -1 1 0 -s12 
0 0 0 1 0 0 0 0 0 0 
0 0 0 0 0 0 1 0 0 0 
1 0 0 0 0 0 0 0 0 0 
1 0 1 0 0 0 0 0 -1 -s12+s345 
0 0 1 0 0 0 0 0 0 0 
0 -1 2 0 0 0 0 0 0 0 
0 0 1 1 -1 1 0 0 -1 s345+mTsq 

1
0 94
0 91
0 0 1 0 0 0 0 0 0 0 
0 1 0 0 0 0 0 0 0 0 
1 0 0 0 0 0 0 0 0 0 
0 0 0 1 0 0 0 0 0 0 
0 0 0 0 0 0 1 0 0 0 
0 0 1 0 0 0 0 0 0 0 
0 0 0 0 1 0 0 0 0 0 
0 0 1 0 0 0 0 0 0 0 
0 0 1 0 0 0 0 0 0 0 

