0
0 37
0 37
0 0 1 0 0 0 0 0 0 0 
1 -1 1 0 0 0 0 0 0 -s12 
1 0 0 0 0 0 0 0 0 0 
1 0 1 -1 1 0 1 0 0 -s12 
0 0 0 0 1 0 0 0 0 0 
0 0 0 0 0 1 0 0 0 0 
0 0 0 0 0 0 1 0 0 0 
0 0 0 0 0 0 0 1 0 0 
1 0 1 0 0 0 0 0 -1 -s12+s345+mTsq 

1
0 39
0 39
0 0 1 0 0 0 0 0 0 0 
0 1 0 0 0 0 0 0 0 0 
1 0 0 0 0 0 0 0 0 0 
0 0 0 1 0 0 0 0 0 0 
0 0 0 1 0 0 0 0 0 0 
0 0 0 0 0 1 0 0 0 0 
0 0 0 1 0 0 0 0 0 0 
0 0 0 1 0 0 0 0 0 0 
0 0 0 1 0 0 0 0 0 0 

0
0 41
0 41
0 0 0 1 0 0 0 0 0 0 
1 -1 0 1 1 0 -2 1 0 -s12 
1 0 -1 1 1 0 -1 0 0 s12 
1 0 0 0 0 0 0 0 0 0 
0 0 0 0 1 0 0 0 0 0 
0 0 0 0 0 1 0 0 0 0 
0 0 0 0 0 0 1 0 0 0 
0 0 0 0 0 0 0 1 0 0 
1 0 0 1 0 1 -1 0 -1 2*mTsq 

0
0 42
0 42
-1 1 0 1 -1 0 2 -1 0 s12 
0 0 0 1 0 0 0 0 0 0 
0 1 -1 1 0 0 1 -1 0 s12 
0 1 0 0 0 0 0 0 0 0 
0 0 0 0 1 0 0 0 0 0 
0 0 0 0 0 1 0 0 0 0 
0 0 0 0 0 0 1 0 0 0 
0 0 0 0 0 0 0 1 0 0 
0 1 0 1 -1 1 1 -1 -1 s12+s16+mTsq 

0
0 44
0 44
-1 0 1 1 -1 0 1 0 0 s12 
0 -1 1 1 0 0 -1 1 0 -s12 
0 0 0 1 0 0 0 0 0 0 
0 0 1 0 0 0 0 0 0 0 
0 0 0 0 1 0 0 0 0 0 
0 0 0 0 0 1 0 0 0 0 
0 0 0 0 0 0 1 0 0 0 
0 0 0 0 0 0 0 1 0 0 
0 0 1 1 -1 1 0 0 -1 s345+mTsq 

0
0 53
0 53
0 0 1 0 0 0 0 0 0 0 
1 -1 1 0 0 0 0 0 0 -s12 
1 0 0 0 0 0 0 0 0 0 
1 0 1 -1 1 0 1 0 0 -s12 
0 0 0 0 1 0 0 0 0 0 
0 0 0 0 0 1 0 0 0 0 
0 0 0 0 0 0 1 0 0 0 
0 0 0 0 0 0 0 1 0 0 
1 0 1 0 0 0 0 0 -1 -s12+s345+mTsq 

1
0 55
0 55
0 0 1 0 0 0 0 0 0 0 
0 1 0 0 0 0 0 0 0 0 
1 0 0 0 0 0 0 0 0 0 
0 0 0 1 0 0 0 0 0 0 
0 0 0 0 1 0 0 0 0 0 
0 0 0 0 0 1 0 0 0 0 
0 0 0 1 0 0 0 0 0 0 
0 0 0 1 0 0 0 0 0 0 
0 0 0 1 0 0 0 0 0 0 

0
0 57
0 57
0 0 0 1 0 0 0 0 0 0 
1 -1 0 1 1 0 -2 1 0 -s12 
1 0 -1 1 1 0 -1 0 0 s12 
1 0 0 0 0 0 0 0 0 0 
0 0 0 0 1 0 0 0 0 0 
0 0 0 0 0 1 0 0 0 0 
0 0 0 0 0 0 1 0 0 0 
0 0 0 0 0 0 0 1 0 0 
1 0 0 1 0 1 -1 0 -1 2*mTsq 

0
0 58
0 58
-1 1 0 1 -1 0 2 -1 0 s12 
0 0 0 1 0 0 0 0 0 0 
0 1 -1 1 0 0 1 -1 0 s12 
0 1 0 0 0 0 0 0 0 0 
0 0 0 0 1 0 0 0 0 0 
0 0 0 0 0 1 0 0 0 0 
0 0 0 0 0 0 1 0 0 0 
0 0 0 0 0 0 0 1 0 0 
0 1 0 1 -1 1 1 -1 -1 s12+s16+mTsq 

0
0 60
0 60
-1 0 1 1 -1 0 1 0 0 s12 
0 -1 1 1 0 0 -1 1 0 -s12 
0 0 0 1 0 0 0 0 0 0 
0 0 1 0 0 0 0 0 0 0 
0 0 0 0 1 0 0 0 0 0 
0 0 0 0 0 1 0 0 0 0 
0 0 0 0 0 0 1 0 0 0 
0 0 0 0 0 0 0 1 0 0 
0 0 1 1 -1 1 0 0 -1 s345+mTsq 

0
0 76
0 76
1 0 0 0 0 0 0 0 0 0 
0 1 0 0 0 0 0 0 0 0 
0 0 1 0 0 0 0 0 0 0 
0 0 0 0 0 0 1 0 0 0 
-1 0 1 1 -1 0 1 0 0 s12 
-1 0 0 1 0 -1 1 0 1 -mTsq 
0 0 0 1 0 0 0 0 0 0 
0 1 -1 1 0 0 1 -1 0 s12 
0 0 0 0 0 0 0 0 1 0 

0
0 76
0 76
-1 0 1 1 -1 0 1 0 0 s12 
0 -1 1 1 0 0 -1 1 0 -s12 
0 0 0 1 0 0 0 0 0 0 
0 0 1 0 0 0 0 0 0 0 
0 0 0 0 1 0 0 0 0 0 
0 0 0 0 0 1 0 0 0 0 
0 0 0 0 0 0 1 0 0 0 
0 0 0 0 0 0 0 1 0 0 
0 0 1 1 -1 1 0 0 -1 s345+mTsq 

0
0 76
0 76
-1 0 1 1 -1 0 1 0 0 s12 
0 -1 1 1 0 0 -1 1 0 -s12 
0 0 0 1 0 0 0 0 0 0 
0 0 0 0 0 0 1 0 0 0 
1 0 0 0 0 0 0 0 0 0 
1 0 1 0 0 0 0 0 -1 -s12+s345 
0 0 1 0 0 0 0 0 0 0 
0 -1 2 0 0 0 0 0 0 0 
0 0 1 1 -1 1 0 0 -1 s345+mTsq 

0
0 76
0 76
0 0 0 0 1 0 0 0 0 0 
0 0 0 0 0 0 2 -1 0 0 
0 0 0 0 0 0 1 0 0 0 
0 0 0 1 0 0 0 0 0 0 
1 0 0 0 0 0 0 0 0 0 
1 0 1 0 0 0 0 0 -1 -s12+s345 
0 0 1 0 0 0 0 0 0 0 
0 -1 2 0 0 0 0 0 0 0 
0 0 0 0 1 -1 1 0 0 -s12+s345 

0
0 76
0 76
0 0 0 0 1 0 0 0 0 0 
0 0 0 0 0 0 2 -1 0 0 
0 0 0 0 0 0 1 0 0 0 
0 0 1 0 0 0 0 0 0 0 
-1 0 1 1 -1 0 1 0 0 s12 
-1 0 0 1 0 -1 1 0 1 -mTsq 
0 0 0 1 0 0 0 0 0 0 
0 1 -1 1 0 0 1 -1 0 s12 
0 0 0 0 1 -1 1 0 0 -s12+s345 

0
0 77
0 77
1 0 0 0 0 0 0 0 0 0 
0 1 0 0 0 0 0 0 0 0 
0 0 1 0 0 0 0 0 0 0 
0 0 0 0 0 0 1 0 0 0 
-1 0 1 1 -1 0 1 0 0 s12 
-1 0 0 1 0 -1 1 0 1 -mTsq 
0 0 0 1 0 0 0 0 0 0 
0 1 -1 1 0 0 1 -1 0 s12 
0 0 0 0 0 0 0 0 1 0 

0
0 78
0 78
1 0 0 0 0 0 0 0 0 0 
0 1 0 0 0 0 0 0 0 0 
0 0 1 0 0 0 0 0 0 0 
0 0 0 0 0 0 1 0 0 0 
-1 0 1 1 -1 0 1 0 0 s12 
-1 0 0 1 0 -1 1 0 1 -mTsq 
0 0 0 1 0 0 0 0 0 0 
0 1 -1 1 0 0 1 -1 0 s12 
0 0 0 0 0 0 0 0 1 0 

0
0 79
0 79
1 0 0 0 0 0 0 0 0 0 
0 1 0 0 0 0 0 0 0 0 
0 0 1 0 0 0 0 0 0 0 
0 0 0 0 0 0 1 0 0 0 
-1 0 1 1 -1 0 1 0 0 s12 
-1 0 0 1 0 -1 1 0 1 -mTsq 
0 0 0 1 0 0 0 0 0 0 
0 1 -1 1 0 0 1 -1 0 s12 
0 0 0 0 0 0 0 0 1 0 

0
0 85
0 85
1 0 0 0 0 0 0 0 0 0 
0 1 0 0 0 0 0 0 0 0 
0 0 1 0 0 0 0 0 0 0 
1 0 1 -1 1 0 1 0 0 -s12 
0 0 0 0 0 0 1 0 0 0 
0 0 0 0 1 -1 1 0 0 -s12+s345-mTsq 
0 0 0 0 1 0 0 0 0 0 
0 0 0 0 1 0 1 -1 0 s12 
0 0 0 0 0 0 0 0 1 0 

0
0 85
0 85
0 0 1 0 0 0 0 0 0 0 
1 -1 1 0 0 0 0 0 0 -s12 
1 0 0 0 0 0 0 0 0 0 
1 0 1 -1 1 0 1 0 0 -s12 
0 0 0 0 1 0 0 0 0 0 
0 0 0 0 0 1 0 0 0 0 
0 0 0 0 0 0 1 0 0 0 
0 0 0 0 0 0 0 1 0 0 
1 0 1 0 0 0 0 0 -1 -s12+s345+mTsq 

0
0 85
0 85
0 0 1 0 0 0 0 0 0 0 
1 -1 1 0 0 0 0 0 0 -s12 
1 0 0 0 0 0 0 0 0 0 
0 0 0 1 0 0 0 0 0 0 
0 0 0 0 0 0 1 0 0 0 
0 0 0 0 1 -1 1 0 0 -s12+s345-mTsq 
0 0 0 0 1 0 0 0 0 0 
0 0 0 0 1 0 1 -1 0 s12 
1 0 1 0 0 0 0 0 -1 -s12+s345+mTsq 

0
0 85
0 85
0 0 0 0 1 0 0 0 0 0 
0 0 0 0 0 0 2 -1 0 0 
0 0 0 0 0 0 1 0 0 0 
0 0 0 1 0 0 0 0 0 0 
1 0 0 0 0 0 0 0 0 0 
1 0 1 0 0 0 0 0 -1 -s12+s345 
0 0 1 0 0 0 0 0 0 0 
0 -1 2 0 0 0 0 0 0 0 
0 0 0 0 1 -1 1 0 0 -s12+s345 

0
0 85
0 85
0 0 0 0 1 0 0 0 0 0 
0 0 0 0 0 0 2 -1 0 0 
0 0 0 0 0 0 1 0 0 0 
1 0 1 -1 1 0 1 0 0 -s12 
0 0 1 0 0 0 0 0 0 0 
0 0 0 0 0 0 0 0 1 -mTsq 
1 0 0 0 0 0 0 0 0 0 
1 1 -1 0 0 0 0 0 0 s12 
0 0 0 0 1 -1 1 0 0 -s12+s345 

0
0 85
0 85
0 0 0 0 0 0 1 0 0 0 
0 0 0 0 1 0 -1 1 0 -s12 
0 0 0 0 1 0 0 0 0 0 
0 0 0 1 0 0 0 0 0 0 
0 0 1 0 0 0 0 0 0 0 
0 0 0 0 0 0 0 0 1 -mTsq 
1 0 0 0 0 0 0 0 0 0 
1 1 -1 0 0 0 0 0 0 s12 
0 0 0 0 0 1 0 0 0 mTsq 

0
0 85
0 85
0 0 0 0 0 0 1 0 0 0 
0 0 0 0 1 0 -1 1 0 -s12 
0 0 0 0 1 0 0 0 0 0 
1 0 1 -1 1 0 1 0 0 -s12 
1 0 0 0 0 0 0 0 0 0 
1 0 1 0 0 0 0 0 -1 -s12+s345 
0 0 1 0 0 0 0 0 0 0 
0 -1 2 0 0 0 0 0 0 0 
0 0 0 0 0 1 0 0 0 mTsq 

0
0 87
0 87
1 0 0 0 0 0 0 0 0 0 
0 1 0 0 0 0 0 0 0 0 
0 0 1 0 0 0 0 0 0 0 
1 0 1 -1 1 0 1 0 0 -s12 
0 0 0 0 0 0 1 0 0 0 
0 0 0 0 1 -1 1 0 0 -s12+s345-mTsq 
0 0 0 0 1 0 0 0 0 0 
0 0 0 0 1 0 1 -1 0 s12 
0 0 0 0 0 0 0 0 1 0 

1
0 87
0 87
0 0 1 0 0 0 0 0 0 0 
0 1 0 0 0 0 0 0 0 0 
1 0 0 0 0 0 0 0 0 0 
0 0 0 1 0 0 0 0 0 0 
0 0 0 0 1 0 0 0 0 0 
0 0 0 1 0 0 0 0 0 0 
0 0 0 0 0 0 1 0 0 0 
0 0 0 1 0 0 0 0 0 0 
0 0 0 1 0 0 0 0 0 0 

1
0 87
0 87
0 0 1 0 0 0 0 0 0 0 
0 1 0 0 0 0 0 0 0 0 
1 0 0 0 0 0 0 0 0 0 
0 0 0 1 0 0 0 0 0 0 
0 0 0 0 0 0 1 0 0 0 
0 0 0 1 0 0 0 0 0 0 
0 0 0 0 1 0 0 0 0 0 
0 0 0 1 0 0 0 0 0 0 
0 0 0 1 0 0 0 0 0 0 

0
0 90
0 90
-1 1 0 1 -1 0 2 -1 0 s12 
0 0 0 1 0 0 0 0 0 0 
0 1 -1 1 0 0 1 -1 0 s12 
0 1 0 0 0 0 0 0 0 0 
0 0 0 0 1 0 0 0 0 0 
0 0 0 0 0 1 0 0 0 0 
0 0 0 0 0 0 1 0 0 0 
0 0 0 0 0 0 0 1 0 0 
0 1 0 1 -1 1 1 -1 -1 s12+s16+mTsq 

1
0 90
0 90
1 0 0 0 0 0 0 0 0 0 
0 1 0 0 0 0 0 0 0 0 
1 0 0 0 0 0 0 0 0 0 
0 0 0 1 0 0 0 0 0 0 
0 0 0 0 0 0 1 0 0 0 
1 0 0 0 0 0 0 0 0 0 
0 0 0 0 1 0 0 0 0 0 
1 0 0 0 0 0 0 0 0 0 
1 0 0 0 0 0 0 0 0 0 

1
0 90
0 90
1 0 0 0 0 0 0 0 0 0 
0 0 0 1 0 0 0 0 0 0 
1 0 0 0 0 0 0 0 0 0 
0 1 0 0 0 0 0 0 0 0 
0 0 0 0 0 0 1 0 0 0 
1 0 0 0 0 0 0 0 0 0 
0 0 0 0 1 0 0 0 0 0 
1 0 0 0 0 0 0 0 0 0 
1 0 0 0 0 0 0 0 0 0 

0
0 93
0 93
0 0 1 0 0 0 0 0 0 0 
1 -1 1 0 0 0 0 0 0 -s12 
1 0 0 0 0 0 0 0 0 0 
0 0 0 1 0 0 0 0 0 0 
0 0 0 0 0 0 1 0 0 0 
0 0 0 0 1 -1 1 0 0 -s12+s345-mTsq 
0 0 0 0 1 0 0 0 0 0 
0 0 0 0 1 0 1 -1 0 s12 
1 0 1 0 0 0 0 0 -1 -s12+s345+mTsq 

0
0 93
0 93
0 0 0 0 0 0 1 0 0 0 
0 0 0 0 1 0 -1 1 0 -s12 
0 0 0 0 1 0 0 0 0 0 
0 0 0 1 0 0 0 0 0 0 
0 0 1 0 0 0 0 0 0 0 
0 0 0 0 0 0 0 0 1 -mTsq 
1 0 0 0 0 0 0 0 0 0 
1 1 -1 0 0 0 0 0 0 s12 
0 0 0 0 0 1 0 0 0 mTsq 

0
0 93
0 93
0 0 0 0 1 0 0 0 0 0 
0 0 0 0 0 0 2 -1 0 0 
0 0 0 0 0 0 1 0 0 0 
0 0 0 1 0 0 0 0 0 0 
1 0 0 0 0 0 0 0 0 0 
1 0 1 0 0 0 0 0 -1 -s12+s345 
0 0 1 0 0 0 0 0 0 0 
0 -1 2 0 0 0 0 0 0 0 
0 0 0 0 1 -1 1 0 0 -s12+s345 

1
0 95
0 95
0 0 1 0 0 0 0 0 0 0 
0 1 0 0 0 0 0 0 0 0 
1 0 0 0 0 0 0 0 0 0 
0 0 0 1 0 0 0 0 0 0 
0 0 0 0 0 0 1 0 0 0 
0 0 0 0 0 1 0 0 0 0 
0 0 0 0 1 0 0 0 0 0 
0 0 0 0 0 1 0 0 0 0 
0 0 0 0 0 1 0 0 0 0 

0
0 101
0 101
0 0 1 0 0 0 0 0 0 0 
1 -1 1 0 0 0 0 0 0 -s12 
1 0 0 0 0 0 0 0 0 0 
1 0 1 -1 1 0 1 0 0 -s12 
0 0 0 0 1 0 0 0 0 0 
0 0 0 0 0 1 0 0 0 0 
0 0 0 0 0 0 1 0 0 0 
0 0 0 0 0 0 0 1 0 0 
1 0 1 0 0 0 0 0 -1 -s12+s345+mTsq 

1
0 103
0 103
0 0 1 0 0 0 0 0 0 0 
0 1 0 0 0 0 0 0 0 0 
1 0 0 0 0 0 0 0 0 0 
0 0 0 1 0 0 0 0 0 0 
0 0 0 1 0 0 0 0 0 0 
0 0 0 0 0 1 0 0 0 0 
0 0 0 0 0 0 1 0 0 0 
0 0 0 1 0 0 0 0 0 0 
0 0 0 1 0 0 0 0 0 0 

0
0 105
0 105
0 0 0 1 0 0 0 0 0 0 
1 -1 0 1 1 0 -2 1 0 -s12 
1 0 -1 1 1 0 -1 0 0 s12 
1 0 0 0 0 0 0 0 0 0 
0 0 0 0 1 0 0 0 0 0 
0 0 0 0 0 1 0 0 0 0 
0 0 0 0 0 0 1 0 0 0 
0 0 0 0 0 0 0 1 0 0 
1 0 0 1 0 1 -1 0 -1 2*mTsq 

0
0 106
0 106
-1 1 0 1 -1 0 2 -1 0 s12 
0 0 0 1 0 0 0 0 0 0 
0 1 -1 1 0 0 1 -1 0 s12 
0 1 0 0 0 0 0 0 0 0 
0 0 0 0 1 0 0 0 0 0 
0 0 0 0 0 1 0 0 0 0 
0 0 0 0 0 0 1 0 0 0 
0 0 0 0 0 0 0 1 0 0 
0 1 0 1 -1 1 1 -1 -1 s12+s16+mTsq 

0
0 108
0 108
-1 0 1 1 -1 0 1 0 0 s12 
0 -1 1 1 0 0 -1 1 0 -s12 
0 0 0 1 0 0 0 0 0 0 
0 0 1 0 0 0 0 0 0 0 
0 0 0 0 1 0 0 0 0 0 
0 0 0 0 0 1 0 0 0 0 
0 0 0 0 0 0 1 0 0 0 
0 0 0 0 0 0 0 1 0 0 
0 0 1 1 -1 1 0 0 -1 s345+mTsq 

0
0 117
0 117
0 0 1 0 0 0 0 0 0 0 
1 -1 1 0 0 0 0 0 0 -s12 
1 0 0 0 0 0 0 0 0 0 
1 0 1 -1 1 0 1 0 0 -s12 
0 0 0 0 1 0 0 0 0 0 
0 0 0 0 0 1 0 0 0 0 
0 0 0 0 0 0 1 0 0 0 
0 0 0 0 0 0 0 1 0 0 
1 0 1 0 0 0 0 0 -1 -s12+s345+mTsq 

1
0 119
0 119
0 0 1 0 0 0 0 0 0 0 
0 1 0 0 0 0 0 0 0 0 
1 0 0 0 0 0 0 0 0 0 
0 0 0 1 0 0 0 0 0 0 
0 0 0 0 1 0 0 0 0 0 
0 0 0 0 0 1 0 0 0 0 
0 0 0 0 0 0 1 0 0 0 
0 0 0 1 0 0 0 0 0 0 
0 0 0 1 0 0 0 0 0 0 

0
0 121
0 121
0 0 0 1 0 0 0 0 0 0 
1 -1 0 1 1 0 -2 1 0 -s12 
1 0 -1 1 1 0 -1 0 0 s12 
1 0 0 0 0 0 0 0 0 0 
0 0 0 0 1 0 0 0 0 0 
0 0 0 0 0 1 0 0 0 0 
0 0 0 0 0 0 1 0 0 0 
0 0 0 0 0 0 0 1 0 0 
1 0 0 1 0 1 -1 0 -1 2*mTsq 

0
0 122
0 122
-1 1 0 1 -1 0 2 -1 0 s12 
0 0 0 1 0 0 0 0 0 0 
0 1 -1 1 0 0 1 -1 0 s12 
0 1 0 0 0 0 0 0 0 0 
0 0 0 0 1 0 0 0 0 0 
0 0 0 0 0 1 0 0 0 0 
0 0 0 0 0 0 1 0 0 0 
0 0 0 0 0 0 0 1 0 0 
0 1 0 1 -1 1 1 -1 -1 s12+s16+mTsq 

0
0 124
0 124
-1 0 1 1 -1 0 1 0 0 s12 
0 -1 1 1 0 0 -1 1 0 -s12 
0 0 0 1 0 0 0 0 0 0 
0 0 1 0 0 0 0 0 0 0 
0 0 0 0 1 0 0 0 0 0 
0 0 0 0 0 1 0 0 0 0 
0 0 0 0 0 0 1 0 0 0 
0 0 0 0 0 0 0 1 0 0 
0 0 1 1 -1 1 0 0 -1 s345+mTsq 

