1883 6541257337076331387 1 8
4 9 10 6 1 8 0 3 

2012 13763901409372108993 1 8
4 2 8 3 10 9 6 7 

2006 16950321286824426781 1 8
4 1 2 8 10 9 6 7 

2010 1598386059449608983 1 8
4 1 8 3 9 10 6 7 

2003 15911974879569207869 1 8
4 1 8 0 9 10 6 7 

1910 15962709696925634230 1 8
4 1 2 8 10 9 6 5 

2040 316644540742027483 1 8
4 8 3 10 9 6 7 5 

2009 2771712622960799007 1 8
4 8 3 0 10 9 6 7 

2034 5450239203235080300 1 8
4 1 8 9 10 6 5 7 

1914 5435856704578947228 1 8
4 1 8 3 9 10 6 5 

1885 12952411521527683691 1 8
4 10 9 6 2 8 3 0 

2005 9860183708594352180 1 8
4 2 8 0 10 9 6 7 

1886 16950321286824426781 1 8
4 10 9 6 1 2 8 3 

2036 12213914001967280896 1 8
4 2 8 10 9 6 7 5 

1879 15962709696925634230 1 8
4 10 9 6 1 2 8 0 

1909 3529160895920700379 1 8
4 2 8 0 10 9 6 5 

1950 15766424924142188391 1 8
4 10 9 7 1 2 8 3 

2033 9844108841597999295 1 8
4 8 0 10 9 6 7 5 

1907 3695887178446702421 1 8
4 1 8 0 9 10 6 5 

1998 3711543929144871701 2 8
1 2 8 3 10 9 6 7 
10 9 6 7 1 2 8 3 

1980 2199106249722265289 1 8
4 2 8 3 10 9 7 5 

1978 4509629111200391059 1 8
4 1 8 3 9 10 5 7 

1913 4188749974776716494 1 8
4 8 3 0 10 9 6 5 

1916 5316034737554462352 1 8
4 2 8 3 10 9 6 5 

1947 8390827902394656005 1 8
4 9 10 7 1 8 0 3 

1949 7187807816074144361 1 8
4 10 9 7 2 8 3 0 

1974 1669935643461857312 1 8
4 1 2 8 10 9 7 5 

1973 12385423217801446323 1 8
4 2 8 0 10 9 7 5 

1823 17612933200536629522 1 8
4 10 9 1 2 8 3 0 

1971 5806747352294945752 1 8
4 1 8 0 9 10 5 7 

1854 9214488765158872875 1 8
4 10 9 5 1 2 8 3 

1847 12238018654252354655 1 8
4 10 9 5 1 2 8 0 

1977 15041494353410460619 1 8
4 8 3 0 10 9 7 5 

1851 16889900419590888557 1 8
4 9 10 5 1 8 0 3 

1853 12113542159824421218 1 8
4 10 9 5 2 8 3 0 

1895 3491283435266354485 2 8
1 2 8 0 10 9 6 5 
10 9 6 5 1 2 8 0 

1943 10697709521688945426 1 8
4 10 9 7 1 2 8 0 

1991 15816391670376816729 1 8
1 2 8 0 10 9 6 7 

2028 9664363039985874203 1 8
2 3 8 10 9 6 7 5 

1997 6447884302225685335 1 8
10 9 6 7 2 3 0 8 

1902 15816391670376816729 1 8
10 9 6 5 1 2 8 3 

2022 4745249975205730174 1 8
1 2 8 10 9 6 7 5 

2025 10687426292378936585 2 8
0 3 8 10 9 6 7 5 
3 0 8 10 9 6 7 5 

2026 17446073714093082162 1 8
1 8 3 10 9 6 7 5 

2021 9014278009228052341 1 8
2 0 8 10 9 6 7 5 

1901 4282213446881218189 1 8
10 9 6 5 2 3 0 8 

1871 4745249975205730174 1 8
10 9 6 1 2 8 3 0 

2019 2548019635954409681 1 8
1 8 0 10 9 6 7 5 

1959 15956463318937496692 1 8
1 2 8 0 10 9 7 5 

1899 7673681224138658926 1 8
10 9 6 5 1 8 0 3 

1966 13257886904503448735 1 8
1 2 8 3 10 9 7 5 

1995 12903335685633716020 1 8
10 9 6 7 1 8 0 3 

1839 8342473467525334350 1 8
10 9 5 1 2 8 3 0 

1758 15766424924142188391 1 8
4 1 2 3 10 9 6 7 

1935 1173028511105019032 1 8
9 10 7 1 2 8 3 0 

1711 12956035560386965812 2 8
1 2 3 0 10 9 7 5 
10 9 7 5 1 2 3 0 

1965 17316960016439179388 1 8
10 9 7 5 2 3 0 8 

1751 9214488765158872875 1 8
4 1 2 0 10 9 6 7 

1757 4846214298319172870 1 8
4 2 3 0 10 9 6 7 

1755 10554860763572235379 1 8
4 1 0 3 9 10 6 7 

1788 10593151804297198200 1 8
4 2 3 10 9 6 7 5 

1782 17612933200536629522 1 8
4 1 2 10 9 6 7 5 

1695 8250828502635847132 1 8
4 9 10 7 2 1 0 3 

1963 1389164810189272507 1 8
10 9 7 5 1 8 0 3 

1786 5852128638489588140 1 8
4 1 3 9 10 6 5 7 

1719 13755789250020068916 1 8
4 1 2 0 10 9 7 5 

1785 701113257376671580 1 8
4 3 0 10 9 6 7 5 

1599 13755789250020068916 1 8
4 10 9 5 1 2 3 0 

1655 12238018654252354655 1 8
4 1 2 0 10 9 6 5 

1661 12575196867981656508 1 8
4 2 3 0 10 9 6 5 

1662 10697709521688945426 1 8
4 1 2 3 10 9 6 5 

1725 2302554994872664088 1 8
4 2 3 0 10 9 7 5 

1781 3104663313577260816 1 8
4 2 0 10 9 6 7 5 

1726 8250828502635847132 1 8
4 2 1 3 9 10 5 7 

1659 2537915673530309468 1 8
4 1 0 3 9 10 6 5 

1779 2793055597764946675 1 8
4 1 0 9 10 6 5 7 

1723 7455539433492143670 1 8
4 1 0 3 9 10 5 7 

1631 1669935643461857312 1 8
4 10 9 6 1 2 3 0 

1743 13257886904503448735 1 8
10 9 6 7 1 2 3 0 

1647 15956463318937496692 1 8
10 9 6 5 1 2 3 0 

1774 1173028511105019032 1 8
2 1 3 10 9 6 7 5 

1767 8342473467525334350 1 8
1 2 0 10 9 6 7 5 

1502 1598386059449608983 1 8
4 10 6 7 2 1 8 3 

1773 16307408356438834777 1 8
2 3 0 10 9 6 7 5 

1530 7374422613463564910 1 8
4 1 8 3 10 6 5 7 

1499 7374422613463564910 1 8
4 10 6 7 1 8 0 3 

1526 6541257337076331387 1 8
4 2 1 8 10 6 5 7 

1532 3803824203285879338 1 8
4 2 8 3 10 6 5 7 

1501 17276743625282289325 1 8
4 10 6 7 2 8 3 0 

1495 5435856704578947228 1 8
4 10 6 7 2 1 8 0 

1406 15911974879569207869 1 8
4 10 6 5 2 1 8 3 

1771 3943413034764524299 1 8
1 0 3 10 9 6 7 5 

1529 14809444718834013539 1 8
4 8 0 3 10 6 5 7 

1525 1811739504816848070 1 8
4 2 8 0 10 6 5 7 

1523 11831608220550216276 1 8
4 1 8 0 10 6 5 7 

1375 5450239203235080300 1 8
4 10 6 2 1 8 0 3 

1403 11831608220550216276 1 8
4 10 6 5 1 8 0 3 

1405 5722708065075930897 1 8
4 10 6 5 2 8 3 0 

1470 10554860763572235379 1 8
4 10 5 7 2 1 8 3 

1463 2537915673530309468 1 8
4 10 5 7 2 1 8 0 

1515 11885979294578820884 2 8
1 8 0 3 10 6 5 7 
10 6 5 7 1 8 0 3 

1399 3695887178446702421 1 8
4 10 6 5 2 1 8 0 

1469 12278800345950486419 1 8
4 10 5 7 2 8 3 0 

1439 5852128638489588140 1 8
4 10 7 2 1 8 0 3 

1467 10114300564746978780 1 8
4 10 5 7 1 8 0 3 

1215 7455539433492143670 1 8
4 10 5 7 2 1 0 3 

1518 12903335685633716020 1 8
1 2 8 3 10 6 5 7 

1343 2793055597764946675 1 8
4 10 5 2 1 8 0 3 

1487 17446073714093082162 1 8
10 6 7 1 2 8 3 0 

1517 5542738982262338430 1 8
10 6 5 7 2 3 0 8 

1455 3943413034764524299 1 8
10 5 7 1 2 8 3 0 

1391 2548019635954409681 1 8
10 6 5 1 2 8 3 0 

1247 4509629111200391059 1 8
4 10 6 7 2 1 0 3 

1271 16889900419590888557 1 8
4 2 1 0 10 6 5 7 

1277 4596534831883854133 1 8
4 2 3 0 10 6 5 7 

1511 7673681224138658926 1 8
1 2 8 0 10 6 5 7 

1151 5806747352294945752 1 8
4 10 6 5 2 1 0 3 

1275 10114300564746978780 1 8
4 1 0 3 10 6 5 7 

1263 1389164810189272507 1 8
1 2 3 0 10 6 5 7 

1278 8390827902394656005 1 8
4 2 1 3 10 6 5 7 

990 13763901409372108993 1 8
4 9 6 7 1 2 8 3 

1020 12039749761476704957 1 8
4 2 3 8 9 7 5 6 

958 4846214298319172870 1 8
4 9 7 5 1 2 8 3 

1014 12952411521527683691 1 8
4 1 2 8 9 6 7 5 

987 3803824203285879338 1 8
4 9 6 7 1 8 0 3 

983 5316034737554462352 1 8
4 9 6 7 1 2 8 0 

1018 17276743625282289325 1 8
4 1 8 3 9 6 7 5 

1005 2272592965852094940 2 8
2 3 0 8 9 7 5 6 
9 7 5 6 2 3 0 8 

955 4596534831883854133 1 8
4 9 7 5 1 8 0 3 

863 12213914001967280896 1 8
4 9 6 1 2 8 3 0 

894 9860183708594352180 1 8
4 9 6 5 1 2 8 3 

893 5784712719878994012 1 8
4 9 5 6 2 3 0 8 

1017 18202261276029325090 1 8
4 3 0 8 9 7 5 6 

989 12039749761476704957 1 8
4 9 7 6 2 3 0 8 

1013 5784712719878994012 1 8
4 2 0 8 9 7 5 6 

891 1811739504816848070 1 8
4 9 6 5 1 8 0 3 

1011 5722708065075930897 1 8
4 1 8 0 9 6 7 5 

951 12575196867981656508 1 8
4 9 7 5 1 2 8 0 

887 3529160895920700379 1 8
4 9 6 5 1 2 8 0 

927 10593151804297198200 1 8
4 9 7 1 2 8 3 0 

831 3104663313577260816 1 8
4 9 5 1 2 8 3 0 

1006 6447884302225685335 1 8
1 2 8 3 9 7 5 6 

975 9664363039985874203 1 8
9 7 6 1 2 8 3 0 

957 4289324058757185767 1 8
4 9 7 5 2 3 0 8 

703 2302554994872664088 1 8
4 9 7 5 1 2 3 0 

766 7187807816074144361 1 8
4 1 2 3 9 6 7 5 

765 4289324058757185767 1 8
4 2 3 0 9 7 5 6 

751 17316960016439179388 1 8
1 2 3 0 9 7 5 6 

639 12385423217801446323 1 8
4 9 6 5 1 2 3 0 

763 12278800345950486419 1 8
4 1 0 3 9 6 7 5 

735 2199106249722265289 1 8
4 9 6 7 1 2 3 0 

759 12113542159824421218 1 8
4 1 2 0 9 6 7 5 

1003 5542738982262338430 1 8
1 8 0 3 9 7 5 6 

495 10687426292378936585 2 8
5 7 6 1 2 8 3 0 
7 5 6 1 2 8 3 0 

943 16307408356438834777 1 8
9 7 5 1 2 8 3 0 

999 4282213446881218189 1 8
1 2 8 0 9 7 5 6 

447 701113257376671580 1 8
4 7 5 1 2 8 3 0 

255 15041494353410460619 1 8
4 6 7 5 1 2 3 0 

879 9014278009228052341 1 8
9 5 6 1 2 8 3 0 

479 316644540742027483 1 8
4 6 7 1 2 8 3 0 

510 2771712622960799007 1 8
4 6 7 5 1 2 8 3 

509 18202261276029325090 1 8
4 7 5 6 2 3 0 8 

503 4188749974776716494 1 8
4 6 7 5 1 2 8 0 

507 14809444718834013539 1 8
4 6 5 7 1 8 0 3 

383 9844108841597999295 1 8
4 6 5 1 2 8 3 0 

1878 14711762944722007182 2 7
4 1 2 8 10 9 6 
4 10 9 6 1 2 8 

2002 14435652507508604919 1 7
4 1 8 9 10 6 7 

2004 11603871435205664533 1 7
4 2 8 10 9 6 7 

1884 9347166965939950280 1 7
4 10 9 6 2 8 3 

2032 14113203696680443685 2 7
4 8 10 9 6 7 5 
8 4 10 9 6 7 5 

1882 4902623177553048642 1 7
4 9 10 6 1 8 3 

2001 18111801810637917980 1 7
4 8 0 10 9 6 7 

2008 13216449804086896033 1 7
4 8 3 10 9 6 7 

1912 6419647909184831703 1 7
4 8 3 10 9 6 5 

1881 2221279179646276790 1 7
4 10 9 6 8 3 0 

1908 12406394570646279708 1 7
4 2 8 10 9 6 5 

1877 14549022876343999333 1 7
4 10 9 6 2 8 0 

1906 2921353669996838409 1 7
4 1 8 9 10 6 5 

1942 8475248450529878975 1 7
4 1 2 8 10 9 7 

942 5373292537873965037 1 7
9 7 5 1 2 8 3 

1948 3576854073671770811 1 7
4 10 9 7 2 8 3 

1875 4409353875539077896 1 7
4 9 10 6 1 8 0 

871 9591203297683088933 1 7
9 5 6 1 2 8 0 

1946 1844032685205567374 1 7
4 9 10 7 1 8 3 

1972 18086122112729646894 1 7
4 2 8 10 9 7 5 

1939 8422312349956071717 1 7
4 9 10 7 1 8 0 

1970 8913136839739211262 1 7
4 1 8 9 10 5 7 

1846 14163419740994413758 1 7
4 1 2 8 10 9 5 

1822 10078472407164096357 1 7
4 10 9 1 2 8 3 

1852 5154838569197190358 1 7
4 10 9 5 2 8 3 

1941 14477427038078142993 1 7
4 10 9 7 2 8 0 

1821 6890376799208285175 1 7
4 10 9 2 8 3 0 

1845 2802393729289990451 1 7
4 10 9 5 2 8 0 

1945 2682809456494372032 1 7
4 10 9 7 8 3 0 

1905 14703300613560368972 1 7
4 8 0 10 9 6 5 

1969 17489229632877403513 1 7
4 8 0 10 9 7 5 

1850 4282852692119117356 1 7
4 9 10 5 1 8 3 

1976 1203222769902034409 1 7
4 8 3 10 9 7 5 

1815 8486030909666469015 1 7
4 10 9 1 2 8 0 

1819 15265505466690904396 1 7
4 9 10 1 8 0 3 

1849 6299013458780827127 1 7
4 10 9 5 8 3 0 

1843 15879407628096422097 1 7
4 9 10 5 1 8 0 

1993 5032559779242326352 2 7
0 3 8 10 9 6 7 
3 0 8 10 9 6 7 

1996 15459536557273102900 1 7
2 3 8 10 9 6 7 

1869 44697437693274123 1 7
10 9 6 2 3 0 8 

1870 5648943006409753468 1 7
10 9 6 1 2 8 3 

1990 5648943006409753468 1 7
1 2 8 10 9 6 7 

1994 12813090123970478932 1 7
1 8 3 10 9 6 7 

1898 14413993359013311064 1 7
1 8 3 10 9 6 5 

1900 16589591664211105811 1 7
2 3 8 10 9 6 5 

1897 11493656111582143870 2 7
0 3 8 10 9 6 5 
3 0 8 10 9 6 5 

1867 6505592591815118306 1 7
10 9 6 1 8 0 3 

1894 13999163826566835350 1 7
1 2 8 10 9 6 5 

2018 13243912389356916087 1 7
1 8 10 9 6 7 5 

1863 13999163826566835350 1 7
10 9 6 1 2 8 0 

1987 11762487186174213536 1 7
1 8 0 10 9 6 7 

1934 4682534969189106098 1 7
9 10 7 1 2 8 3 

1989 7660118107251642982 1 7
2 0 8 10 9 6 7 

2020 3314971851644929227 1 7
2 8 10 9 6 7 5 

1933 14461687577259967809 1 7
9 10 7 2 3 0 8 

1893 9591203297683088933 1 7
2 0 8 10 9 6 5 

1891 916693835355932533 1 7
1 8 0 10 9 6 5 

1961 2260752134531253573 2 7
0 3 8 10 9 7 5 
3 0 8 10 9 7 5 

1964 4955154774509978923 1 7
2 3 8 10 9 7 5 

1962 4943606238541794880 1 7
1 8 3 10 9 7 5 

1807 2866362620661435559 2 7
9 10 1 2 8 3 0 
10 9 1 2 8 3 0 

1958 6286488814239158420 1 7
1 2 8 10 9 7 5 

1838 3492467931143811435 1 7
10 9 5 1 2 8 3 

1931 11133517478540948666 1 7
9 10 7 1 8 0 3 

1927 8596608254293138622 1 7
9 10 7 1 2 8 0 

1955 17159597667749135591 1 7
1 8 0 10 9 7 5 

1957 12314109081269995798 1 7
2 0 8 10 9 7 5 

1750 10078472407164096357 1 7
4 1 2 10 9 6 7 

1831 17625793324090415266 1 7
10 9 5 1 2 8 0 

1835 3828476365478770577 1 7
10 9 5 1 8 0 3 

1754 12138995515186404469 1 7
4 1 3 9 10 6 7 

1837 848979331451484467 1 7
10 9 5 2 3 0 8 

1756 16215982223836076089 1 7
4 2 3 10 9 6 7 

1749 16881045694965862096 1 7
4 2 0 10 9 6 7 

1747 15181161440504231805 1 7
4 1 0 9 10 6 7 

1753 11292413396136694785 1 7
4 3 0 10 9 6 7 

1784 3888229998437389240 2 7
3 4 10 9 6 7 5 
4 3 10 9 6 7 5 

1778 13658470620631020752 1 7
1 4 9 10 6 5 7 

1630 8475248450529878975 1 7
4 10 9 6 1 2 3 

1777 15026630509593575349 2 7
0 4 10 9 6 7 5 
4 0 10 9 6 7 5 

1780 12416114642701452332 1 7
2 4 10 9 6 7 5 

1694 5374691794425723441 2 7
4 2 1 3 9 10 7 
4 9 10 7 2 1 3 

1623 14163419740994413758 1 7
4 10 9 6 1 2 0 

1660 18095407058208167223 1 7
4 2 3 10 9 6 5 

1629 5226176728326834592 1 7
4 10 9 6 2 3 0 

1627 18336162586601915694 1 7
4 9 10 6 1 0 3 

1654 8486030909666469015 1 7
4 1 2 10 9 6 5 

1658 16169272843695738645 1 7
4 1 3 9 10 6 5 

1687 9415997338949534733 1 7
4 1 2 0 10 9 7 

1718 16733773976720266362 1 7
4 1 2 10 9 7 5 

1721 16762176211826493994 1 7
4 3 0 10 9 7 5 

1651 4825817554341874452 1 7
4 1 0 9 10 6 5 

1653 8213194222057148929 1 7
4 2 0 10 9 6 5 

1591 13596176389673402940 2 7
4 1 2 0 10 9 5 
4 10 9 5 1 2 0 

1693 13817894842270910620 1 7
4 10 9 7 2 3 0 

1657 14232641437042696850 1 7
4 3 0 10 9 6 5 

1597 10270189639950896827 1 7
4 10 9 5 2 3 0 

1691 13198230738368100615 1 7
4 9 10 7 1 0 3 

1724 9533522768674729437 1 7
4 2 3 10 9 7 5 

1722 2113125520691755947 1 7
4 1 3 9 10 5 7 

1567 16733773976720266362 1 7
4 10 9 1 2 3 0 

1717 4216124434921288189 1 7
4 2 0 10 9 7 5 

1598 9415997338949534733 1 7
4 10 9 5 1 2 3 

1715 11055093855077688249 1 7
4 1 0 9 10 5 7 

1595 5186785386790578297 1 7
4 9 10 5 1 0 3 

1742 4682534969189106098 1 7
2 1 3 10 9 6 7 

1766 2866362620661435559 2 7
1 2 10 9 6 7 5 
2 1 10 9 6 7 5 

1741 5373292537873965037 1 7
2 3 0 10 9 6 7 

1739 8892420448741003084 1 7
1 0 3 10 9 6 7 

1769 16979579963015153032 2 7
0 3 10 9 6 7 5 
3 0 10 9 6 7 5 

1679 11088799181557802704 1 7
9 10 7 1 2 3 0 

1703 1263640548136148336 1 7
1 2 0 10 9 7 5 

1772 5132456211868865917 1 7
2 3 10 9 6 7 5 

1709 8414408143925931332 1 7
2 3 0 10 9 7 5 

1615 6286488814239158420 1 7
10 9 6 1 2 3 0 

1646 8596608254293138622 1 7
2 1 3 10 9 6 5 

1735 3492467931143811435 1 7
1 2 0 10 9 6 7 

1765 3637268290931234266 1 7
2 0 10 9 6 7 5 

1643 8652204808050158455 1 7
1 0 3 10 9 6 5 

1770 6824985304360180341 1 7
1 3 10 9 6 7 5 

1639 17625793324090415266 1 7
1 2 0 10 9 6 5 

1645 17693977189437257919 1 7
2 3 0 10 9 6 5 

1710 11088799181557802704 1 7
2 1 3 10 9 7 5 

1763 5132456211868865917 1 7
1 0 10 9 6 7 5 

1583 1263640548136148336 1 7
10 9 5 1 2 3 0 

1498 10019709434877904514 2 7
4 1 8 3 10 6 7 
4 10 6 7 1 8 3 

1707 12736533366227104457 1 7
1 0 3 10 9 7 5 

1494 4902623177553048642 1 7
4 2 1 8 10 6 7 

1500 10306171870010273227 1 7
4 10 6 7 2 8 3 

1497 13336607012128362793 1 7
4 10 6 7 8 0 3 

1491 7655185295256199181 1 7
4 1 8 0 10 6 7 

875 18016749480455530358 1 7
9 5 6 1 8 0 3 

1374 14435652507508604919 1 7
4 10 6 2 1 8 3 

1524 7233374180398966809 1 7
4 2 8 10 6 5 7 

1493 16100967817790860080 1 7
4 10 6 7 2 8 0 

1371 4557241266427352658 1 7
4 10 6 1 8 0 3 

1522 4557241266427352658 1 7
4 1 8 10 6 5 7 

1404 7894649637961642076 1 7
4 10 6 5 2 8 3 

1398 4409353875539077896 1 7
4 2 1 8 10 6 5 

1528 7736733634317717763 1 7
4 8 3 10 6 5 7 

1395 14605766756826048111 2 7
4 1 8 0 10 6 5 
4 10 6 5 1 8 0 

1521 5372907912471726946 1 7
4 8 0 10 6 5 7 

1367 2921353669996838409 1 7
4 10 6 2 1 8 0 

1402 7655185295256199181 1 7
4 10 6 5 1 8 3 

1466 17066366807695452992 1 7
4 1 8 3 10 5 7 

1468 8208672037962808359 1 7
4 10 5 7 2 8 3 

1373 5349446400071052917 1 7
4 10 6 2 8 3 0 

1437 8349873652851652911 1 7
4 10 7 2 8 3 0 

1401 9860924234563945468 1 7
4 10 6 5 8 0 3 

1438 12138995515186404469 1 7
4 10 7 2 1 8 3 

1397 7896422498016324560 1 7
4 10 6 5 2 8 0 

1462 18336162586601915694 1 7
4 2 1 8 10 5 7 

1435 14245937563117762972 1 7
4 10 7 1 8 0 3 

1465 4844501255198849802 1 7
4 10 5 7 8 0 3 

1342 15181161440504231805 1 7
4 10 5 2 1 8 3 

1431 16169272843695738645 1 7
4 10 7 2 1 8 0 

1459 6128953454404352599 1 7
4 1 8 0 10 5 7 

1461 8270398937408612484 1 7
4 10 5 7 2 8 0 

1335 4825817554341874452 1 7
4 10 5 2 1 8 0 

1486 12813090123970478932 1 7
10 6 7 1 2 8 3 

1341 7972544656690428896 1 7
4 10 5 2 8 3 0 

1339 7739232839498001488 1 7
4 10 5 1 8 0 3 

1311 13658470620631020752 1 7
10 4 2 1 8 0 3 

1479 14413993359013311064 1 7
10 6 7 1 2 8 0 

1510 6505592591815118306 1 7
1 2 8 10 6 5 7 

1516 6701259804737002348 1 7
2 3 8 10 6 5 7 

1514 13797150752778284661 1 7
1 8 3 10 6 5 7 

1485 6574863300315460993 1 7
10 6 7 2 3 0 8 

1513 9108192797390125860 2 7
0 3 8 10 6 5 7 
3 0 8 10 6 5 7 

1483 13797150752778284661 1 7
10 6 7 1 8 0 3 

1390 11762487186174213536 1 7
10 6 5 1 2 8 3 

1507 379423897441949933 1 7
1 8 0 10 6 5 7 

1509 18016749480455530358 1 7
2 0 8 10 6 5 7 

1359 13243912389356916087 1 7
10 6 1 2 8 3 0 

1387 379423897441949933 1 7
10 6 5 1 8 0 3 

1454 8892420448741003084 1 7
10 5 7 1 2 8 3 

1383 916693835355932533 1 7
10 6 5 1 2 8 0 

1389 6310614558263069976 1 7
10 6 5 2 3 0 8 

1246 1844032685205567374 1 7
4 2 1 3 10 6 7 

1447 8652204808050158455 1 7
10 5 7 1 2 8 0 

1423 6824985304360180341 1 7
10 7 1 2 8 3 0 

1451 9869506028844958896 1 7
10 5 7 1 8 0 3 

1453 10137564422746569056 1 7
10 5 7 2 3 0 8 

1276 16404492705047419499 1 7
4 2 3 10 6 5 7 

1211 12629948138645482520 2 7
4 1 0 3 10 5 7 
4 10 5 7 1 0 3 

1274 14245937563117762972 1 7
4 1 3 10 6 5 7 

1245 9516336271198701685 1 7
4 10 6 7 2 3 0 

1327 5132456211868865917 1 7
10 5 1 2 8 3 0 

1243 17066366807695452992 1 7
4 10 6 7 1 0 3 

1270 15265505466690904396 1 7
4 2 1 10 6 5 7 

1239 4282852692119117356 1 7
4 2 1 0 10 6 7 

1150 8422312349956071717 1 7
4 2 1 3 10 6 5 

1213 1666762892225024097 1 7
4 10 5 7 2 3 0 

1119 8913136839739211262 1 7
4 10 6 2 1 0 3 

1267 7739232839498001488 1 7
4 1 0 10 6 5 7 

1143 15879407628096422097 1 7
4 2 1 0 10 6 5 

1273 14957065059876803962 1 7
4 0 3 10 6 5 7 

1149 13757545178279958214 1 7
4 10 6 5 2 3 0 

1269 11746279407212641479 1 7
4 2 0 10 6 5 7 

1147 6128953454404352599 1 7
4 10 6 5 1 0 3 

1214 13198230738368100615 1 7
4 2 1 3 10 5 7 

1183 2113125520691755947 1 7
4 10 7 2 1 0 3 

1207 5186785386790578297 1 7
4 2 1 0 10 5 7 

1087 11055093855077688249 1 7
4 10 5 2 1 0 3 

988 13515637238357419331 2 7
4 2 3 8 9 7 6 
4 9 7 6 2 3 8 

1262 11133517478540948666 1 7
2 1 3 10 6 5 7 

1135 17159597667749135591 1 7
10 6 5 1 2 3 0 

1199 12736533366227104457 1 7
10 5 7 1 2 3 0 

1255 3828476365478770577 1 7
1 2 0 10 6 5 7 

1231 4943606238541794880 1 7
10 6 7 1 2 3 0 

1259 9869506028844958896 1 7
1 0 3 10 6 5 7 

1261 10242160048193584122 1 7
2 3 0 10 6 5 7 

986 10306171870010273227 1 7
4 1 8 3 9 6 7 

982 9347166965939950280 1 7
4 1 2 8 9 6 7 

862 11603871435205664533 1 7
4 9 6 1 2 8 3 

885 15245244456824520557 2 7
4 2 0 8 9 5 6 
4 9 5 6 2 0 8 

1010 5349446400071052917 1 7
4 1 8 9 6 7 5 

1012 5473116446494471566 1 7
4 2 8 9 7 5 6 

985 17064718234065366449 1 7
4 9 7 6 3 0 8 

1016 1216198328206607002 1 7
4 3 8 9 7 5 6 

981 13899084615832119184 1 7
4 9 7 6 2 0 8 

979 7894649637961642076 1 7
4 1 8 0 9 6 7 

855 12406394570646279708 1 7
4 9 6 1 2 8 0 

926 16215982223836076089 1 7
4 9 7 1 2 8 3 

886 14549022876343999333 1 7
4 1 2 8 9 6 5 

892 13899084615832119184 1 7
4 2 3 8 9 5 6 

890 16100967817790860080 1 7
4 1 8 3 9 6 5 

861 5473116446494471566 1 7
4 9 6 2 3 0 8 

1009 5579282559435045745 1 7
4 0 8 9 7 5 6 

956 9697528057863511081 1 7
4 9 7 5 2 3 8 

883 7896422498016324560 1 7
4 1 8 0 9 6 5 

859 7233374180398966809 1 7
4 9 6 1 8 0 3 

925 2348582430064421635 1 7
4 9 7 2 3 0 8 

889 3880282077475712217 1 7
4 9 5 6 3 0 8 

950 5226176728326834592 1 7
4 1 2 8 9 7 5 

919 18095407058208167223 1 7
4 9 7 1 2 8 0 

954 9516336271198701685 1 7
4 1 8 3 9 7 5 

949 8661973679002040186 1 7
4 9 7 5 2 0 8 

953 10609664775506779301 1 7
4 9 7 5 3 0 8 

923 16404492705047419499 1 7
4 9 7 1 8 0 3 

829 11426927797626535184 1 7
4 9 5 2 3 0 8 

830 16881045694965862096 1 7
4 9 5 1 2 8 3 

947 13757545178279958214 1 7
4 1 8 0 9 7 5 

827 11746279407212641479 1 7
4 9 5 1 8 0 3 

823 8213194222057148929 1 7
4 9 5 1 2 8 0 

799 12416114642701452332 1 7
9 4 1 2 8 3 0 

734 3576854073671770811 1 7
4 1 2 3 9 6 7 

974 15459536557273102900 1 7
9 7 6 1 2 8 3 

764 2348582430064421635 1 7
4 2 3 9 7 5 6 

733 9697528057863511081 1 7
4 2 3 0 9 7 6 

998 44697437693274123 1 7
1 2 8 9 7 5 6 

1004 12860291722163909338 1 7
2 3 8 9 7 5 6 

1001 6829209494894176282 2 7
0 3 8 9 7 5 6 
3 0 8 9 7 5 6 

971 6701259804737002348 1 7
9 7 6 1 8 0 3 

1002 6574863300315460993 1 7
1 8 3 9 7 5 6 

973 12860291722163909338 1 7
9 7 6 2 3 0 8 

967 16589591664211105811 1 7
9 7 6 1 2 8 0 

935 17693977189437257919 1 7
9 7 5 1 2 8 0 

731 8208672037962808359 1 7
4 1 0 3 9 6 7 

997 12419835818338853345 1 7
2 0 8 9 7 5 6 

762 8349873652851652911 1 7
4 1 3 9 6 7 5 

995 6310614558263069976 1 7
1 8 0 9 7 5 6 

939 10242160048193584122 1 7
9 7 5 1 8 0 3 

878 7660118107251642982 1 7
9 5 6 1 2 8 3 

911 5132456211868865917 1 7
9 7 1 2 8 3 0 

877 12419835818338853345 1 7
9 5 6 2 3 0 8 

815 3637268290931234266 1 7
9 5 1 2 8 3 0 

941 5221204771786107868 1 7
9 7 5 2 3 0 8 

758 6890376799208285175 1 7
4 1 2 9 6 7 5 

761 9238988300684324000 1 7
4 3 0 9 7 5 6 

847 3314971851644929227 1 7
9 6 1 2 8 3 0 

727 5154838569197190358 1 7
4 1 2 0 9 6 7 

638 14477427038078142993 1 7
4 1 2 3 9 6 5 

695 10270189639950896827 1 7
4 1 2 0 9 7 5 

699 1666762892225024097 1 7
4 1 0 3 9 7 5 

607 18086122112729646894 1 7
4 9 6 1 2 3 0 

755 7972544656690428896 1 7
4 1 0 9 6 7 5 

757 11426927797626535184 1 7
4 2 0 9 7 5 6 

631 2802393729289990451 1 7
4 1 2 0 9 6 5 

1414 5761717060763643153 1 5
10 7 1 2 8 

1476 7661626607329160159 1 5
2 8 10 6 7 

1474 8094918265168172824 1 5
1 8 10 6 7 

1356 8043050740186739601 1 5
10 6 2 3 8 

247 6299013458780827127 1 7
4 1 2 0 6 7 5 

1354 8094918265168172824 1 5
10 6 1 8 3 

245 6082068002397094761 1 6
4 2 0 7 5 6 

1349 13725631736421716463 1 5
10 6 2 0 8 

1444 15309452336737770560 1 5
2 8 10 5 7 

1380 11564592519841986124 1 5
2 8 10 6 5 

1418 6701291302249038485 1 5
10 7 1 8 3 

309 6572434757070642412 2 5
4 5 2 0 8 
5 4 2 0 8 

1417 8223589351330554053 2 5
10 7 3 0 8 
10 7 0 3 8 

308 3042617568013502106 2 4
4 5 2 8 
5 4 2 8 

1234 12775016396037658593 1 5
1 4 10 6 7 

125 8740601761165566121 1 6
4 5 6 2 3 0 

1178 17848327724691571540 2 5
4 1 3 10 7 
4 10 7 1 3 

1411 12794807968718696837 1 5
10 7 1 8 0 

1413 16271518773437723365 1 5
10 7 2 0 8 

1287 7345868114399161116 1 5
10 1 2 8 0 

178 9305148231598212184 1 4
1 4 5 7 

1317 10653677086788813053 1 5
10 5 2 0 8 

1116 15914916010708339292 1 5
4 10 6 2 3 

1114 4078071428253282071 1 5
4 10 6 1 3 

1208 7393978233153715983 2 5
3 4 10 5 7 
4 3 10 5 7 

1180 18182758003380018934 1 5
4 2 3 10 7 

1177 2993529645055613618 1 5
4 10 7 0 3 

1053 12747956977016264411 1 5
10 4 2 3 0 

1084 14822783161648081384 1 5
4 10 5 2 3 

1054 9617922585595306332 1 5
10 4 2 1 3 

1047 11109183825215344865 1 5
10 4 2 1 0 

1051 8385965178807612118 1 5
10 4 1 0 3 

1226 6701291302249038485 1 5
1 3 10 6 7 

117 6545497621172955367 1 5
4 2 0 5 6 

1221 14657403925181359771 1 5
2 0 10 6 7 

1101 10404996295021750473 1 5
10 6 2 3 0 

1069 14201186870811660871 1 5
10 5 2 3 0 

1163 13044397492618815305 1 5
10 7 1 0 3 

54 10482083773148119128 2 4
4 5 1 2 
5 4 1 2 

852 10853608038830061144 2 5
4 2 8 9 6 
4 9 6 2 8 

1189 13397556053941689491 1 5
2 0 10 5 7 

820 6041974535792919099 1 5
4 9 5 2 8 

1929 5074380482336879283 2 6
9 10 7 0 3 8 
9 10 7 3 0 8 

1039 734561858763070642 1 5
10 1 2 3 0 

914 15914916010708339292 1 5
4 1 8 9 7 

916 5188240225913018230 1 5
4 9 7 2 8 

856 11746028249221519349 1 5
4 9 6 3 8 

976 3576072509510343263 2 5
4 8 9 7 6 
8 4 9 7 6 

920 14205863359414907893 1 5
4 9 7 3 8 

838 15176389795544466485 1 5
9 6 1 2 8 

790 8071280434373662174 1 5
9 4 1 2 8 

964 16565097652623849223 1 5
2 8 9 7 6 

794 5738462272655256619 1 5
9 4 1 8 3 

818 9722603183196195721 1 5
4 1 8 9 5 

902 9957818640452144993 1 5
9 7 1 2 8 

796 8556379030757442441 1 5
9 4 2 3 8 

824 18102545920666420419 1 5
4 9 5 3 8 

841 1333730096126880300 2 5
9 6 3 0 8 
9 6 0 3 8 

908 16718309717604155581 1 5
9 7 2 3 8 

906 13681229553533419967 1 5
9 7 1 8 3 

817 6545497621172955367 1 5
4 9 5 0 8 

1926 4749987560143376457 1 6
1 2 8 9 10 7 

793 12404179770739005781 1 5
9 4 3 0 8 

844 16565097652623849223 1 5
9 6 2 3 8 

868 4104205771278437345 1 5
2 8 9 5 6 

866 13725631736421716463 1 5
1 8 9 5 6 

1378 757818038497373684 1 5
1 8 10 6 5 

837 4104205771278437345 1 5
9 6 2 0 8 

842 7661626607329160159 1 5
9 6 1 8 3 

932 11278198801001656020 1 5
2 8 9 7 5 

835 11564592519841986124 1 5
9 6 1 8 0 

1944 5833109359940686133 1 6
4 8 3 10 9 7 

905 4819618649829212397 2 5
9 7 3 0 8 
9 7 0 3 8 

1353 13189346907889060453 2 5
10 6 3 0 8 
10 6 0 3 8 

244 12404179770739005781 1 5
2 4 7 5 6 

812 2515186924014152805 1 5
9 5 2 3 8 

899 10896189806212628681 1 5
9 7 1 8 0 

930 10404996295021750473 1 5
1 8 9 7 5 

1442 12404869281381027609 1 5
1 8 10 5 7 

901 10653677086788813053 1 5
9 7 2 0 8 

810 14657403925181359771 1 5
9 5 1 8 3 

779 10241621080537287158 1 5
9 1 8 0 3 

1350 5540723536881297476 1 5
10 6 1 2 8 

241 15807849130926469836 2 5
0 4 7 5 6 
4 0 7 5 6 

809 798384338451254779 2 5
9 5 3 0 8 
9 5 0 3 8 

1322 13681229553533419967 1 5
10 5 1 8 3 

213 18102545920666420419 1 5
4 2 0 7 6 

781 16110455328555374295 1 5
9 2 3 0 8 

1890 12023043609863433185 1 6
1 8 10 9 6 5 

1347 757818038497373684 1 5
10 6 1 8 0 

238 5074380482336879283 2 6
2 1 3 5 7 6 
2 1 3 7 5 6 

806 18443601170824319941 1 5
9 5 1 2 8 

666 18182758003380018934 1 5
4 9 7 1 3 

346 4632910874305496443 2 5
4 6 1 8 3 
6 4 1 8 3 

724 8556379030757442441 1 5
2 4 9 7 6 

1833 8655489141081003318 2 6
10 9 5 3 0 8 
10 9 5 0 3 8 

803 8194049645606680831 1 5
9 5 1 8 0 

668 9845228514746009688 2 5
4 2 3 9 7 
4 9 7 2 3 

604 5188240225913018230 1 5
4 2 3 9 6 

1713 12903456178776222853 2 6
0 4 10 9 7 5 
4 0 10 9 7 5 

542 4967115120373103507 1 5
9 4 1 2 3 

563 9849502524401825967 1 5
4 1 0 9 5 

1107 5985514948394238318 1 5
4 10 6 1 0 

566 11025825639393814028 1 5
4 1 2 9 5 

1675 1615766177325179555 1 6
9 10 7 1 0 3 

1113 16282442280763241585 1 5
4 10 6 0 3 

572 2977446254101246104 1 5
4 2 3 9 5 

1681 16998897905257133716 2 5
0 4 9 10 7 
4 0 9 10 7 

570 5403141748317765859 1 5
4 1 3 9 5 

1082 15236638806521043563 1 5
4 10 5 1 3 

541 17108555175367631047 1 5
9 4 2 3 0 

1650 10331949202322659090 1 6
1 4 9 10 6 5 

716 16718309717604155581 1 5
2 3 9 7 6 

1130 12794807968718696837 1 5
1 3 10 6 5 

589 11278198801001656020 1 5
9 6 2 3 0 

1698 734561858763070642 1 5
1 10 9 7 5 

1219 13681229553533419967 1 5
1 0 10 6 7 

678 2803633877631608834 2 5
1 2 9 7 5 
2 1 9 7 5 

1110 9641941820215739736 1 5
4 2 1 10 6 

569 12340238385161690789 1 5
4 9 5 3 0 

1678 5489916477096683854 2 6
2 1 3 9 10 7 
9 10 7 2 1 3 

1250 10241621080537287158 1 5
1 10 6 5 7 

709 2515186924014152805 1 5
2 0 9 7 6 

1818 15505696493605019346 1 6
4 9 10 1 8 3 

590 14110507926241136771 1 5
9 6 2 1 3 

1699 2582844830055189793 1 6
1 0 10 9 7 5 

740 16110455328555374295 1 5
2 9 7 5 6 

587 15309452336737770560 1 5
9 6 1 0 3 

738 16110455328555374295 1 5
1 9 7 5 6 

1159 10946142220234542836 1 5
10 7 1 2 0 

50 1865981514576648782 2 3
1 4 5 
1 5 4 

618 16271518773437723365 1 5
1 3 9 5 6 

654 11682508944203858447 1 5
9 7 2 1 3 

555 13397556053941689491 1 5
9 5 1 0 3 

1225 11386904059971283968 2 5
0 3 10 6 7 
3 0 10 6 7 

116 13846595144934273728 1 4
2 4 5 6 

684 14201186870811660871 1 5
2 3 9 7 5 

1194 13044397492618815305 1 5
1 3 10 5 7 

85 9496842811626581061 2 4
4 6 2 0 
6 4 2 0 

653 14201186870811660871 1 5
9 7 2 3 0 

1762 7782877276180662982 1 6
1 10 9 6 7 5 

611 10653677086788813053 1 5
1 0 9 5 6 

1720 10063709893084399917 2 6
3 4 9 10 5 7 
4 3 9 10 5 7 

651 1853785943969083998 1 5
9 7 1 0 3 

1222 1749310243290155997 2 5
1 2 10 6 7 
2 1 10 6 7 

681 6997324088757582644 2 5
0 3 9 7 5 
3 0 9 7 5 

682 17294479479371985413 1 5
1 3 9 7 5 

345 2818523661252615451 4 5
4 6 0 3 8 
4 6 3 0 8 
6 4 3 0 8 
6 4 0 3 8 

1099 12404869281381027609 1 5
10 6 1 0 3 

558 8344476600283039157 1 5
9 5 2 1 3 

1667 11682508944203858447 1 5
1 0 9 10 7 

675 14201186870811660871 1 5
1 0 9 7 5 

465 9637728406436976828 2 5
4 0 8 7 6 
4 7 6 0 8 

1574 466614113854792416 2 5
1 2 10 9 5 
2 1 10 9 5 

468 11746028249221519349 1 5
4 2 8 7 6 

1577 14655303254377963090 2 5
0 3 10 9 5 
3 0 10 9 5 

348 3576072509510343263 2 5
4 6 2 3 8 
6 4 2 3 8 

1457 16319729018687901387 1 6
4 8 0 10 5 7 

913 10924208920960655847 1 5
4 9 7 0 8 

372 446156540382217018 1 5
4 2 8 5 6 

1481 12730169969058900349 2 6
10 6 7 3 0 8 
10 6 7 0 3 8 

341 1484641203276646914 2 5
4 6 2 0 8 
6 4 2 0 8 

1450 4332267203880044479 1 6
1 8 3 10 5 7 

376 9637728406436976828 2 5
4 3 8 5 6 
4 5 6 3 8 

412 10288243322175733968 2 5
4 7 2 3 8 
7 4 2 3 8 

409 15807849130926469836 2 5
4 7 0 3 8 
7 4 0 3 8 

880 1484641203276646914 2 5
4 8 9 5 6 
8 4 9 5 6 

339 13213462845518978833 2 5
4 6 1 8 0 
6 4 1 8 0 

410 1811791131152626912 2 5
4 7 1 8 3 
7 4 1 8 3 

370 4279197343989186885 1 5
4 1 8 6 5 

406 9204771153309133061 2 5
4 7 1 2 8 
7 4 1 2 8 

405 8757494821207154228 2 5
4 7 2 0 8 
7 4 2 0 8 

422 17899253786776108122 2 5
5 7 1 2 8 
7 5 1 2 8 

310 8033956254631912176 2 5
4 5 1 2 8 
5 4 1 2 8 

1419 18160048469819267726 1 6
10 7 1 8 0 3 

434 16282442280763241585 1 5
4 1 8 5 7 

1543 466614113854792416 2 5
9 10 1 2 0 
10 9 1 2 0 

440 16361123817481253198 1 5
4 5 7 3 8 

1549 2803633877631608834 2 5
9 10 2 3 0 
10 9 2 3 0 

314 2423241343565102040 2 5
4 5 1 8 3 
5 4 1 8 3 

428 10552253425602653530 2 5
5 7 2 3 8 
7 5 2 3 8 

316 15889313892198236212 2 5
4 5 2 3 8 
5 4 2 3 8 

1425 3554184615571586593 1 5
4 10 7 8 0 

436 16518947267999588119 1 5
4 2 8 7 5 

1545 974794621929523775 4 4
9 10 0 3 
9 10 3 0 
10 9 3 0 
10 9 0 3 

850 1696730174969715315 1 5
4 1 8 9 6 

419 8932240696804592707 2 5
5 7 1 8 0 
7 5 1 8 0 

426 11386904059971283968 2 5
5 7 1 8 3 
7 5 1 8 3 

944 6914914631545964545 2 5
4 8 9 7 5 
8 4 9 7 5 

403 2227265056257441830 2 5
4 7 1 8 0 
7 4 1 8 0 

484 1333730096126880300 2 5
2 8 7 5 6 
2 8 5 7 6 

1593 13440642948711086327 1 6
4 3 0 10 9 5 

313 15807849130926469836 2 5
4 5 3 0 8 
5 4 3 0 8 

1422 315003344437251657 1 6
10 7 1 2 8 3 

433 16361123817481253198 1 5
4 7 5 0 8 

1542 15335460889199285929 8 4
1 2 9 10 
1 2 10 9 
2 1 9 10 
2 1 10 9 
9 10 1 2 
9 10 2 1 
10 9 2 1 
10 9 1 2 

425 10729626786035307665 4 5
5 7 0 3 8 
5 7 3 0 8 
7 5 3 0 8 
7 5 0 3 8 

482 13189346907889060453 2 5
1 8 7 5 6 
1 8 5 7 6 

789 12744185565252293561 1 5
9 4 2 0 8 

248 15807849130926469836 2 5
3 4 5 7 6 
4 3 5 7 6 

1357 1613555285823529593 1 6
10 6 2 3 0 8 

962 8043050740186739601 1 5
1 8 9 7 6 

421 7585769381505428643 2 5
5 7 2 0 8 
7 5 2 0 8 

93 6914914631545964545 2 5
4 6 2 3 0 
6 4 2 3 0 

1202 8385965178807612118 1 5
1 4 10 5 7 

782 7281959677476676703 1 5
9 1 2 8 3 

220 14205863359414907893 1 5
4 2 3 7 6 

1329 12759046273607201633 1 5
4 10 5 8 0 

1233 2423241343565102040 2 5
0 4 10 6 7 
4 0 10 6 7 

124 10924208920960655847 1 5
4 2 3 5 6 

692 17108555175367631047 1 5
2 4 9 7 5 

1801 3218679784113531201 4 5
9 10 0 3 8 
9 10 3 0 8 
10 9 3 0 8 
10 9 0 3 8 

151 8534876818837562903 2 5
4 7 1 2 0 
7 4 1 2 0 

1260 15921111928418831877 1 6
2 3 10 6 5 7 

1293 16110455328555374295 1 5
10 2 3 0 8 

184 12657553381509885184 2 4
3 4 5 7 
4 3 5 7 

211 15464556897530601998 1 5
4 1 0 6 7 

217 16361123817481253198 1 5
4 0 3 7 6 

1326 15170575928631949127 1 6
10 5 1 2 8 3 

1324 16718309717604155581 1 5
10 5 2 3 8 

215 6671224662297361236 1 6
4 6 7 1 2 0 

242 17064289077524830644 1 5
1 4 6 5 7 

1351 12023043609863433185 1 6
10 6 1 2 8 0 

1204 12141069865265332979 1 5
2 4 10 5 7 

95 12487006494588127144 2 6
4 6 1 2 3 0 
6 4 1 2 3 0 

122 3554184615571586593 1 5
4 1 3 6 5 

1173 5403141748317765859 1 5
4 10 7 2 0 

632 8757494821207154228 2 5
3 4 9 5 6 
4 3 9 5 6 

91 13291446887527618723 2 5
4 6 1 0 3 
6 4 1 0 3 

665 13934798831886170821 1 5
4 9 7 3 0 

115 12759046273607201633 1 5
4 1 0 6 5 

659 14822783161648081384 1 5
4 1 0 9 7 

118 13356011222819878030 1 5
4 1 2 6 5 

1227 4332267203880044479 1 6
10 6 7 1 0 3 

602 6509419945444422864 1 5
4 1 3 9 6 

61 1721376564429112251 2 5
4 5 2 3 0 
5 4 2 3 0 

1170 18222917648061124542 1 4
1 4 10 7 

1240 1811791131152626912 2 5
3 4 10 6 7 
4 3 10 6 7 

158 9674449288298487910 2 5
4 7 2 1 3 
7 4 2 1 3 

1144 2227265056257441830 2 5
3 4 10 6 5 
4 3 10 6 5 

62 16998897905257133716 2 5
4 5 2 1 3 
5 4 2 1 3 

1171 15236638806521043563 1 5
4 1 0 10 7 

157 14205161590668575583 2 5
4 7 2 3 0 
7 4 2 3 0 

1266 15563185659056950251 1 6
1 4 10 6 5 7 

722 9762378705292288816 1 5
1 4 9 6 7 

181 12340238385161690789 1 5
4 2 0 7 5 

1290 17249956850952191888 1 4
10 1 8 3 

188 13934798831886170821 1 5
4 2 3 7 5 

1297 12164177207465062326 1 4
10 4 8 0 

186 2993529645055613618 1 5
4 1 3 5 7 

1295 7782877276180662982 1 6
10 1 2 8 3 0 

662 7714464007542683834 1 5
4 1 2 9 7 

121 16361123817481253198 1 5
4 3 0 5 6 

1230 13030103254232690393 1 6
2 1 3 10 6 7 

696 14205161590668575583 2 5
3 4 9 7 5 
4 3 9 7 5 

1805 18016753754911932257 2 6
9 10 2 3 0 8 
10 9 2 3 0 8 

155 7393978233153715983 2 5
4 7 1 0 3 
7 4 1 0 3 

182 10121006766536275291 1 5
4 1 2 7 5 

1291 10241621080537287158 1 5
10 1 8 0 3 

179 5116070052936354808 1 5
4 1 0 5 7 

1126 5436296307386872699 2 5
1 2 10 6 5 
2 1 10 6 5 

585 6448398550735966712 2 4
9 6 3 0 
9 6 0 3 

1100 14576404446868816261 1 4
10 6 2 3 

612 10583821246749205518 1 4
2 9 5 6 

1220 17249956850952191888 1 4
2 10 6 7 

579 5041890686934464328 1 4
1 0 9 6 

1688 9674449288298487910 2 5
3 4 9 10 7 
4 3 9 10 7 

836 1252368376207042895 2 4
2 8 9 6 
9 6 2 8 

1093 16901281777011334971 1 4
10 6 2 0 

610 10583821246749205518 1 4
1 9 5 6 

583 5483581443628726148 1 5
9 6 1 2 0 

1692 11807772819994521215 1 6
4 2 3 10 9 7 

1124 6141846557871844103 1 4
2 10 6 5 

650 8430977408831083148 1 4
9 7 1 3 

523 8907892405622264971 1 4
9 1 0 3 

1321 4819618649829212397 2 5
10 5 3 0 8 
10 5 0 3 8 

212 1480770612674094432 1 4
2 4 7 6 

780 521191433190012209 1 4
9 2 3 8 

496 2818523661252615451 4 5
4 8 7 5 6 
4 8 5 7 6 
8 4 7 5 6 
8 4 5 7 6 

1605 18443601170824319941 1 5
2 0 10 9 6 

1037 16062917541679160277 1 4
10 2 3 0 

185 17485848144453044125 4 5
4 3 0 7 5 
4 0 3 5 7 
4 5 7 0 3 
4 7 5 3 0 

1294 7281959677476676703 1 5
10 1 2 8 3 

1808 17578024833241022448 2 4
4 8 10 9 
8 4 10 9 

1095 8591202254608586966 1 5
10 6 1 2 0 

554 1014763356434029465 1 4
1 3 9 5 

527 734561858763070642 1 5
9 1 2 3 0 

1636 7345868114399161116 1 5
2 10 9 6 5 

1068 8669532955167132588 2 4
2 3 10 5 
10 5 2 3 

676 16062917541679160277 1 4
2 9 7 5 

162 17345605814753414643 2 3
1 5 7 
1 7 5 

1236 5738462272655256619 1 5
2 4 10 6 7 

127 17489229632877403513 1 7
4 6 5 1 2 3 0 

154 595418421429957360 2 4
4 7 1 3 
7 4 1 3 

340 3187251397560973679 2 4
4 6 2 8 
6 4 2 8 

1449 12211226630448096190 2 6
10 5 7 3 0 8 
10 5 7 0 3 8 

1165 17294479479371985413 1 5
10 7 2 3 0 

56 14008880805489720900 6 3
3 4 5 
3 5 4 
4 3 5 
4 5 3 
5 4 3 
5 3 4 

83 258918123752153704 2 4
4 6 1 0 
6 4 1 0 

86 17578024833241022448 2 4
4 6 1 2 
6 4 1 2 

1195 5948189041918198026 2 6
1 0 3 10 5 7 
10 5 7 1 0 3 

59 4120436315189225176 2 5
4 5 1 0 3 
5 4 1 0 3 

600 2644891797840367417 2 4
3 4 9 6 
4 3 9 6 

1174 8813102380804240965 1 5
4 2 1 10 7 

92 17901649477720412449 2 4
4 6 2 3 
6 4 2 3 

1201 4120436315189225176 2 5
0 4 10 5 7 
4 0 10 5 7 

89 2915755619415678227 4 4
4 6 0 3 
4 6 3 0 
6 4 3 0 
6 4 0 3 

1198 1615766177325179555 1 6
2 1 3 10 5 7 

661 2977446254101246104 1 5
4 9 7 2 0 

120 7636520805661878029 2 4
3 4 5 6 
4 3 5 6 

1229 5488989196301373153 1 6
10 6 7 2 3 0 

626 13299039849023213166 1 5
1 4 9 6 5 

156 17920581861003526567 2 4
4 7 2 3 
7 4 2 3 

1265 14102967611772191530 2 6
0 4 10 6 5 7 
4 0 10 6 5 7 

1196 1853785943969083998 1 5
2 3 10 5 7 

87 7726979484797401023 2 5
4 6 1 2 0 
6 4 1 2 0 

114 12164177207465062326 1 4
1 4 6 5 

1223 1149792705379750839 1 6
1 2 0 10 6 7 

674 16062917541679160277 1 4
1 9 7 5 

647 2054134204299533079 1 5
9 7 1 2 0 

1188 8907892405622264971 1 4
2 10 5 7 

547 9841794111709309619 1 4
1 0 9 5 

1656 1652097955532067600 2 6
3 4 10 9 6 5 
4 3 10 9 6 5 

804 3650257468544891649 1 4
9 5 2 8 

420 6448398550735966712 2 4
2 8 7 5 
2 8 5 7 

163 9502514850525366197 2 4
1 0 5 7 
1 0 7 5 

1272 16998093534852990210 2 6
3 4 10 6 5 7 
4 3 10 6 5 7 

707 16718309717604155581 1 5
1 0 9 7 6 

1816 15811174533894149607 1 5
4 10 9 8 3 

166 974794621929523775 4 4
1 2 5 7 
1 2 7 5 
2 1 5 7 
2 1 7 5 

849 446156540382217018 1 5
4 9 6 0 8 

51 17920581861003526567 2 4
4 5 1 0 
5 4 1 0 

595 8878095714056835774 1 5
4 1 0 9 6 

1109 9722603183196195721 1 5
4 10 6 2 0 

568 854969135505354246 2 4
3 4 9 5 
4 3 9 5 

1677 11298019015304499538 1 6
9 10 7 2 3 0 

312 7636520805661878029 2 4
4 5 3 8 
5 4 3 8 

1421 2587425650345248564 1 6
10 7 2 3 0 8 

1140 5034479759700591017 1 5
2 4 10 6 5 

58 9998586569739277936 2 4
4 5 1 3 
5 4 1 3 

1167 3652402734898712888 1 6
10 7 1 2 3 0 

601 16518947267999588119 1 5
4 9 6 3 0 

60 10053632755011944915 2 4
4 5 2 3 
5 4 2 3 

1169 9998586569739277936 2 4
0 4 10 7 
4 0 10 7 

1061 9841794111709309619 1 4
10 5 2 0 

1602 16675979211400593289 1 4
1 10 9 6 

493 6829209494894176282 2 7
5 7 6 2 3 0 8 
7 5 6 2 3 0 8 

404 2644891797840367417 2 4
4 7 2 8 
7 4 2 8 

147 10812585525202969430 2 4
4 7 1 0 
7 4 1 0 

150 11305581015063503319 2 4
4 7 2 1 
7 4 2 1 

664 17920581861003526567 2 4
3 4 9 7 
4 3 9 7 

721 15889313892198236212 2 5
0 4 9 7 6 
4 0 9 7 6 

1830 4800058713799309155 1 6
1 2 8 10 9 5 

180 8577586821683723580 1 4
2 4 7 5 

1289 11633245588610305508 2 4
10 3 0 8 
10 0 3 8 

598 13789323868438061085 1 5
4 1 2 9 6 

57 12657553381509885184 2 4
4 5 3 0 
5 4 3 0 

1166 14654477266507505416 1 5
10 7 2 1 3 

226 11633245588610305508 2 4
1 5 7 6 
1 7 5 6 

432 2915755619415678227 4 4
4 8 7 5 
4 8 5 7 
8 4 7 5 
8 4 5 7 

1541 12774247606906047667 2 4
9 10 2 0 
10 9 2 0 

1228 13681229553533419967 1 5
2 3 10 6 7 

119 11496312939603811206 1 6
4 6 5 1 2 0 

146 11764133555922381724 2 3
1 4 7 
1 7 4 

660 3741312728778998686 1 4
2 4 9 7 

1123 10896189806212628681 1 5
1 0 10 6 5 

582 10696955620749572785 2 4
1 2 9 6 
2 1 9 6 

549 10070034121984929727 2 4
2 0 9 5 
9 5 2 0 

1090 7507319254954195380 1 3
1 10 6 

1046 16987282309699588377 1 4
10 4 2 1 

1560 11305581015063503319 2 4
3 4 9 10 
4 3 9 10 

713 10552253425602653530 2 5
0 3 9 7 6 
3 0 9 7 6 

172 9502514850525366197 2 4
2 3 5 7 
2 3 7 5 

418 3606979140586727271 2 4
1 8 7 5 
1 8 5 7 

164 17345605814753414643 2 3
2 5 7 
2 7 5 

580 14203285338157250936 1 3
2 9 6 

1689 15404631563563256224 1 6
4 3 0 9 10 7 

553 1710299628719404644 2 4
9 5 3 0 
9 5 0 3 

1094 4050485025570066819 2 4
1 2 10 6 
2 1 10 6 

546 3791733370076102937 1 3
1 9 5 

644 737766349607364155 1 3
2 9 7 

617 7585769381505428643 2 5
0 3 9 5 6 
3 0 9 5 6 

1158 3765641119866976731 2 4
1 2 10 7 
2 1 10 7 

1048 11764133555922381724 2 3
10 4 3 
10 3 4 

1075 9845228514746009688 2 5
4 1 0 10 5 
4 10 5 1 0 

534 16987282309699588377 1 4
9 4 1 2 

402 770438474482146431 2 4
4 7 1 8 
7 4 1 8 

145 14008880805489720900 6 3
0 4 7 
0 7 4 
4 0 7 
4 7 0 
7 4 0 
7 0 4 

1254 16076333025823792167 2 6
1 2 10 6 5 7 
2 1 10 6 5 7 

1070 11682508944203858447 1 5
10 5 2 1 3 

529 4772124610014535693 2 3
9 4 0 
9 0 4 

1638 2613915783882419497 2 6
1 2 10 9 6 5 
2 1 10 9 6 5 

786 3848477634653417 1 4
9 4 1 8 

1043 3741312728778998686 1 4
10 4 1 0 

218 12386145326853417061 1 5
4 1 3 6 7 

1300 16455749505888048989 1 4
10 4 2 8 

191 16762176211826493994 1 7
4 7 5 1 2 3 0 

689 1721376564429112251 2 5
0 4 9 7 5 
4 0 9 7 5 

1798 12427495877970557380 2 5
9 10 1 2 8 
10 9 1 2 8 

148 1865981514576648782 2 3
2 4 7 
2 7 4 

1257 15829147014057680346 2 6
0 3 10 6 5 7 
3 0 10 6 5 7 

94 17753584098270085080 2 5
4 6 1 2 3 
6 4 1 2 3 

1203 9017668978284442586 1 6
4 1 0 10 5 7 

1176 595418421429957360 2 4
3 4 10 7 
4 3 10 7 

1193 12047073456333548504 2 5
0 3 10 5 7 
3 0 10 5 7 

84 17033239450676480300 2 3
2 4 6 
2 6 4 

652 8669532955167132588 2 4
2 3 9 7 
9 7 2 3 

214 15811174533894149607 1 5
4 1 2 6 7 

1323 15921111928418831877 1 6
10 5 1 8 0 3 

1296 2834687946042578787 2 3
10 8 4 
10 4 8 

187 8860987775901435963 1 6
4 5 7 1 0 3 

1553 10482083773148119128 2 4
0 4 10 9 
4 0 10 9 

444 10090016740006222297 1 6
4 7 5 2 3 8 

1033 17345605814753414643 2 3
10 3 0 
10 0 3 

1060 737766349607364155 1 3
2 10 5 

519 10649873618357838797 1 4
9 1 2 0 

1628 14087471118143546082 1 6
4 2 3 10 9 6 

551 8532904528901364554 1 5
9 5 1 2 0 

1092 7507319254954195380 1 3
2 10 6 

578 14203285338157250936 1 3
1 9 6 

772 14203285338157250936 1 3
9 2 8 

515 737766349607364155 1 3
9 1 0 

1624 9204771153309133061 2 5
3 4 10 9 6 
4 3 10 9 6 

1286 16675979211400593289 1 4
10 1 2 8 

177 12657553381509885184 2 4
0 4 7 5 
4 0 7 5 

1546 3765641119866976731 2 4
9 10 1 3 
10 9 1 3 

437 1278709512185125564 1 6
4 7 5 2 0 8 

1026 12564565112800770986 2 2
1 10 
10 1 

1540 11058974913590340030 2 3
2 9 10 
2 10 9 

431 16979579963015153032 2 7
5 7 1 2 8 3 0 
7 5 1 2 8 3 0 

1283 6141846557871844103 1 4
10 1 8 0 

174 9640022739659462118 2 5
5 7 2 1 3 
7 5 2 1 3 

209 7636520805661878029 2 4
0 4 7 6 
4 0 7 6 

1318 9957818640452144993 1 5
10 5 1 2 8 

1164 8430977408831083148 1 4
2 3 10 7 

55 13852050111777319420 2 5
4 5 1 2 0 
5 4 1 2 0 

82 2834687946042578787 2 3
1 4 6 
1 6 4 

1191 15405171033558805413 1 6
1 2 0 10 5 7 

1137 6060931339669617925 2 5
0 4 10 6 5 
4 0 10 6 5 

596 15968693924199352993 1 4
2 4 9 6 

1705 15953943709308444567 2 6
0 3 10 9 7 5 
3 0 10 9 7 5 

1420 8755682937535586391 1 5
10 7 2 3 8 

311 8134259861213679547 2 6
4 5 1 2 8 0 
5 4 1 2 8 0 

338 6566900562290856461 2 4
4 6 1 8 
6 4 1 8 

625 6572434757070642412 2 5
0 4 9 5 6 
4 0 9 5 6 

1734 4001245550113758762 2 6
1 2 10 9 6 7 
2 1 10 9 6 7 

1112 770438474482146431 2 4
3 4 10 6 
4 3 10 6 

514 12564565112800770986 2 2
1 9 
9 1 

1028 12564565112800770986 2 2
2 10 
10 2 

230 3218679784113531201 4 5
1 2 5 7 6 
1 2 7 5 6 
2 1 5 7 6 
2 1 7 5 6 

771 6141846557871844103 1 4
9 1 8 0 

1880 6503455808863680270 1 6
4 8 3 10 9 6 

1285 10583821246749205518 1 4
10 2 0 8 

1132 10896189806212628681 1 5
2 3 10 6 5 

643 8669532955167132588 2 4
1 0 9 7 
9 7 1 0 

1752 14377161744304611618 2 6
3 4 10 9 6 7 
4 3 10 9 6 7 

900 5041890686934464328 1 4
9 7 2 8 

1157 1014763356434029465 1 4
10 7 2 0 

1027 737766349607364155 1 3
10 1 0 

1284 14203285338157250936 1 3
10 2 8 

175 15953943709308444567 2 6
5 7 1 2 3 0 
7 5 1 2 3 0 

516 12564565112800770986 2 2
2 9 
9 2 

1625 9346092204512236512 1 6
4 3 0 10 9 6 

1030 11058974913590340030 2 3
10 2 1 
10 1 2 

306 1914105136693716311 2 4
4 5 1 8 
5 4 1 8 

1415 9098920377659441689 1 6
10 7 1 2 8 0 

539 12141069865265332979 1 5
9 4 1 0 3 

1080 10812585525202969430 2 4
3 4 10 5 
4 3 10 5 

1252 10241621080537287158 1 5
2 10 6 5 7 

170 10505647361833925542 2 4
1 3 5 7 
1 3 7 5 

548 3791733370076102937 1 3
2 9 5 

690 12747956977016264411 1 5
1 4 9 7 5 

1799 2613915783882419497 2 6
9 10 1 2 8 0 
10 9 1 2 8 0 

149 854969135505354246 2 4
4 7 2 0 
7 4 2 0 

1258 18160048469819267726 1 6
1 3 10 6 5 7 

530 9889028740991490401 2 3
1 9 4 
9 1 4 

1044 9889028740991490401 2 3
2 10 4 
10 2 4 

784 17033239450676480300 2 3
9 8 4 
9 4 8 

1041 1865981514576648782 2 3
10 4 0 
10 0 4 

1298 7568414380223576159 1 4
10 4 1 8 

189 5516795570106180712 1 6
4 7 5 2 3 0 

1138 6021959935558906368 1 5
1 4 10 6 5 

597 6041974535792919099 1 5
4 2 0 9 6 

1706 3652402734898712888 1 6
1 3 10 9 7 5 

642 737766349607364155 1 3
1 9 7 

1156 6914944076823575146 1 3
2 10 7 

1282 7507319254954195380 1 3
10 1 8 

173 6997324088757582644 2 5
5 7 2 3 0 
7 5 2 3 0 

1539 3900055591037890464 2 4
9 10 1 0 
10 9 1 0 

430 6248217096118600588 2 6
5 7 1 2 8 3 
7 5 1 2 8 3 

706 521191433190012209 1 4
1 9 7 6 

165 1710299628719404644 2 4
2 0 5 7 
2 0 7 5 

710 7881953861907287397 2 5
1 2 9 7 6 
2 1 9 7 6 

169 14380934779866056467 8 4
0 3 5 7 
0 3 7 5 
3 0 5 7 
3 0 7 5 
5 7 0 3 
5 7 3 0 
7 5 3 0 
7 5 0 3 

517 3791733370076102937 1 3
9 2 0 

1626 7028280090103675027 1 6
4 1 3 9 10 6 

1058 737766349607364155 1 3
1 10 5 

1031 10649873618357838797 1 4
10 1 2 0 

1572 10649873618357838797 1 4
2 10 9 5 

1067 1853785943969083998 1 5
10 5 1 0 3 

526 16915173590723361970 1 4
9 2 1 3 

1635 17660191175043176347 1 6
1 0 10 9 6 5 

1554 16987282309699588377 1 4
1 4 9 10 

445 9238988300684324000 1 7
4 7 5 2 3 0 8 

1034 6914944076823575146 1 3
10 1 3 

236 4819618649829212397 2 5
2 3 5 7 6 
2 3 7 5 6 

777 11633245588610305508 2 4
9 3 0 8 
9 0 3 8 

466 8062269742056226199 1 5
4 1 8 6 7 

1575 2621167305613410920 2 6
1 2 0 10 9 5 
10 9 5 1 2 0 

1548 3900055591037890464 2 4
9 10 2 3 
10 9 2 3 

439 14232641437042696850 1 7
4 7 5 1 2 8 0 

1187 1853785943969083998 1 5
1 0 10 5 7 

646 3900055591037890464 2 4
1 2 9 7 
2 1 9 7 

613 15059711820962434512 1 5
2 0 9 5 6 

1154 6914944076823575146 1 3
1 10 7 

586 12084944339274598950 1 4
1 3 9 6 

1668 16915173590723361970 1 4
2 9 10 7 

559 13083097012629683371 1 6
9 5 1 2 3 0 

401 7636520805661878029 2 4
4 7 0 8 
7 4 0 8 

658 12482043414252375686 1 4
1 4 9 7 

90 4267398537859012714 2 4
4 6 1 3 
6 4 1 3 

1172 9378695603483469388 1 4
2 4 10 7 

63 12903456178776222853 2 6
4 5 1 2 3 0 
5 4 1 2 3 0 

1036 737766349607364155 1 3
10 2 3 

1063 2054134204299533079 1 5
10 5 1 2 0 

1604 16675979211400593289 1 4
2 10 9 6 

522 6914944076823575146 1 3
9 1 3 

1062 3900055591037890464 2 4
1 2 10 5 
2 1 10 5 

521 17345605814753414643 2 3
9 3 0 
9 0 3 

778 17249956850952191888 1 4
9 1 8 3 

1035 8907892405622264971 1 4
10 1 0 3 

210 10055498151148775830 1 4
1 4 6 7 

1319 17660191175043176347 1 6
10 5 1 2 8 0 

1292 521191433190012209 1 4
10 2 3 8 

183 13440642948711086327 1 6
4 7 5 1 2 0 

153 12657553381509885184 2 4
4 7 0 3 
7 4 0 3 

1042 3204066544028014789 2 3
1 10 4 
10 1 4 

785 13846595144934273728 1 4
9 4 0 8 

1556 16987282309699588377 1 4
2 4 10 9 

1077 9849502524401825967 1 5
4 10 5 2 0 

536 1865981514576648782 2 3
9 4 3 
9 3 4 

1050 18222917648061124542 1 4
10 4 1 3 

1190 8212143267398192585 2 5
1 2 10 5 7 
2 1 10 5 7 

649 9502514850525366197 2 4
9 7 3 0 
9 7 0 3 

1538 11058974913590340030 2 3
1 9 10 
1 10 9 

429 5976319464565475371 2 6
5 7 2 3 0 8 
7 5 2 3 0 8 

1038 16915173590723361970 1 4
10 2 1 3 

228 11633245588610305508 2 4
2 5 7 6 
2 7 5 6 

1337 5389396802386701276 1 6
4 10 5 8 0 3 

1102 17323383153218290643 1 5
10 6 2 1 3 

561 4376689074740263210 2 4
0 4 9 5 
4 0 9 5 

1670 3618091986243292390 2 5
1 2 9 10 7 
2 1 9 10 7 

562 9686683822631268965 1 4
1 4 9 5 

1671 10914127985073018429 1 6
1 2 0 9 10 7 

535 3149701856132004103 1 5
9 4 1 2 0 

1644 17660191175043176347 1 6
2 3 10 9 6 5 

1076 2847661509844802476 1 4
2 4 10 5 

531 2847661509844802476 1 4
9 4 1 0 

788 15968693924199352993 1 4
9 4 2 8 

1045 9686683822631268965 1 4
10 4 2 0 

1304 10055498151148775830 1 4
10 4 8 3 

1081 5116070052936354808 1 5
4 10 5 0 3 

540 3741312728778998686 1 4
9 4 2 3 

1649 8134259861213679547 2 6
0 4 10 9 6 5 
4 0 10 9 6 5 

538 9378695603483469388 1 4
9 4 1 3 

1052 12482043414252375686 1 4
10 4 2 3 

1078 585618415148052748 1 5
4 2 1 10 5 

537 8577586821683723580 1 4
9 4 3 0 

1129 8932240696804592707 2 5
0 3 10 6 5 
3 0 10 6 5 

588 5041890686934464328 1 4
2 3 9 6 

657 10053632755011944915 2 4
0 4 9 7 
4 0 9 7 

52 4772124610014535693 2 3
2 4 5 
2 5 4 

1161 10505647361833925542 2 4
10 7 3 0 
10 7 0 3 

593 3042617568013502106 2 4
0 4 9 6 
4 0 9 6 

1702 15888787597073029865 2 6
1 2 10 9 7 5 
2 1 10 9 7 5 

802 16901281777011334971 1 4
1 8 9 5 

518 11058974913590340030 2 3
9 2 1 
9 1 2 

1059 8669532955167132588 2 4
1 0 10 5 
10 5 1 0 

53 4376689074740263210 2 4
4 5 2 0 
5 4 2 0 

1162 5315538032651462911 2 4
1 3 10 7 
10 7 1 3 

594 16455749505888048989 1 4
1 4 9 6 

1108 3848477634653417 1 4
2 4 10 6 

834 16666847231441859135 1 4
1 8 9 6 

550 12774247606906047667 2 4
1 2 9 5 
2 1 9 5 

1091 14576404446868816261 1 4
10 6 1 0 

1348 16666847231441859135 1 4
10 6 2 8 

239 2260752134531253573 2 7
5 7 6 1 2 3 0 
7 5 6 1 2 3 0 

898 14576404446868816261 1 4
1 8 9 7 

614 508325313308348597 2 5
1 2 9 5 6 
2 1 9 5 6 

1155 8430977408831083148 1 4
1 0 10 7 

1412 12084944339274598950 1 4
10 7 2 8 

792 1480770612674094432 1 4
9 4 3 8 

1049 9305148231598212184 1 4
10 4 0 3 

816 9496842811626581061 2 4
4 8 9 5 
8 4 9 5 

1925 3362094505416723215 1 6
9 10 7 2 0 8 

532 3204066544028014789 2 3
2 9 4 
9 2 4 

1641 4130173490930036149 2 6
0 3 10 9 6 5 
3 0 10 9 6 5 

1073 17920581861003526567 2 4
0 4 10 5 
4 0 10 5 

912 17901649477720412449 2 4
4 8 9 7 
8 4 9 7 

628 12744185565252293561 1 5
2 4 9 5 6 

1737 6248217096118600588 2 6
0 3 10 9 6 7 
3 0 10 9 6 7 

307 6060931339669617925 2 5
4 5 1 8 0 
5 4 1 8 0 

848 3187251397560973679 2 4
4 8 9 6 
8 4 9 6 

564 17930951869044017670 1 4
2 4 9 5 

1673 9640022739659462118 2 5
0 3 9 10 7 
3 0 9 10 7 

1105 1914105136693716311 2 4
0 4 10 6 
4 0 10 6 

524 737766349607364155 1 3
9 2 3 

1065 9502514850525366197 2 4
10 5 3 0 
10 5 0 3 

525 16062917541679160277 1 4
9 2 3 0 

1634 7345868114399161116 1 5
1 10 9 6 5 

1066 8430977408831083148 1 4
10 5 1 3 

645 9841794111709309619 1 4
9 7 2 0 

1186 8907892405622264971 1 4
1 10 5 7 

620 10653677086788813053 1 5
2 3 9 5 6 

581 3650257468544891649 1 4
2 0 9 6 

1690 6254011801326132271 1 6
4 1 3 9 10 7 

1122 6141846557871844103 1 4
1 10 6 5 

556 9841794111709309619 1 4
2 3 9 5 

1097 3606979140586727271 2 4
10 6 3 0 
10 6 0 3 

557 9026766159593925305 1 5
9 5 2 3 0 

1666 16915173590723361970 1 4
1 9 10 7 

1098 14972664946863843181 1 4
10 6 1 3 

677 9026766159593925305 1 5
2 0 9 7 5 

1218 17249956850952191888 1 4
1 10 6 7 

533 17930951869044017670 1 4
9 4 2 0 

1642 9098920377659441689 1 6
1 3 10 9 6 5 

1074 3741312728778998686 1 4
1 4 10 5 

565 12075953700262181182 2 5
4 2 0 9 5 
4 9 5 2 0 

1674 14654477266507505416 1 5
1 3 9 10 7 

1106 7568414380223576159 1 4
1 4 10 6 

773 10583821246749205518 1 4
9 2 0 8 

1314 14576404446868816261 1 4
1 8 10 5 

1410 14972664946863843181 1 4
1 8 10 7 

805 15059711820962434512 1 5
9 5 2 0 8 

1346 16703001301124004477 2 4
1 8 10 6 
10 6 1 8 

237 9230440532408672852 2 6
2 3 0 5 7 6 
2 3 0 7 5 6 

342 7698967149257761131 2 5
4 6 1 2 8 
6 4 1 2 8 

1424 4267398537859012714 2 4
4 8 10 7 
8 4 10 7 

315 14102967611772191530 2 6
4 5 1 8 0 3 
5 4 1 8 0 3 

1360 6566900562290856461 2 4
4 8 10 6 
8 4 10 6 

251 4844501255198849802 1 7
4 1 0 3 6 5 7 

787 5034479759700591017 1 5
9 4 1 8 0 

1328 258918123752153704 2 4
4 8 10 5 
8 4 10 5 

219 15118567116717704657 1 6
4 6 7 1 0 3 

1125 8194049645606680831 1 5
2 0 10 6 5 

1029 3791733370076102937 1 3
10 2 0 

1570 10649873618357838797 1 4
1 10 9 5 

171 12047073456333548504 2 5
5 7 1 0 3 
7 5 1 0 3 

1794 4050485025570066819 2 4
9 10 1 8 
10 9 1 8 

685 6676532732771254837 2 6
2 3 0 9 7 5 
9 7 5 2 3 0 

227 4819618649829212397 2 5
1 0 5 7 6 
1 0 7 5 6 

1336 15464556897530601998 1 5
4 10 5 8 3 

770 7507319254954195380 1 3
9 1 8 

229 798384338451254779 2 5
2 0 5 7 6 
2 0 7 5 6 

1338 18309068119076017447 1 6
4 10 5 1 8 3 

708 521191433190012209 1 4
2 9 7 6 

1817 11365297329823766905 1 6
4 10 9 8 3 0 

167 14655303254377963090 2 5
5 7 1 2 0 
7 5 1 2 0 

714 8755682937535586391 1 5
1 3 9 7 6 

1796 10696955620749572785 2 4
9 10 2 8 
10 9 2 8 

687 8414408143925931332 1 7
9 7 5 1 2 3 0 

1315 10896189806212628681 1 5
10 5 1 8 0 

774 16675979211400593289 1 4
9 1 2 8 

233 10729626786035307665 4 5
0 3 5 7 6 
0 3 7 5 6 
3 0 5 7 6 
3 0 7 5 6 

775 7345868114399161116 1 5
9 1 2 8 0 

1316 5041890686934464328 1 4
10 5 2 8 

234 8223589351330554053 2 5
1 3 5 7 6 
1 3 7 5 6 

1330 5985514948394238318 1 5
4 1 8 10 5 

221 15973022985240785529 1 6
4 7 6 2 3 0 

1301 13299039849023213166 1 5
10 4 2 8 0 

1305 17064289077524830644 1 5
10 4 8 0 3 

1302 15956153915305124851 1 5
10 4 2 1 8 

1308 9762378705292288816 1 5
10 4 2 8 3 

1306 12775016396037658593 1 5
10 4 1 8 3 

1299 6021959935558906368 1 5
10 4 1 8 0 

190 15404631563563256224 1 6
4 7 5 2 1 3 

1578 10946142220234542836 1 5
1 3 10 9 5 

469 1656797161760380499 1 6
4 7 6 2 0 8 

728 10288243322175733968 2 5
3 4 9 7 6 
4 3 9 7 6 

1547 8212143267398192585 2 5
9 10 1 0 3 
10 9 1 0 3 

438 9346092204512236512 1 6
4 7 5 1 2 8 

1432 12386145326853417061 1 5
4 10 7 8 3 

1361 4279197343989186885 1 5
4 10 6 8 0 

252 2998337064715568209 1 6
4 2 3 7 5 6 

1456 13291446887527618723 2 5
4 8 10 5 7 
8 4 10 5 7 

347 7514734134658503249 2 6
4 6 1 8 0 3 
6 4 1 8 0 3 

1428 6509419945444422864 1 5
4 10 7 2 8 

319 15026630509593575349 2 7
4 5 1 2 8 3 0 
5 4 1 2 8 3 0 

1392 13213462845518978833 2 5
4 8 10 6 5 
8 4 10 6 5 

1364 1696730174969715315 1 5
4 10 6 2 8 

1571 2054134204299533079 1 5
1 0 10 9 5 

1368 8062269742056226199 1 5
4 10 6 8 3 

1700 734561858763070642 1 5
2 10 9 7 5 

591 18021351062934346197 1 6
9 6 1 2 3 0 

1676 11682508944203858447 1 5
2 3 9 10 7 

567 5053197453380666373 1 6
4 9 5 1 2 0 

1669 8344476600283039157 1 5
2 0 9 10 7 

1332 8878095714056835774 1 5
4 10 5 2 8 

223 1203222769902034409 1 7
4 6 7 1 2 3 0 

1580 2054134204299533079 1 5
2 3 10 9 5 

471 6419647909184831703 1 7
4 6 7 1 2 8 0 

1550 3618091986243292390 2 5
9 10 2 1 3 
10 9 2 1 3 

441 8634136714977451035 2 6
4 5 7 0 3 8 
4 7 5 3 0 8 

1730 7281959677476676703 1 5
1 10 9 6 7 

621 18277111709480291563 1 6
2 3 0 9 5 6 

1603 9957818640452144993 1 5
1 0 10 9 6 

494 5032559779242326352 2 7
5 7 6 1 2 8 3 
7 5 6 1 2 8 3 

1610 5761717060763643153 1 5
1 3 10 9 6 

501 3880282077475712217 1 7
4 2 0 8 7 5 6 

1609 17899253786776108122 2 5
0 3 10 9 6 
3 0 10 9 6 

500 5129686826068042540 1 6
4 2 8 7 5 6 

1732 7281959677476676703 1 5
2 10 9 6 7 

623 12314109081269995798 1 7
9 5 6 1 2 3 0 

1362 11628276155920830567 2 5
4 1 8 10 6 
4 10 6 1 8 

253 10609664775506779301 1 7
4 2 3 0 7 5 6 

1555 585618415148052748 1 5
4 9 10 1 0 

446 11292413396136694785 1 7
4 7 5 1 2 8 3 

1586 11109183825215344865 1 5
1 4 9 10 5 

477 1216198328206607002 1 7
4 7 6 2 3 0 8 

1585 13852050111777319420 2 5
0 4 10 9 5 
4 0 10 9 5 

476 17673112910266964504 1 6
4 7 6 2 3 8 

1606 12427495877970557380 2 5
1 2 10 9 6 
2 1 10 9 6 

497 12947429654309773077 1 6
4 0 8 7 5 6 

1612 9957818640452144993 1 5
2 3 10 9 6 

1557 11025825639393814028 1 5
4 10 9 2 0 

1564 7714464007542683834 1 5
4 10 9 2 3 

1588 3149701856132004103 1 5
2 4 10 9 5 

1562 8813102380804240965 1 5
4 9 10 1 3 

1682 9617922585595306332 1 5
1 4 9 10 7 

573 4958915911441249184 1 6
4 9 5 2 3 0 

1561 10121006766536275291 1 5
4 10 9 3 0 

1620 8071280434373662174 1 5
2 4 10 9 6 

1618 15956153915305124851 1 5
1 4 9 10 6 

1826 8591202254608586966 1 5
1 8 10 9 5 

717 1411416982473236364 1 6
2 3 0 9 7 6 

1684 4967115120373103507 1 5
2 4 10 9 7 

575 4216124434921288189 1 7
4 9 5 1 2 3 0 

1797 508325313308348597 2 5
9 10 2 0 8 
10 9 2 0 8 

1617 8033956254631912176 2 5
0 4 10 9 6 
4 0 10 9 6 

508 17064718234065366449 1 7
4 2 3 8 7 5 6 

1828 5483581443628726148 1 5
2 8 10 9 5 

719 4955154774509978923 1 7
9 7 6 1 2 3 0 

1592 8534876818837562903 2 5
3 4 10 9 5 
4 3 10 9 5 

483 6367549145456561804 2 6
1 8 0 7 5 6 
1 8 0 5 7 6 

1488 4632910874305496443 2 5
4 8 10 6 7 
8 4 10 6 7 

379 5372907912471726946 1 7
4 6 5 1 8 0 3 

1802 1749310243290155997 2 5
9 10 1 8 3 
10 9 1 8 3 

693 4958915911441249184 1 6
4 2 0 9 7 5 

1858 5540723536881297476 1 5
1 8 10 9 6 

749 5221204771786107868 1 7
2 3 0 9 7 5 6 

1558 14021564670936421884 4 5
4 2 1 9 10 
4 1 2 10 9 
4 9 10 2 1 
4 10 9 1 2 

1924 14110507926241136771 1 5
2 8 9 10 7 

1860 15176389795544466485 1 5
2 8 10 9 6 

1426 4078071428253282071 1 5
4 1 8 10 7 

317 70191558156511791 2 6
4 5 2 3 0 8 
5 4 2 3 0 8 

1795 5436296307386872699 2 5
9 10 1 8 0 
10 9 1 8 0 

686 11298019015304499538 1 6
2 1 3 9 7 5 

1922 17323383153218290643 1 5
1 8 9 10 7 

813 16221511091104990656 1 6
9 5 2 3 0 8 

1840 7726979484797401023 2 5
4 8 10 9 5 
8 4 10 9 5 

1809 13356011222819878030 1 5
4 10 9 8 0 

700 8175989573731411297 1 6
4 2 3 9 7 5 

1804 7881953861907287397 2 5
9 10 2 3 8 
10 9 2 3 8 

1872 7698967149257761131 2 5
4 8 10 9 6 
8 4 10 9 6 

1936 17753584098270085080 2 5
4 8 10 9 7 
8 4 10 9 7 

1812 13789323868438061085 1 5
4 10 9 2 8 

1810 9641941820215739736 1 5
4 9 10 1 8 

701 10506263797548217425 2 7
4 2 3 0 9 7 5 
4 9 7 5 2 3 0 

1573 8532904528901364554 1 5
2 0 10 9 5 

231 8655489141081003318 2 6
1 2 0 5 7 6 
1 2 0 7 5 6 

1340 1650692570764771332 1 6
4 10 5 2 8 3 

235 12211226630448096190 2 6
1 0 3 5 7 6 
1 0 3 7 5 6 

123 16319729018687901387 1 6
4 6 5 1 0 3 

159 10063709893084399917 2 6
4 7 2 1 0 3 
7 4 2 1 0 3 

1268 8491754485978079444 1 6
2 4 10 6 5 7 

243 5389396802386701276 1 6
4 1 0 6 5 7 

126 1221137337900513090 1 6
4 6 5 1 2 3 

1235 18309068119076017447 1 6
4 1 0 10 6 7 

246 11365297329823766905 1 6
4 1 2 6 7 5 

1355 3972357009499817896 1 6
10 6 1 8 0 3 

250 120805254460907895 1 6
4 1 3 6 5 7 

249 8634136714977451035 2 6
4 3 0 7 5 6 
4 0 3 5 7 6 

1358 8746947002162096169 1 6
10 6 1 2 8 3 

222 5833109359940686133 1 6
4 6 7 1 2 3 

1331 10044846177393299430 1 6
4 10 5 1 8 0 

485 15424745812746095153 2 6
2 0 8 7 5 6 
2 0 8 5 7 6 

1594 11433839415856233875 1 6
4 1 3 9 10 5 

490 12730169969058900349 2 6
1 8 3 7 5 6 
1 8 3 5 7 6 

427 15829147014057680346 2 6
5 7 1 8 0 3 
7 5 1 8 0 3 

423 4130173490930036149 2 6
5 7 1 2 8 0 
7 5 1 2 8 0 

486 5524819817770816608 2 6
1 2 8 7 5 6 
1 2 8 5 7 6 

492 16181086349444363005 2 6
2 3 8 7 5 6 
2 3 8 5 7 6 

435 6978459603996956391 1 6
4 5 7 1 8 0 

411 16998093534852990210 2 6
4 7 1 8 0 3 
7 4 1 8 0 3 

1520 7514734134658503249 2 6
4 8 10 6 5 7 
8 4 10 6 5 7 

407 1652097955532067600 2 6
4 7 1 2 8 0 
7 4 1 2 8 0 

489 11403772570620287889 8 6
0 3 8 7 5 6 
0 3 8 5 7 6 
3 0 8 7 5 6 
3 0 8 5 7 6 
5 7 6 0 3 8 
5 7 6 3 0 8 
7 5 6 3 0 8 
7 5 6 0 3 8 

318 15750041652035918636 2 6
4 5 1 2 8 3 
5 4 1 2 8 3 

1427 8508092188460402044 1 6
4 10 7 1 8 0 

373 12077817876265056009 1 6
4 5 6 2 0 8 

1482 4491631776823307580 2 6
1 8 3 10 6 7 
10 6 7 1 8 3 

377 12947429654309773077 1 6
4 5 6 3 0 8 

371 4331452847199287787 1 6
4 6 5 1 8 0 

442 2257466900258272535 1 6
4 5 7 1 8 3 

1551 15888787597073029865 2 6
9 10 1 2 3 0 
10 9 1 2 3 0 

413 9149011361499310328 2 6
4 7 2 3 0 8 
7 4 2 3 0 8 

374 9041920880331331506 1 6
4 6 5 1 2 8 

378 7636548873530284097 1 6
4 6 5 1 8 3 

467 9501022853800136733 1 6
4 6 7 1 8 0 

414 14377161744304611618 2 6
4 7 1 2 8 3 
7 4 1 2 8 3 

473 12947429654309773077 1 6
4 7 6 0 3 8 

1582 10914127985073018429 1 6
10 9 5 2 1 3 

349 10864494479158068027 2 6
4 6 2 3 0 8 
6 4 2 3 0 8 

1458 6245495659006297855 1 6
4 1 8 10 5 7 

350 16196017910278807203 2 6
4 6 1 2 8 3 
6 4 1 2 8 3 

380 7468609667205496424 1 6
4 5 6 2 3 8 

1489 7636548873530284097 1 6
4 8 0 10 6 7 

343 5631093857625506314 2 6
4 6 1 2 8 0 
6 4 1 2 8 0 

1452 14111189117379330228 1 6
10 5 7 2 3 8 

504 12947429654309773077 1 6
4 3 8 5 7 6 

1613 16088454594101415623 1 6
10 9 6 2 3 0 

498 4455453973045859354 1 6
4 1 8 6 5 7 

1607 4800058713799309155 1 6
10 9 6 1 2 0 

470 6503455808863680270 1 6
4 6 7 1 2 8 

1579 15405171033558805413 1 6
10 9 5 1 0 3 

474 14542122842317584937 1 6
4 6 7 1 8 3 

655 2582844830055189793 1 6
9 7 1 2 3 0 

1764 7782877276180662982 1 6
2 10 9 6 7 5 

683 10896215719552735005 1 6
1 0 3 9 7 5 

679 17882209886617893896 1 6
1 2 0 9 7 5 

739 10591342269148156715 1 6
1 0 9 7 5 6 

1848 6671224662297361236 1 6
4 8 3 10 9 5 

619 13803077020024650900 1 6
1 0 3 9 5 6 

622 3362094505416723215 1 6
2 1 3 9 5 6 

1731 15170575928631949127 1 6
1 0 10 9 6 7 

741 16221511091104990656 1 6
2 0 9 7 5 6 

615 14492101863635281910 1 6
1 2 0 9 5 6 

748 10591342269148156715 1 6
2 3 9 7 5 6 

746 2587425650345248564 1 6
1 3 9 7 5 6 

711 6098139788080461254 1 6
1 2 0 9 7 6 

1820 2121431616264470358 1 6
4 10 9 2 8 3 

715 14111189117379330228 1 6
1 0 3 9 7 6 

718 14954605945573975909 1 6
2 1 3 9 7 6 

1827 13947002914917503514 1 6
10 9 5 1 8 0 

745 5976319464565475371 2 6
0 3 9 7 5 6 
3 0 9 7 5 6 

742 18016753754911932257 2 6
1 2 9 7 5 6 
2 1 9 7 5 6 

571 2568227889983725107 1 6
4 9 5 1 0 3 

543 9374188898460282326 1 6
9 4 1 2 3 0 

1652 1142020640990272958 1 6
2 4 10 9 6 5 

691 7473790533620826922 1 6
4 1 0 9 7 5 

697 5516795570106180712 1 6
4 3 0 9 7 5 

1806 4001245550113758762 2 6
9 10 1 2 8 3 
10 9 1 2 8 3 

574 12392321025828983649 1 6
4 9 5 1 2 3 

1683 5132165490455509754 1 6
4 1 0 9 10 7 

698 10680289843222878774 1 6
4 1 3 9 7 5 

669 8175989573731411297 1 6
4 9 7 2 3 0 

694 5723357426755202837 1 6
4 1 2 9 7 5 

1803 16076333025823792167 2 6
9 10 1 8 0 3 
10 9 1 8 0 3 

629 7388381275070663374 1 6
4 2 0 9 5 6 

1738 315003344437251657 1 6
1 3 10 9 6 7 

667 14036967501582640347 1 6
4 9 7 1 0 3 

670 11807772819994521215 1 6
4 9 7 1 2 3 

627 10494541960041827990 1 6
4 1 0 9 6 5 

663 7643004937114834930 1 6
4 9 7 1 2 0 

633 1278709512185125564 1 6
4 3 0 9 5 6 

605 8531508726797836332 1 6
4 9 6 2 3 0 

1714 12456053078474945614 1 6
1 4 9 10 5 7 

599 18053557268785918263 1 6
4 9 6 1 2 0 

1708 2582844830055189793 1 6
2 3 10 9 7 5 

636 9325508833717172896 1 6
4 2 3 9 5 6 

1745 15750041652035918636 2 6
0 4 10 9 6 7 
4 0 10 9 6 7 

630 2740728437862909722 1 6
4 1 2 9 6 5 

634 10196517740198908019 1 6
4 1 3 9 6 5 

603 17097722527763682173 1 6
4 9 6 1 0 3 

606 8993447110061848567 1 6
4 9 6 1 2 3 

754 13699233107943036413 1 6
1 4 9 6 7 5 

756 6510445721457580381 1 6
2 4 9 7 5 6 

1865 5524819817770816608 2 6
10 9 6 3 0 8 
10 9 6 0 3 8 

753 70191558156511791 2 6
0 4 9 7 5 6 
4 0 9 7 5 6 

1862 10055188980989506811 2 6
1 2 8 10 9 6 
10 9 6 1 2 8 

811 167602659399401802 1 6
9 5 1 8 0 3 

729 10090016740006222297 1 6
4 3 0 9 7 6 

730 10037768204875217826 1 6
4 1 3 9 6 7 

725 5066431266966175583 1 6
4 2 0 9 7 6 

1834 1149792705379750839 1 6
10 9 5 1 8 3 

783 7782877276180662982 1 6
9 1 2 8 3 0 

1892 14573966011668103855 1 6
2 8 10 9 6 5 

807 4817158111193784453 1 6
9 5 1 2 8 0 

931 12450254567807913105 1 6
1 8 0 9 7 5 

726 2121431616264470358 1 6
4 1 2 9 6 7 

814 16768860073519867656 1 6
9 5 1 2 8 3 

1923 9946929336615848719 1 6
9 10 7 1 8 0 

933 18277111709480291563 1 6
9 7 5 2 0 8 

760 9149011361499310328 2 6
3 4 9 7 5 6 
4 3 9 7 5 6 

723 1650692570764771332 1 6
4 1 0 9 6 7 

732 8506744812433606979 1 6
4 2 3 9 7 6 

1841 11496312939603811206 1 6
4 8 0 10 9 5 

903 17660191175043176347 1 6
9 7 1 2 8 0 

909 10591342269148156715 1 6
9 7 2 3 0 8 

938 5488989196301373153 1 6
1 8 3 9 7 5 

867 4931463443845447123 1 6
1 8 0 9 5 6 

873 15424745812746095153 2 6
9 5 6 3 0 8 
9 5 6 0 3 8 

907 15921111928418831877 1 6
9 7 1 8 0 3 

937 9230440532408672852 2 6
9 7 5 3 0 8 
9 7 5 0 3 8 

940 1411416982473236364 1 6
9 7 5 2 3 8 

910 15170575928631949127 1 6
9 7 1 2 8 3 

843 16029993014583422717 1 6
9 6 1 8 0 3 

934 16088454594101415623 1 6
1 2 8 9 7 5 

839 14573966011668103855 1 6
9 6 1 2 8 0 

870 12537230118199078923 1 6
1 2 8 9 5 6 

845 1831512674832478213 1 6
9 6 2 3 0 8 

1954 2062803336094845802 1 6
1 8 10 9 7 5 

876 120611672931247725 1 6
2 3 8 9 5 6 

846 16433125052691595236 1 6
9 6 1 2 8 3 

965 120611672931247725 1 6
9 7 6 2 0 8 

994 1613555285823529593 1 6
1 8 9 7 5 6 

869 16764587915710485563 2 6
2 0 8 9 5 6 
9 5 6 2 0 8 

874 8338756766986683938 1 6
1 8 3 9 5 6 

963 16436803438983338148 1 6
1 8 0 9 7 6 

969 16181086349444363005 2 6
9 7 6 3 0 8 
9 7 6 0 3 8 

996 1831512674832478213 1 6
2 8 9 7 5 6 

970 13241283074291050762 1 6
1 8 3 9 7 6 

966 5329793604691139801 1 6
1 2 8 9 7 6 

795 8491754485978079444 1 6
9 4 1 8 0 3 

1904 5631093857625506314 2 6
4 8 10 9 6 5 
8 4 10 9 6 5 

825 6082068002397094761 1 6
4 9 5 3 0 8 

945 8740601761165566121 1 6
4 0 8 9 7 5 

821 7388381275070663374 1 6
4 9 5 2 0 8 

1930 13030103254232690393 1 6
9 10 7 1 8 3 

797 6510445721457580381 1 6
9 4 2 3 0 8 

826 1851428060202288953 1 6
4 9 5 1 8 3 

819 9242893122304961552 1 6
4 9 5 1 8 0 

791 1142020640990272958 1 6
9 4 1 2 8 0 

972 14469485068988200263 2 6
2 3 8 9 7 6 
9 7 6 2 3 8 

915 16775582981796192408 1 6
4 9 7 1 8 0 

946 16551552863601654798 1 6
4 1 8 9 7 5 

798 14188114006804561386 1 6
9 4 1 2 8 3 

881 12077817876265056009 1 6
4 0 8 9 5 6 

921 2998337064715568209 1 6
4 9 7 3 0 8 

917 9325508833717172896 1 6
4 9 7 2 0 8 

948 8531508726797836332 1 6
4 2 8 9 7 5 

828 5066431266966175583 1 6
4 9 5 2 3 8 

1937 1221137337900513090 1 6
4 8 0 10 9 7 

952 15973022985240785529 1 6
4 3 8 9 7 5 

822 3441956945224451275 1 6
4 9 5 1 2 8 

918 14087471118143546082 1 6
4 9 7 1 2 8 

922 10882240924093885987 1 6
4 9 7 1 8 3 

882 16839918864725769206 1 6
4 1 8 9 6 5 

924 8506744812433606979 1 6
4 9 7 2 3 8 

851 10939876169223932844 1 6
4 9 6 1 8 0 

857 5129686826068042540 1 6
4 9 6 3 0 8 

888 1656797161760380499 1 6
4 3 8 9 5 6 

853 13443449764466671334 1 6
4 9 6 2 0 8 

977 7468609667205496424 1 6
4 0 8 9 7 6 

1008 10864494479158068027 2 6
4 8 9 7 5 6 
8 4 9 7 5 6 

884 13443449764466671334 1 6
4 2 8 9 5 6 

858 8894335210660799471 1 6
4 9 6 1 8 3 

860 18443597019196795353 1 6
4 9 6 2 3 8 

854 8873064501149930120 1 6
4 9 6 1 2 8 

984 17673112910266964504 1 6
4 3 8 9 7 6 

978 15323579994378696799 1 6
4 1 8 9 6 7 

980 18443597019196795353 1 6
4 2 8 9 7 6 

1133 12450254567807913105 1 6
10 6 5 2 3 0 

1103 2062803336094845802 1 6
10 6 1 2 3 0 

1131 11454649047079174138 1 6
10 6 5 1 0 3 

1197 10896215719552735005 1 6
10 5 7 2 3 0 

1134 9946929336615848719 1 6
2 1 3 10 6 5 

1251 15921111928418831877 1 6
1 0 10 6 5 7 

1071 2582844830055189793 1 6
10 5 1 2 3 0 

1127 13947002914917503514 1 6
1 2 0 10 6 5 

1253 167602659399401802 1 6
2 0 10 6 5 7 

1083 9017668978284442586 1 6
4 10 5 1 0 3 

1055 12456053078474945614 1 6
10 4 2 1 0 3 

1212 14036967501582640347 1 6
4 2 3 10 5 7 

1079 241541467078415983 1 6
4 10 5 2 1 0 

1179 10393535835081997250 1 6
4 10 7 1 0 3 

1086 5132165490455509754 1 6
4 10 5 2 1 3 

1085 7473790533620826922 1 6
4 10 5 2 3 0 

1210 10393535835081997250 1 6
4 1 3 10 5 7 

1209 8860987775901435963 1 6
4 0 3 10 5 7 

1139 10044846177393299430 1 6
4 1 0 10 6 5 

1175 11433839415856233875 1 6
4 10 7 2 1 0 

1205 2568227889983725107 1 6
4 2 0 10 5 7 

1182 6254011801326132271 1 6
4 10 7 2 1 3 

1181 10680289843222878774 1 6
4 10 7 2 3 0 

1206 11041812260433536715 1 6
4 2 1 10 5 7 

1145 6978459603996956391 1 6
4 0 3 10 6 5 

1141 9242893122304961552 1 6
4 2 0 10 6 5 

1148 16775582981796192408 1 6
4 2 3 10 6 5 

1146 8508092188460402044 1 6
4 1 3 10 6 5 

1115 6245495659006297855 1 6
4 10 6 1 0 3 

1117 16551552863601654798 1 6
4 10 6 2 3 0 

1142 13259589594223104667 1 6
4 2 1 10 6 5 

1111 231217942447434227 1 6
4 10 6 2 1 0 

1241 2257466900258272535 1 6
4 0 3 10 6 7 

1118 903345897895260970 1 6
4 10 6 2 1 3 

1325 10591342269148156715 1 6
10 5 2 3 0 8 

1237 1851428060202288953 1 6
4 2 0 10 6 7 

1244 10882240924093885987 1 6
4 2 3 10 6 7 

1242 16655204986510752955 1 6
4 1 3 10 6 7 

1238 15505696493605019346 1 6
4 2 1 10 6 7 

1443 11454649047079174138 1 6
1 8 0 10 5 7 

1445 13803077020024650900 1 6
10 5 7 2 0 8 

1381 4931463443845447123 1 6
10 6 5 2 0 8 

1446 10956942604694091737 1 6
1 2 8 10 5 7 

1385 6367549145456561804 2 6
10 6 5 3 0 8 
10 6 5 0 3 8 

1386 18443765220634376862 1 6
10 6 5 1 8 3 

1382 9327228969469128008 1 6
1 2 8 10 6 5 

1379 6102486664002953805 2 6
1 8 0 10 6 5 
10 6 5 1 8 0 

1388 16436803438983338148 1 6
10 6 5 2 3 8 

1475 18443765220634376862 1 6
1 8 0 10 6 7 

1508 16029993014583422717 1 6
2 8 10 6 5 7 

1477 8338756766986683938 1 6
10 6 7 2 0 8 

1506 3972357009499817896 1 6
1 8 10 6 5 7 

1478 13056267583966721522 1 6
1 2 8 10 6 7 

1484 13241283074291050762 1 6
10 6 7 2 3 8 

375 14703300613560368972 1 7
4 6 5 1 2 8 0 

1333 10494541960041827990 1 6
4 10 5 2 8 0 

1303 10331949202322659090 1 6
10 4 2 1 8 0 

1307 15563185659056950251 1 6
10 4 1 8 0 3 

1309 13699233107943036413 1 6
10 4 2 8 3 0 

1310 12488349254780562600 1 6
10 4 2 1 8 3 

1464 15118567116717704657 1 6
4 8 3 10 5 7 

1433 120805254460907895 1 6
4 10 7 8 0 3 

1460 17097722527763682173 1 6
4 2 8 10 5 7 

351 14113203696680443685 2 7
4 6 1 2 8 3 0 
6 4 1 2 8 3 0 

1334 17441635805923674639 1 6
4 10 5 2 1 8 

1434 16655204986510752955 1 6
4 10 7 1 8 3 

1393 4331452847199287787 1 6
4 8 0 10 6 5 

1436 10037768204875217826 1 6
4 10 7 2 8 3 

1394 7174397415696984654 1 6
4 1 8 10 6 5 

1429 10196517740198908019 1 6
4 10 7 2 8 0 

1430 7028280090103675027 1 6
4 10 7 2 1 8 

1363 7174397415696984654 1 6
4 10 6 1 8 0 

254 2682809456494372032 1 7
4 1 2 3 6 7 5 

1369 4455453973045859354 1 6
4 10 6 8 0 3 

1400 9501022853800136733 1 6
4 8 3 10 6 5 

1396 10939876169223932844 1 6
4 2 8 10 6 5 

1365 16839918864725769206 1 6
4 10 6 2 8 0 

1372 15323579994378696799 1 6
4 10 6 2 8 3 

1370 13901798295935720054 1 6
4 10 6 1 8 3 

1496 14542122842317584937 1 6
4 8 3 10 6 7 

1366 66430839579035490 1 6
4 10 6 2 1 8 

1490 13901798295935720054 1 6
4 1 8 10 6 7 

381 5579282559435045745 1 7
4 5 6 2 3 0 8 

1492 8894335210660799471 1 6
4 2 8 10 6 7 

1581 17882209886617893896 1 6
10 9 5 2 3 0 

1701 13083097012629683371 1 6
2 0 10 9 7 5 

1637 4817158111193784453 1 6
2 0 10 9 6 5 

1611 10956942604694091737 1 6
10 9 6 1 0 3 

502 2221279179646276790 1 7
4 1 2 8 6 7 5 

1733 16768860073519867656 1 6
2 0 10 9 6 7 

1740 15170575928631949127 1 6
2 3 10 9 6 7 

1614 4749987560143376457 1 6
10 9 6 2 1 3 

505 4692876905671294430 4 7
4 3 0 8 7 5 6 
4 0 3 8 5 7 6 
4 5 7 6 0 3 8 
4 7 5 6 3 0 8 

1589 5053197453380666373 1 6
4 2 0 10 9 5 

1565 5723357426755202837 1 6
4 10 9 2 3 0 

1587 241541467078415983 1 6
4 1 0 9 10 5 

478 13216449804086896033 1 7
4 6 7 1 2 8 3 

1563 11041812260433536715 1 6
4 9 10 1 0 3 

1559 9028705197459700536 1 6
4 10 9 1 2 0 

1596 7643004937114834930 1 6
4 2 3 10 9 5 

487 11493656111582143870 2 7
5 7 6 1 2 8 0 
7 5 6 1 2 8 0 

1716 9374188898460282326 1 6
2 4 10 9 7 5 

1566 1612034551992718289 1 6
4 9 10 2 1 3 

1590 9028705197459700536 1 6
4 1 2 10 9 5 

1685 12392321025828983649 1 6
4 2 0 10 9 7 

1686 1612034551992718289 1 6
4 2 1 9 10 7 

1621 3441956945224451275 1 6
4 2 0 10 9 6 

1619 17441635805923674639 1 6
4 1 0 9 10 6 

1746 12488349254780562600 1 6
1 4 9 10 6 7 

637 8661973679002040186 1 7
4 2 3 0 9 5 6 

1748 14188114006804561386 1 6
2 4 10 9 6 7 

1829 14492101863635281910 1 6
10 9 5 2 0 8 

1622 1577011915130937515 1 6
4 1 2 10 9 6 

1836 6098139788080461254 1 6
10 9 5 2 3 8 

1956 18021351062934346197 1 6
2 8 10 9 7 5 

1932 14954605945573975909 1 6
9 10 7 2 3 8 

1859 9327228969469128008 1 6
10 9 6 1 8 0 

750 14461687577259967809 1 7
2 1 3 9 7 5 6 

1861 12537230118199078923 1 6
10 9 6 2 0 8 

1868 5329793604691139801 1 6
10 9 6 2 3 8 

1986 8746947002162096169 1 6
1 8 10 9 6 7 

1988 16433125052691595236 1 6
2 8 10 9 6 7 

1866 13056267583966721522 1 6
10 9 6 1 8 3 

1811 13259589594223104667 1 6
4 9 10 1 8 0 

702 13817894842270910620 1 7
4 1 2 3 9 7 5 

1844 18053557268785918263 1 6
4 2 8 10 9 5 

1842 231217942447434227 1 6
4 1 8 9 10 5 

1968 12487006494588127144 2 6
4 8 10 9 7 5 
8 4 10 9 7 5 

1814 1577011915130937515 1 6
4 10 9 1 2 8 

1813 2740728437862909722 1 6
4 10 9 2 8 0 

1938 903345897895260970 1 6
4 1 8 9 10 7 

2000 16196017910278807203 2 6
4 8 10 9 6 7 
8 4 10 9 6 7 

1873 9041920880331331506 1 6
4 8 0 10 9 6 

1876 8873064501149930120 1 6
4 2 8 10 9 6 

1940 8993447110061848567 1 6
4 2 8 10 9 7 

1874 66430839579035490 1 6
4 1 8 9 10 6 

491 9108192797390125860 2 7
5 7 6 1 8 0 3 
7 5 6 1 8 0 3 

415 3888229998437389240 2 7
4 7 1 2 8 3 0 
7 4 1 2 8 3 0 

475 7736733634317717763 1 7
4 6 7 1 8 0 3 

443 14957065059876803962 1 7
4 5 7 1 8 0 3 

499 9860924234563945468 1 7
4 1 8 0 6 5 7 

382 18111801810637917980 1 7
4 6 5 1 2 8 3 

506 13336607012128362793 1 7
4 1 8 3 6 5 7 

747 10137564422746569056 1 7
1 0 3 9 7 5 6 

743 848979331451484467 1 7
1 2 0 9 7 5 6 

671 9533522768674729437 1 7
4 9 7 1 2 3 0 

635 8270398937408612484 1 7
4 1 0 3 9 6 5 

