TTH[0,0,0,0,0,0,0,0,0,0,0]*(-2*a0-a4-a8-a1+d-a2-a3)
TTH[-1,1,0,0,0,0,0,0,0,0,0]*(-a1)
TTH[-1,0,0,0,0,0,0,0,1,0,0]*(-a8)
TTH[-1,0,1,0,0,0,0,0,0,0,0]*(-a2)
TTH[0,0,0,0,1,-1,0,0,0,0,0]*(a4)
TTH[0,0,1,0,0,0,0,0,0,0,0]*(-mTsq*a2+s12*a2)
TTH[-1,0,0,1,0,0,0,0,0,0,0]*(-a3)
TTH[-1,0,0,0,1,0,0,0,0,0,0]*(-a4)
TTH[0,0,0,1,0,0,0,0,0,0,0]*(s45*a3)

TTH[-1,0,0,0,1,0,0,0,0,0,0]*(a4)
TTH[0,0,0,0,0,0,0,0,0,0,0]*(-a10-a7-a4-2*a5+d-a9-a6)
TTH[0,0,0,0,1,-1,0,0,0,0,0]*(-a4)
TTH[0,0,0,0,0,-1,0,0,0,0,1]*(-a10)
TTH[0,0,0,0,0,-1,1,0,0,0,0]*(-a6)
TTH[0,0,0,0,0,0,0,0,0,1,0]*(s12*a9-a9*mTsq)
TTH[0,0,0,0,0,-1,0,1,0,0,0]*(-a7)
TTH[0,0,0,0,0,-1,0,0,0,1,0]*(-a9)
TTH[0,0,0,0,0,0,0,1,0,0,0]*(a7*s45)

TTH[1,0,0,-1,0,0,0,0,0,0,0]*(a0)
TTH[1,0,0,0,0,0,0,0,-1,0,0]*(-a0)
TTH[1,0,0,0,0,0,0,0,0,0,0]*(-a0*s45)
TTH[0,1,0,-1,0,0,0,0,0,0,0]*(a1)
TTH[0,1,0,0,0,0,0,0,-1,0,0]*(-a1)
TTH[0,1,0,0,0,0,0,0,0,0,0]*(-s23*a1+s15*a1)
TTH[0,0,1,-1,0,0,0,0,0,0,0]*(a2)
TTH[0,0,1,0,0,0,0,0,-1,0,0]*(-a2)
TTH[0,0,1,0,0,0,0,0,0,0,0]*(a2*s34-mTsq*a2)
TTH[0,0,0,0,0,0,0,0,0,0,0]*(-a8+a3)
TTH[0,0,0,1,0,0,0,0,-1,0,0]*(-a3)
TTH[0,0,0,-1,1,0,0,0,0,0,0]*(a4)
TTH[0,0,0,0,1,0,-1,0,0,0,0]*(a4)
TTH[0,0,0,0,1,0,0,-1,0,0,0]*(-a4)
TTH[0,0,0,0,1,0,0,0,-1,0,0]*(-a4)
TTH[0,0,0,-1,0,0,0,0,1,0,0]*(a8)

TTH[0,0,0,-1,1,0,0,0,0,0,0]*(a4)
TTH[0,0,0,0,1,0,-1,0,0,0,0]*(a4)
TTH[0,0,0,0,1,0,0,-1,0,0,0]*(-a4)
TTH[0,0,0,0,1,0,0,0,-1,0,0]*(-a4)
TTH[0,0,0,0,0,1,-1,0,0,0,0]*(a5)
TTH[0,0,0,0,0,1,0,-1,0,0,0]*(-a5)
TTH[0,0,0,0,0,1,0,0,0,0,0]*(a5*s45)
TTH[0,0,0,0,0,0,0,0,0,0,0]*(-a7+a6)
TTH[0,0,0,0,0,0,1,-1,0,0,0]*(-a6)
TTH[0,0,0,0,0,0,-1,1,0,0,0]*(a7)
TTH[0,0,0,0,0,0,0,0,0,0,1]*(a10*s23-a10*s15)
TTH[0,0,0,0,0,0,-1,0,0,1,0]*(a9)
TTH[0,0,0,0,0,0,0,-1,0,1,0]*(-a9)
TTH[0,0,0,0,0,0,0,0,0,1,0]*(a9*mTsq-a9*s34)
TTH[0,0,0,0,0,0,-1,0,0,0,1]*(a10)
TTH[0,0,0,0,0,0,0,-1,0,0,1]*(-a10)

TTH[0,0,0,0,0,0,0,0,0,0,0]*(a0-a1)
TTH[1,-1,0,0,0,0,0,0,0,0,0]*(-a0)
TTH[-1,1,0,0,0,0,0,0,0,0,0]*(a1)
TTH[0,0,0,0,0,0,0,0,1,0,0]*(s15*a8-a8*mTsq)
TTH[0,1,0,0,0,0,0,0,0,0,0]*(-2*a1*mTsq)
TTH[-1,0,1,0,0,0,0,0,0,0,0]*(a2)
TTH[0,-1,1,0,0,0,0,0,0,0,0]*(-a2)
TTH[0,0,1,0,0,0,0,0,0,0,0]*(-mTsq*a2+qsq*a2-s12*a2)
TTH[-1,0,0,1,0,0,0,0,0,0,0]*(a3)
TTH[0,-1,0,1,0,0,0,0,0,0,0]*(-a3)
TTH[0,0,0,1,0,0,0,0,0,0,0]*(s23*a3-mTsq*a3-s45*a3)
TTH[-1,0,0,0,1,0,0,0,0,0,0]*(a4)
TTH[0,-1,0,0,1,0,0,0,0,0,0]*(-a4)
TTH[0,0,0,0,1,-1,0,0,0,0,0]*(-a4)
TTH[0,0,0,0,1,0,0,0,0,0,-1]*(a4)
TTH[-1,0,0,0,0,0,0,0,1,0,0]*(a8)
TTH[0,-1,0,0,0,0,0,0,1,0,0]*(-a8)

TTH[-1,0,0,0,1,0,0,0,0,0,0]*(a4)
TTH[0,-1,0,0,1,0,0,0,0,0,0]*(-a4)
TTH[0,0,0,0,1,-1,0,0,0,0,0]*(-a4)
TTH[0,0,0,0,1,0,0,0,0,0,-1]*(a4)
TTH[0,0,0,0,0,0,0,0,0,0,0]*(a10-a5)
TTH[0,0,0,0,0,1,0,0,0,0,-1]*(a5)
TTH[0,0,0,0,0,-1,1,0,0,0,0]*(-a6)
TTH[0,0,0,0,0,0,1,0,0,0,-1]*(a6)
TTH[0,0,0,0,0,0,1,0,0,0,0]*(mTsq*a6-s15*a6)
TTH[0,0,0,0,0,-1,0,1,0,0,0]*(-a7)
TTH[0,0,0,0,0,0,0,1,0,0,-1]*(a7)
TTH[0,0,0,0,0,0,0,1,0,0,0]*(a7*mTsq-a7*s23+a7*s45)
TTH[0,0,0,0,0,-1,0,0,0,1,0]*(-a9)
TTH[0,0,0,0,0,0,0,0,0,1,-1]*(a9)
TTH[0,0,0,0,0,0,0,0,0,1,0]*(s12*a9-qsq*a9+a9*mTsq)
TTH[0,0,0,0,0,-1,0,0,0,0,1]*(-a10)
TTH[0,0,0,0,0,0,0,0,0,0,1]*(2*a10*mTsq)

TTH[1,0,-1,0,0,0,0,0,0,0,0]*(a0)
TTH[1,0,0,-1,0,0,0,0,0,0,0]*(-a0)
TTH[1,0,0,0,0,0,0,0,0,0,0]*(-a0*s12+a0*s45+a0*mTsq)
TTH[0,1,-1,0,0,0,0,0,0,0,0]*(a1)
TTH[0,1,0,-1,0,0,0,0,0,0,0]*(-a1)
TTH[0,1,0,0,0,0,0,0,0,0,0]*(s23*a1+a1*mTsq-qsq*a1)
TTH[0,0,0,0,0,0,0,0,0,0,0]*(a2-a3)
TTH[0,0,1,-1,0,0,0,0,0,0,0]*(-a2)
TTH[0,0,1,0,0,0,0,0,0,0,0]*(2*mTsq*a2)
TTH[0,0,-1,1,0,0,0,0,0,0,0]*(a3)
TTH[0,0,0,0,0,0,0,0,1,0,0]*(-a8*s34+a8*mTsq)
TTH[0,0,-1,0,1,0,0,0,0,0,0]*(a4)
TTH[0,0,0,-1,1,0,0,0,0,0,0]*(-a4)
TTH[0,0,0,0,1,0,0,-1,0,0,0]*(a4)
TTH[0,0,0,0,1,0,0,0,0,-1,0]*(-a4)
TTH[0,0,-1,0,0,0,0,0,1,0,0]*(a8)
TTH[0,0,0,-1,0,0,0,0,1,0,0]*(-a8)

TTH[0,0,-1,0,1,0,0,0,0,0,0]*(a4)
TTH[0,0,0,-1,1,0,0,0,0,0,0]*(-a4)
TTH[0,0,0,0,1,0,0,-1,0,0,0]*(a4)
TTH[0,0,0,0,1,0,0,0,0,-1,0]*(-a4)
TTH[0,0,0,0,0,1,0,-1,0,0,0]*(a5)
TTH[0,0,0,0,0,1,0,0,0,-1,0]*(-a5)
TTH[0,0,0,0,0,1,0,0,0,0,0]*(-a5*s45+a5*s12-a5*mTsq)
TTH[0,0,0,0,0,0,1,-1,0,0,0]*(a6)
TTH[0,0,0,0,0,0,1,0,0,-1,0]*(-a6)
TTH[0,0,0,0,0,0,1,0,0,0,0]*(a6*s34-mTsq*a6)
TTH[0,0,0,0,0,0,0,0,0,0,0]*(a7-a9)
TTH[0,0,0,0,0,0,0,1,0,-1,0]*(-a7)
TTH[0,0,0,0,0,0,0,-1,0,1,0]*(a9)
TTH[0,0,0,0,0,0,0,0,0,0,1]*(a10*qsq-a10*mTsq-a10*s23)
TTH[0,0,0,0,0,0,0,0,0,1,0]*(-2*a9*mTsq)
TTH[0,0,0,0,0,0,0,-1,0,0,1]*(a10)
TTH[0,0,0,0,0,0,0,0,0,-1,1]*(-a10)

TTH[1,-1,0,0,0,0,0,0,0,0,0]*(a0)
TTH[1,0,-1,0,0,0,0,0,0,0,0]*(-a0)
TTH[1,0,0,0,0,0,0,0,0,0,0]*(a0*s12-a0*mTsq)
TTH[0,0,0,0,0,0,0,0,0,0,0]*(a1-a2)
TTH[0,1,-1,0,0,0,0,0,0,0,0]*(-a1)
TTH[0,1,0,0,0,0,0,0,0,0,0]*(qsq*a1)
TTH[0,-1,1,0,0,0,0,0,0,0,0]*(a2)
TTH[0,0,0,0,0,0,0,0,1,0,0]*(-s15*a8+a8*s34)
TTH[0,0,1,0,0,0,0,0,0,0,0]*(-qsq*a2)
TTH[0,-1,0,1,0,0,0,0,0,0,0]*(a3)
TTH[0,0,-1,1,0,0,0,0,0,0,0]*(-a3)
TTH[0,0,0,1,0,0,0,0,0,0,0]*(-s23*a3+mTsq*a3)
TTH[0,-1,0,0,1,0,0,0,0,0,0]*(a4)
TTH[0,0,-1,0,1,0,0,0,0,0,0]*(-a4)
TTH[0,0,0,0,1,0,0,0,0,-1,0]*(a4)
TTH[0,0,0,0,1,0,0,0,0,0,-1]*(-a4)
TTH[0,-1,0,0,0,0,0,0,1,0,0]*(a8)
TTH[0,0,-1,0,0,0,0,0,1,0,0]*(-a8)

TTH[0,-1,0,0,1,0,0,0,0,0,0]*(a4)
TTH[0,0,-1,0,1,0,0,0,0,0,0]*(-a4)
TTH[0,0,0,0,1,0,0,0,0,-1,0]*(a4)
TTH[0,0,0,0,1,0,0,0,0,0,-1]*(-a4)
TTH[0,0,0,0,0,1,0,0,0,-1,0]*(a5)
TTH[0,0,0,0,0,1,0,0,0,0,-1]*(-a5)
TTH[0,0,0,0,0,1,0,0,0,0,0]*(-a5*s12+a5*mTsq)
TTH[0,0,0,0,0,0,1,0,0,-1,0]*(a6)
TTH[0,0,0,0,0,0,1,0,0,0,-1]*(-a6)
TTH[0,0,0,0,0,0,1,0,0,0,0]*(-a6*s34+s15*a6)
TTH[0,0,0,0,0,0,0,1,0,-1,0]*(a7)
TTH[0,0,0,0,0,0,0,1,0,0,-1]*(-a7)
TTH[0,0,0,0,0,0,0,1,0,0,0]*(-a7*mTsq+a7*s23)
TTH[0,0,0,0,0,0,0,0,0,0,0]*(-a10+a9)
TTH[0,0,0,0,0,0,0,0,0,1,-1]*(-a9)
TTH[0,0,0,0,0,0,0,0,0,1,0]*(qsq*a9)
TTH[0,0,0,0,0,0,0,0,0,-1,1]*(a10)
TTH[0,0,0,0,0,0,0,0,0,0,1]*(-a10*qsq)

TTH[-1,0,0,0,1,0,0,0,0,0,0]*(-a4)
TTH[0,0,0,0,0,0,0,0,0,0,0]*(-a4+a5)
TTH[0,0,0,0,1,-1,0,0,0,0,0]*(a4)
TTH[-1,0,0,0,0,1,0,0,0,0,0]*(a5)
TTH[0,0,0,0,-1,1,0,0,0,0,0]*(-a5)
TTH[0,0,0,0,0,-1,0,0,0,0,1]*(a10)
TTH[0,0,0,0,-1,0,1,0,0,0,0]*(-a6)
TTH[0,0,0,0,0,-1,1,0,0,0,0]*(a6)
TTH[0,0,0,0,0,0,1,0,-1,0,0]*(a6)
TTH[0,0,0,-1,0,0,0,1,0,0,0]*(a7)
TTH[0,0,0,0,-1,0,0,1,0,0,0]*(-a7)
TTH[0,0,0,0,0,-1,0,1,0,0,0]*(a7)
TTH[0,0,0,0,0,0,0,1,0,0,0]*(-a7*s45)
TTH[0,0,-1,0,0,0,0,0,0,1,0]*(a9)
TTH[0,0,0,0,-1,0,0,0,0,1,0]*(-a9)
TTH[0,0,0,0,0,-1,0,0,0,1,0]*(a9)
TTH[0,0,0,0,0,0,0,0,0,1,0]*(-s12*a9+a9*mTsq)
TTH[0,-1,0,0,0,0,0,0,0,0,1]*(a10)
TTH[0,0,0,0,-1,0,0,0,0,0,1]*(-a10)

TTH[0,0,0,0,0,0,0,0,0,0,0]*(a0-a4)
TTH[1,0,0,0,-1,0,0,0,0,0,0]*(-a0)
TTH[1,0,0,0,0,-1,0,0,0,0,0]*(a0)
TTH[-1,1,0,0,0,0,0,0,0,0,0]*(a1)
TTH[0,1,0,0,-1,0,0,0,0,0,0]*(-a1)
TTH[0,1,0,0,0,0,0,0,0,0,-1]*(a1)
TTH[-1,0,1,0,0,0,0,0,0,0,0]*(a2)
TTH[0,0,1,0,-1,0,0,0,0,0,0]*(-a2)
TTH[0,0,1,0,0,0,0,0,0,-1,0]*(a2)
TTH[0,0,1,0,0,0,0,0,0,0,0]*(mTsq*a2-s12*a2)
TTH[-1,0,0,1,0,0,0,0,0,0,0]*(a3)
TTH[0,0,0,1,-1,0,0,0,0,0,0]*(-a3)
TTH[0,0,0,1,0,0,0,-1,0,0,0]*(a3)
TTH[0,0,0,1,0,0,0,0,0,0,0]*(-s45*a3)
TTH[-1,0,0,0,1,0,0,0,0,0,0]*(a4)
TTH[0,0,0,0,0,0,-1,0,1,0,0]*(a8)
TTH[0,0,0,0,1,-1,0,0,0,0,0]*(-a4)
TTH[-1,0,0,0,0,0,0,0,1,0,0]*(a8)
TTH[0,0,0,0,-1,0,0,0,1,0,0]*(-a8)

