TTH[0,1,-1,0,0,0,0,0,0,0,0]*(-a1*s45+s23*a1-s15*a1)
TTH[0,1,0,-1,0,0,0,0,0,0,0]*(a1*s12+s15*a1-qsq*a1)
TTH[0,1,0,0,0,0,0,0,0,0,0]*(s15*a1*s12+qsq*a1*s45-s23*a1*s12-s15*a1*s45+s23*a1*mTsq-a1*s45*mTsq-s15*a1*mTsq)
TTH[0,0,0,0,0,0,0,0,0,0,0]*(-a7*mTsq-a8*s12-a2*s34+a6*s34-s45*a2+a8*s45+mTsq*a2+s45*a6-mTsq*a3+a9*mTsq+a8*s34-s45*a9+s12*a3+a7*s12-a9*s34-s12*a6)
TTH[0,1,0,0,0,0,0,0,-1,0,0]*(a1*s45-s23*a1-a1*s12+qsq*a1)
TTH[0,0,0,-1,0,0,0,0,1,0,0]*(a8*s12-a8*s34)
TTH[0,0,0,0,0,0,1,-1,0,0,0]*(-a6*s34+s12*a6)
TTH[0,0,1,-1,0,0,0,0,0,0,0]*(a2*s34+s12*a2)
TTH[0,0,1,0,0,0,0,0,0,0,0]*(s12*a2*s34-s45*mTsq*a2-mTsq*a2*s34-s12*mTsq*a2-s45*a2*s34+mTsq^2*a2)
TTH[0,0,-1,1,0,0,0,0,0,0,0]*(-s45*a3)
TTH[0,0,1,0,0,0,0,0,-1,0,0]*(s45*a2-mTsq*a2-s12*a2)
TTH[0,0,0,0,0,0,1,0,0,-1,0]*(-s45*a6)
TTH[0,0,0,0,0,0,-1,1,0,0,0]*(a7*mTsq+a7*s45-a7*s12)
TTH[0,0,0,0,0,0,0,0,0,1,0]*(-s12*a9*mTsq-s45*a9*s34+s12*a9*s34-s45*a9*mTsq-a9*mTsq*s34+a9*mTsq^2)
TTH[0,0,0,0,0,0,0,0,1,0,0]*(-a8*s45*mTsq+a8*s45*s34)
TTH[0,0,0,1,0,0,0,0,-1,0,0]*(mTsq*a3+s45*a3-s12*a3)
TTH[0,0,0,0,0,0,0,-1,0,0,1]*(-a10*qsq+a10*s15+a10*s12)
TTH[0,0,0,0,0,0,0,0,0,0,1]*(a10*s23*mTsq+a10*qsq*s45-a10*s45*mTsq-a10*s15*s45+a10*s15*s12-a10*s15*mTsq-a10*s23*s12)
TTH[0,0,0,0,0,0,1,0,0,0,0]*(-s45*mTsq*a6+s45*a6*s34)
TTH[0,0,0,0,0,0,-1,0,0,1,0]*(-s12*a9-a9*mTsq+s45*a9)
TTH[0,0,-1,0,0,0,0,0,1,0,0]*(-a8*s45)
TTH[0,0,0,0,0,0,0,0,0,-1,1]*(a10*s23-a10*s15-a10*s45)
TTH[0,0,0,0,0,0,0,1,0,-1,0]*(-a7*s45)
TTH[0,0,0,0,0,0,0,-1,0,1,0]*(s12*a9+a9*s34)
TTH[0,0,0,0,0,0,-1,0,0,0,1]*(a10*qsq-a10*s23-a10*s12+a10*s45)

TTH[0,0,0,0,0,0,0,0,0,0,0]*(a10*qsq+a1*s45-2*a7*mTsq-s23*a1+a7*s23-qsq*a9-s45*a2+s23*a3-a10*s23+2*mTsq*a2-a1*s12-2*mTsq*a3+2*a9*mTsq-a10*s12-s45*a9+qsq*a1+a10*s45+s12*a3+a7*s12-qsq*a2)
TTH[0,1,-1,0,0,0,0,0,0,0,0]*(-a1*s45+s23*a1+a1*mTsq)
TTH[0,1,0,0,0,0,0,0,0,0,0]*(-a1*s12*mTsq+qsq*a1*s45-s23*a1*s12+s23*a1*mTsq+a1*mTsq^2)
TTH[0,0,0,0,0,0,0,0,1,0,0]*(-s15*a8*s45+s15*a8*s12+a8*s45*s34-a8*s12*mTsq-s15*a8*mTsq+a8*mTsq^2)
TTH[0,1,0,-1,0,0,0,0,0,0,0]*(a1*s12-a1*mTsq-qsq*a1)
TTH[0,0,-1,0,0,0,0,0,1,0,0]*(-a8*s45-s15*a8+a8*mTsq)
TTH[0,-1,1,0,0,0,0,0,0,0,0]*(s45*a2-mTsq*a2-s12*a2)
TTH[0,-1,0,0,0,0,0,0,1,0,0]*(-a8*s12+a8*s45+a8*s34)
TTH[0,0,1,0,0,0,0,0,0,0,0]*(-qsq*mTsq*a2-qsq*s45*a2-2*s12*mTsq*a2+qsq*s12*a2+2*mTsq^2*a2)
TTH[0,0,0,-1,0,0,0,0,1,0,0]*(a8*s12+s15*a8-a8*s34-a8*mTsq)
TTH[0,0,1,-1,0,0,0,0,0,0,0]*(-mTsq*a2+qsq*a2+s12*a2)
TTH[0,0,0,0,0,0,1,0,0,0,0]*(-s15*s45*a6-s15*mTsq*a6+s45*a6*s34-s12*mTsq*a6+s15*s12*a6+mTsq^2*a6)
TTH[0,-1,0,1,0,0,0,0,0,0,0]*(mTsq*a3+s45*a3-s12*a3)
TTH[0,0,-1,1,0,0,0,0,0,0,0]*(-s23*a3+mTsq*a3-s45*a3)
TTH[0,0,0,1,0,0,0,0,0,0,0]*(s45*mTsq*a3-s12*mTsq*a3-s23*mTsq*a3-s23*s45*a3+mTsq^2*a3+s23*s12*a3)
TTH[0,0,0,0,0,0,0,1,0,0,0]*(-a7*s12*mTsq-a7*s23*s45+a7*s23*s12+a7*mTsq^2-a7*s23*mTsq+a7*s45*mTsq)
TTH[0,0,0,0,0,0,1,0,0,-1,0]*(mTsq*a6-s45*a6-s15*a6)
TTH[0,0,0,0,0,0,1,0,0,0,-1]*(a6*s34+s45*a6-s12*a6)
TTH[0,0,0,0,0,0,0,-1,0,1,0]*(s12*a9+qsq*a9-a9*mTsq)
TTH[0,0,0,0,0,0,0,1,0,-1,0]*(a7*mTsq-a7*s23-a7*s45)
TTH[0,0,0,0,0,0,1,-1,0,0,0]*(-a6*s34-mTsq*a6+s15*a6+s12*a6)
TTH[0,0,0,0,0,0,0,0,0,1,0]*(qsq*s12*a9-2*s12*a9*mTsq-qsq*a9*mTsq+2*a9*mTsq^2-qsq*s45*a9)
TTH[0,0,0,0,0,0,0,1,0,0,-1]*(a7*mTsq+a7*s45-a7*s12)
TTH[0,0,0,0,0,0,0,0,0,0,1]*(a10*s23*mTsq+a10*qsq*s45+a10*mTsq^2-a10*s12*mTsq-a10*s23*s12)
TTH[0,0,0,0,0,0,0,0,0,-1,1]*(a10*mTsq+a10*s23-a10*s45)
TTH[0,0,0,0,0,0,0,0,0,1,-1]*(-s12*a9-a9*mTsq+s45*a9)
TTH[0,0,0,0,0,0,0,-1,0,0,1]*(-a10*qsq-a10*mTsq+a10*s12)

TTH[-1,1,0,0,0,0,0,0,0,0,0]*(a1*s12-a1*mTsq-qsq*a1)
TTH[0,0,0,0,0,0,0,0,0,0,0]*(a10*qsq+s12*a9-qsq*a9-a10*mTsq+mTsq*a2-a1*s12-a1*mTsq+a9*mTsq-a10*s12+qsq*a1-qsq*a2+s12*a2)
TTH[0,1,0,0,0,0,0,0,0,0,0]*(-2*a1*s12*mTsq+2*a1*mTsq^2)
TTH[0,0,0,0,0,0,0,0,1,0,0]*(s15*a8*s12-a8*s12*mTsq-s15*a8*mTsq+a8*mTsq^2)
TTH[0,1,-1,0,0,0,0,0,0,0,0]*(2*a1*mTsq)
TTH[0,0,0,0,0,0,1,0,0,0,-1]*(a6*s34-s12*a6)
TTH[-1,0,1,0,0,0,0,0,0,0,0]*(-mTsq*a2+qsq*a2+s12*a2)
TTH[0,-1,1,0,0,0,0,0,0,0,0]*(-2*s12*a2)
TTH[0,0,1,0,0,0,0,0,0,0,0]*(-s12^2*a2-qsq*mTsq*a2+qsq*s12*a2+mTsq^2*a2)
TTH[0,0,0,0,0,-1,0,1,0,0,0]*(-2*a7*mTsq+a7*s23+a7*s12)
TTH[0,0,-1,0,0,0,0,0,1,0,0]*(-s15*a8+a8*mTsq)
TTH[0,0,0,0,0,0,1,0,0,-1,0]*(mTsq*a6-s15*a6)
TTH[-1,0,0,1,0,0,0,0,0,0,0]*(s23*a3-2*mTsq*a3+s12*a3)
TTH[0,-1,0,1,0,0,0,0,0,0,0]*(mTsq*a3-s45*a3-s12*a3)
TTH[0,0,0,1,0,0,0,0,0,0,0]*(s45*mTsq*a3-s12*mTsq*a3-s23*mTsq*a3+mTsq^2*a3-s45*s12*a3+s23*s12*a3)
TTH[0,0,0,0,0,0,0,0,0,1,0]*(qsq*s12*a9-qsq*a9*mTsq-s12^2*a9+a9*mTsq^2)
TTH[0,0,-1,1,0,0,0,0,0,0,0]*(-s23*a3+mTsq*a3+s45*a3)
TTH[0,-1,0,0,0,0,0,0,1,0,0]*(-a8*s12+a8*s34)
TTH[0,0,0,0,0,-1,1,0,0,0,0]*(-a6*s34-mTsq*a6+s15*a6+s12*a6)
TTH[0,0,0,0,0,0,1,0,0,0,0]*(-s15*mTsq*a6-s12*mTsq*a6+s15*s12*a6+mTsq^2*a6)
TTH[0,0,0,0,0,-1,0,0,0,1,0]*(s12*a9+qsq*a9-a9*mTsq)
TTH[0,0,0,0,0,0,0,0,0,1,-1]*(-2*s12*a9)
TTH[0,0,0,0,0,0,0,1,0,0,-1]*(a7*mTsq-a7*s45-a7*s12)
TTH[0,0,0,0,0,0,0,1,0,-1,0]*(a7*mTsq-a7*s23+a7*s45)
TTH[0,0,0,0,0,0,0,1,0,0,0]*(-a7*s12*mTsq+a7*s23*s12-a7*s45*s12+a7*mTsq^2-a7*s23*mTsq+a7*s45*mTsq)
TTH[0,0,0,0,0,0,0,0,0,0,1]*(2*a10*mTsq^2-2*a10*s12*mTsq)
TTH[-1,0,0,0,0,0,0,0,1,0,0]*(a8*s12+s15*a8-a8*s34-a8*mTsq)
TTH[0,0,0,0,0,0,0,0,0,-1,1]*(2*a10*mTsq)
TTH[0,0,0,0,0,-1,0,0,0,0,1]*(-a10*qsq-a10*mTsq+a10*s12)

TTH[0,0,0,0,0,0,0,0,0,0,0]*(-a1*s45+2*a7*mTsq+s23*a1+a8*s12+a2*s34-a7*s23-a6*s34+s45*a2-mTsq*a6-s23*a3+a10*s23-mTsq*a2+2*mTsq*a3-a9*mTsq-a10*s15+s15*a8-a8*s34+s45*a9-s15*a1-a10*s45-a8*mTsq-s12*a3-a7*s12+s15*a6+a9*s34+s12*a6)
TTH[0,1,-1,0,0,0,0,0,0,0,0]*(a1*s45-s23*a1+s15*a1)
TTH[0,1,0,0,0,0,0,0,0,0,0]*(-s15*a1*s12-qsq*a1*s45+s23*a1*s12-s23*a1*mTsq+s15*a1*mTsq)
TTH[0,1,0,-1,0,0,0,0,0,0,0]*(-a1*s12+a1*mTsq+qsq*a1)
TTH[0,1,0,0,0,0,0,0,-1,0,0]*(a1*s12-a1*mTsq-qsq*a1)
TTH[0,0,0,1,0,0,0,0,-1,0,0]*(s23*a3-2*mTsq*a3+s12*a3)
TTH[0,-1,1,0,0,0,0,0,0,0,0]*(-a2*s34-s45*a2+mTsq*a2)
TTH[0,0,0,-1,0,0,0,0,1,0,0]*(-a8*s12-s15*a8+a8*s34+a8*mTsq)
TTH[0,0,1,0,0,0,0,0,0,0,0]*(qsq*s45*a2-s12*a2*s34+mTsq*a2*s34+s12*mTsq*a2-mTsq^2*a2)
TTH[0,0,1,-1,0,0,0,0,0,0,0]*(mTsq*a2-qsq*a2-s12*a2)
TTH[0,0,1,0,0,0,0,0,-1,0,0]*(-mTsq*a2+qsq*a2+s12*a2)
TTH[0,0,0,0,0,0,-1,0,0,1,0]*(s12*a9+qsq*a9-a9*mTsq)
TTH[0,-1,0,1,0,0,0,0,0,0,0]*(-s45*a3)
TTH[0,0,-1,1,0,0,0,0,0,0,0]*(s45*a3)
TTH[0,0,0,1,0,0,0,0,0,0,0]*(-s45*mTsq*a3+s23*s45*a3)
TTH[0,0,0,0,0,0,1,-1,0,0,0]*(a6*s34+mTsq*a6-s15*a6-s12*a6)
TTH[0,0,0,0,0,0,1,0,0,-1,0]*(s45*a6)
TTH[0,0,0,0,0,0,0,1,0,-1,0]*(a7*s45)
TTH[0,0,0,0,0,0,1,0,0,0,-1]*(-s45*a6)
TTH[0,0,0,0,0,0,1,0,0,0,0]*(s15*s45*a6-s45*a6*s34)
TTH[0,0,0,0,0,0,0,0,1,0,0]*(s15*a8*s45-a8*s45*s34)
TTH[0,0,0,0,0,0,0,1,0,0,-1]*(-a7*s45)
TTH[0,0,0,0,0,0,0,1,0,0,0]*(a7*s23*s45-a7*s45*mTsq)
TTH[0,0,0,0,0,0,-1,1,0,0,0]*(-2*a7*mTsq+a7*s23+a7*s12)
TTH[0,0,0,0,0,0,0,0,0,1,0]*(s12*a9*mTsq-s12*a9*s34+a9*mTsq*s34-a9*mTsq^2+qsq*s45*a9)
TTH[0,-1,0,0,0,0,0,0,1,0,0]*(-a8*s45)
TTH[0,0,-1,0,0,0,0,0,1,0,0]*(a8*s45)
TTH[0,0,0,0,0,0,0,0,0,0,1]*(-a10*s23*mTsq-a10*qsq*s45-a10*s15*s12+a10*s15*mTsq+a10*s23*s12)
TTH[0,0,0,0,0,0,0,-1,0,1,0]*(-s12*a9-qsq*a9+a9*mTsq)
TTH[0,0,0,0,0,0,0,0,0,1,-1]*(a9*mTsq-s45*a9-a9*s34)
TTH[0,0,0,0,0,0,0,-1,0,0,1]*(a10*qsq+a10*mTsq-a10*s12)
TTH[0,0,0,0,0,0,-1,0,0,0,1]*(-a10*qsq-a10*mTsq+a10*s12)
TTH[0,0,0,0,0,0,0,0,0,-1,1]*(-a10*s23+a10*s15+a10*s45)

TTH[-1,1,0,0,0,0,0,0,0,0,0]*(a1*s45-s23*a1-a1*s12+qsq*a1)
TTH[0,0,0,0,0,0,0,0,0,0,0]*(-a10*qsq-a1*s45-s12*a9+a7*mTsq+s23*a1-a7*s23+qsq*a9-s23*a3+a10*s23-mTsq*a2+a1*s12+mTsq*a3+s45*a3-a9*mTsq+a7*s45+a10*s12-qsq*a1-a10*s45+qsq*a2-s12*a2)
TTH[0,1,0,0,0,0,0,0,0,0,0]*(2*a1*s12*mTsq-2*a1*s45*mTsq-2*a1*mTsq^2)
TTH[0,1,-1,0,0,0,0,0,0,0,0]*(-2*a1*mTsq)
TTH[0,1,0,-1,0,0,0,0,0,0,0]*(2*a1*mTsq)
TTH[0,0,0,0,0,-1,1,0,0,0,0]*(a6*s34+s45*a6-s12*a6)
TTH[-1,0,1,0,0,0,0,0,0,0,0]*(s45*a2-mTsq*a2-s12*a2)
TTH[0,-1,1,0,0,0,0,0,0,0,0]*(-s45*a2+mTsq*a2+s12*a2)
TTH[0,0,1,0,0,0,0,0,0,0,0]*(s12^2*a2+qsq*mTsq*a2+qsq*s45*a2-s45*mTsq*a2-s45*s12*a2-qsq*s12*a2-mTsq^2*a2)
TTH[0,0,0,0,0,0,0,0,1,0,0]*(-a8*s45*mTsq+s15*a8*s45-s15*a8*s12+a8*s12*mTsq+s15*a8*mTsq-a8*mTsq^2)
TTH[0,0,1,-1,0,0,0,0,0,0,0]*(mTsq*a2-qsq*a2+s12*a2)
TTH[-1,0,0,0,0,0,0,0,1,0,0]*(-a8*s12+a8*s45+a8*s34)
TTH[-1,0,0,1,0,0,0,0,0,0,0]*(mTsq*a3+s45*a3-s12*a3)
TTH[0,-1,0,1,0,0,0,0,0,0,0]*(-mTsq*a3-s45*a3+s12*a3)
TTH[0,0,0,1,0,0,0,0,0,0,0]*(-2*s45*mTsq*a3+s12*mTsq*a3+s23*mTsq*a3+s23*s45*a3-mTsq^2*a3-s45^2*a3+s45*s12*a3-s23*s12*a3)
TTH[0,0,-1,1,0,0,0,0,0,0,0]*(s23*a3-mTsq*a3-s45*a3)
TTH[0,0,0,-1,0,0,0,0,1,0,0]*(-s15*a8+a8*mTsq)
TTH[0,0,0,0,0,0,0,1,0,0,0]*(a7*s12*mTsq+a7*s23*s45-a7*s23*s12+a7*s45*s12-a7*mTsq^2+a7*s23*mTsq-2*a7*s45*mTsq-a7*s45^2)
TTH[0,0,0,0,0,0,1,0,0,0,-1]*(-a6*s34-s45*a6+s12*a6)
TTH[0,0,0,0,0,0,1,0,0,0,0]*(-s45*mTsq*a6+s15*s45*a6+s15*mTsq*a6+s12*mTsq*a6-s15*s12*a6-mTsq^2*a6)
TTH[0,0,0,0,0,0,1,-1,0,0,0]*(mTsq*a6-s15*a6)
TTH[0,0,0,0,0,0,1,0,0,-1,0]*(-mTsq*a6+s15*a6)
TTH[0,0,0,0,0,-1,0,1,0,0,0]*(a7*mTsq+a7*s45-a7*s12)
TTH[0,0,0,0,0,0,0,0,0,1,0]*(-qsq*s12*a9-s45*s12*a9+qsq*a9*mTsq+s12^2*a9-s45*a9*mTsq-a9*mTsq^2+qsq*s45*a9)
TTH[0,0,0,0,0,0,0,1,0,0,-1]*(-a7*mTsq-a7*s45+a7*s12)
TTH[0,0,-1,0,0,0,0,0,1,0,0]*(s15*a8-a8*mTsq)
TTH[0,-1,0,0,0,0,0,0,1,0,0]*(a8*s12-a8*s45-a8*s34)
TTH[0,0,0,0,0,0,0,1,0,-1,0]*(-a7*mTsq+a7*s23-a7*s45)
TTH[0,0,0,0,0,0,0,0,0,0,1]*(-2*a10*mTsq^2-2*a10*s45*mTsq+2*a10*s12*mTsq)
TTH[0,0,0,0,0,0,0,-1,0,0,1]*(2*a10*mTsq)
TTH[0,0,0,0,0,-1,0,0,0,0,1]*(a10*qsq-a10*s23-a10*s12+a10*s45)
TTH[0,0,0,0,0,0,0,0,0,-1,1]*(-2*a10*mTsq)
TTH[0,0,0,0,0,-1,0,0,0,1,0]*(-s12*a9-a9*mTsq+s45*a9)
TTH[0,0,0,0,0,0,0,-1,0,1,0]*(s12*a9-qsq*a9+a9*mTsq)
TTH[0,0,0,0,0,0,0,0,0,1,-1]*(s12*a9+a9*mTsq-s45*a9)

TTH[-1,1,0,0,0,0,0,0,0,0,0]*(-a1*s45+s23*a1-s15*a1)
TTH[0,0,0,0,0,0,0,0,0,0,0]*(a1*s45-a7*mTsq-s23*a1+a7*s23+mTsq*a6+s23*a3-a10*s23-mTsq*a3-s45*a3-a7*s45+a10*s15-s15*a8+s15*a1+a10*s45+a8*mTsq-s15*a6)
TTH[0,1,0,0,0,0,0,0,0,0,0]*(2*a1*s45*mTsq)
TTH[0,1,0,-1,0,0,0,0,0,0,0]*(-2*a1*mTsq)
TTH[0,1,0,0,0,0,0,0,-1,0,0]*(2*a1*mTsq)
TTH[0,0,0,0,0,0,1,-1,0,0,0]*(-mTsq*a6+s15*a6)
TTH[-1,0,1,0,0,0,0,0,0,0,0]*(-a2*s34-s45*a2+mTsq*a2)
TTH[0,-1,1,0,0,0,0,0,0,0,0]*(a2*s34+s45*a2-mTsq*a2)
TTH[0,0,1,0,0,0,0,0,0,0,0]*(-qsq*s45*a2+s45*mTsq*a2+s45*s12*a2)
TTH[0,0,1,-1,0,0,0,0,0,0,0]*(-mTsq*a2+qsq*a2-s12*a2)
TTH[0,0,1,0,0,0,0,0,-1,0,0]*(mTsq*a2-qsq*a2+s12*a2)
TTH[0,0,0,1,0,0,0,0,0,0,0]*(s45*mTsq*a3-s23*s45*a3+s45^2*a3)
TTH[-1,0,0,1,0,0,0,0,0,0,0]*(-s45*a3)
TTH[0,-1,0,1,0,0,0,0,0,0,0]*(s45*a3)
TTH[0,0,0,0,0,0,-1,0,0,1,0]*(s12*a9-qsq*a9+a9*mTsq)
TTH[0,0,0,-1,0,0,0,0,1,0,0]*(s15*a8-a8*mTsq)
TTH[0,0,0,1,0,0,0,0,-1,0,0]*(-s23*a3+mTsq*a3+s45*a3)
TTH[0,0,0,0,0,-1,1,0,0,0,0]*(-s45*a6)
TTH[0,0,0,0,0,0,1,0,0,0,-1]*(s45*a6)
TTH[0,0,0,0,0,0,1,0,0,0,0]*(s45*mTsq*a6-s15*s45*a6)
TTH[0,0,0,0,0,0,-1,1,0,0,0]*(a7*mTsq-a7*s23+a7*s45)
TTH[0,0,0,0,0,-1,0,1,0,0,0]*(-a7*s45)
TTH[-1,0,0,0,0,0,0,0,1,0,0]*(-a8*s45)
TTH[0,0,0,0,0,0,0,1,0,0,-1]*(a7*s45)
TTH[0,0,0,0,0,0,0,1,0,0,0]*(-a7*s23*s45+a7*s45*mTsq+a7*s45^2)
TTH[0,0,0,0,0,0,0,0,0,1,-1]*(-a9*mTsq+s45*a9+a9*s34)
TTH[0,-1,0,0,0,0,0,0,1,0,0]*(a8*s45)
TTH[0,0,0,0,0,0,0,0,0,1,0]*(s45*s12*a9+s45*a9*mTsq-qsq*s45*a9)
TTH[0,0,0,0,0,0,0,-1,0,1,0]*(-s12*a9+qsq*a9-a9*mTsq)
TTH[0,0,0,0,0,0,0,0,1,0,0]*(a8*s45*mTsq-s15*a8*s45)
TTH[0,0,0,0,0,-1,0,0,0,1,0]*(a9*mTsq-s45*a9-a9*s34)
TTH[0,0,0,0,0,-1,0,0,0,0,1]*(a10*s23-a10*s15-a10*s45)
TTH[0,0,0,0,0,0,0,0,0,0,1]*(2*a10*s45*mTsq)
TTH[0,0,0,0,0,0,0,-1,0,0,1]*(-2*a10*mTsq)
TTH[0,0,0,0,0,0,-1,0,0,0,1]*(2*a10*mTsq)

