0
0 145
0 56
0 0 0 1 0 0 0 0 0 0 0 0 
1 -1 0 1 0 0 0 0 0 0 0 s23-s45-mTsq 
1 0 -1 1 0 0 0 0 0 0 0 -s45+s12-mTsq 
1 0 0 0 0 0 0 0 0 0 0 0 
0 0 0 0 1 0 0 0 0 0 0 0 
0 0 0 0 0 0 0 1 0 0 0 0 
0 0 0 0 0 1 -1 1 0 0 0 -s45 
0 0 0 0 0 1 0 0 0 0 0 0 
1 0 0 1 0 0 0 0 -1 0 0 -s45 
0 0 0 0 0 1 0 1 0 -1 0 -s45+s12-mTsq 
0 0 0 0 0 1 0 1 0 0 -1 s23-s45-mTsq 

1
0 148
0 50
1 0 0 0 0 0 0 0 0 0 0 0 
1 0 0 0 0 0 0 0 0 0 0 0 
0 1 0 0 0 0 0 0 0 0 0 0 
1 0 0 0 0 0 0 0 0 0 0 0 
0 0 0 0 1 0 0 0 0 0 0 0 
1 0 0 0 0 0 0 0 0 0 0 0 
1 0 0 0 0 0 0 0 0 0 0 0 
0 0 0 0 0 1 0 0 0 0 0 0 
1 0 0 0 0 0 0 0 0 0 0 0 
1 0 0 0 0 0 0 0 0 0 0 0 
1 0 0 0 0 0 0 0 0 0 0 0 

0
0 153
0 57
0 0 0 1 0 0 0 0 0 0 0 0 
1 -1 0 1 0 0 0 0 0 0 0 s23-s45-mTsq 
1 0 -1 1 0 0 0 0 0 0 0 -s45+s12-mTsq 
1 0 0 0 0 0 0 0 0 0 0 0 
0 0 0 0 1 0 0 0 0 0 0 0 
0 0 0 0 0 0 0 1 0 0 0 0 
0 0 0 0 0 1 -1 1 0 0 0 -s45 
0 0 0 0 0 1 0 0 0 0 0 0 
1 0 0 1 0 0 0 0 -1 0 0 -s45 
0 0 0 0 0 1 0 1 0 -1 0 -s45+s12-mTsq 
0 0 0 0 0 1 0 1 0 0 -1 s23-s45-mTsq 

1
0 156
0 51
0 0 1 0 0 0 0 0 0 0 0 0 
0 0 1 0 0 0 0 0 0 0 0 0 
0 1 0 0 0 0 0 0 0 0 0 0 
1 0 0 0 0 0 0 0 0 0 0 0 
0 0 0 0 1 0 0 0 0 0 0 0 
0 0 1 0 0 0 0 0 0 0 0 0 
0 0 1 0 0 0 0 0 0 0 0 0 
0 0 0 0 0 1 0 0 0 0 0 0 
0 0 1 0 0 0 0 0 0 0 0 0 
0 0 1 0 0 0 0 0 0 0 0 0 
0 0 1 0 0 0 0 0 0 0 0 0 

0
0 164
0 162
1 1 -1 0 0 0 0 0 0 0 0 qsq+s12-mTsq 
0 2 -1 0 0 0 0 0 0 0 0 2*qsq 
0 1 0 0 0 0 0 0 0 0 0 0 
0 1 -1 1 0 0 0 0 0 0 0 -s23+qsq+mTsq 
0 1 -1 0 1 0 0 0 0 1 -1 qsq 
0 0 0 0 0 1 0 0 0 0 0 0 
0 0 0 0 0 0 1 0 0 0 0 0 
0 0 0 0 0 0 0 1 0 0 0 0 
0 1 -1 0 0 0 0 0 1 0 0 -s15+qsq+s34 
0 0 0 0 0 0 0 0 0 1 0 0 
0 0 0 0 0 0 0 0 0 0 1 0 

1
0 172
0 163
0 0 1 0 0 0 0 0 0 0 0 0 
0 0 1 0 0 0 0 0 0 0 0 0 
0 1 0 0 0 0 0 0 0 0 0 0 
1 0 0 0 0 0 0 0 0 0 0 0 
0 0 1 0 0 0 0 0 0 0 0 0 
0 0 0 0 0 1 0 0 0 0 0 0 
0 0 1 0 0 0 0 0 0 0 0 0 
0 0 0 0 0 0 0 1 0 0 0 0 
0 0 1 0 0 0 0 0 0 0 0 0 
0 0 1 0 0 0 0 0 0 0 0 0 
0 0 1 0 0 0 0 0 0 0 0 0 

0
0 177
0 57
0 0 0 0 1 0 0 0 0 0 0 0 
-1 1 0 0 1 1 0 0 0 0 -1 0 
-1 0 1 0 1 1 0 0 0 -1 0 s12-mTsq 
-1 0 0 1 1 1 0 -1 0 0 0 s45 
0 0 0 0 0 1 0 0 0 0 0 0 
1 0 0 0 0 0 0 0 0 0 0 0 
0 0 0 0 0 0 0 0 1 0 0 0 
0 0 0 1 0 0 0 0 0 0 0 0 
-1 0 0 0 1 1 -1 0 1 0 0 0 
0 0 1 0 0 0 0 0 0 0 0 0 
0 1 0 0 0 0 0 0 0 0 0 0 

0
0 184
0 57
-1 0 0 1 1 1 0 -1 0 0 0 s45 
0 -1 0 1 1 0 0 -1 0 0 1 s23-mTsq 
0 0 -1 1 1 0 0 -1 0 1 0 0 
0 0 0 0 1 0 0 0 0 0 0 0 
0 0 0 0 0 1 0 0 0 0 0 0 
0 0 0 1 0 0 0 0 0 0 0 0 
1 0 0 1 0 0 0 0 -1 0 0 -s45 
1 0 0 0 0 0 0 0 0 0 0 0 
0 0 0 1 1 0 1 -1 -1 0 0 0 
1 0 -1 1 0 0 0 0 0 0 0 -s45+s12-mTsq 
1 -1 0 1 0 0 0 0 0 0 0 s23-s45-mTsq 

1
0 209
0 120
0 0 0 1 0 0 0 0 0 0 0 0 
1 0 0 0 0 0 0 0 0 0 0 0 
1 0 0 0 0 0 0 0 0 0 0 0 
1 0 0 0 0 0 0 0 0 0 0 0 
0 0 0 0 1 0 0 0 0 0 0 0 
1 0 0 0 0 0 0 0 0 0 0 0 
0 0 0 0 0 0 1 0 0 0 0 0 
0 0 0 0 0 1 0 0 0 0 0 0 
1 0 0 0 0 0 0 0 0 0 0 0 
1 0 0 0 0 0 0 0 0 0 0 0 
1 0 0 0 0 0 0 0 0 0 0 0 

1
0 217
0 121
0 0 0 1 0 0 0 0 0 0 0 0 
0 1 0 0 0 0 0 0 0 0 0 0 
0 1 0 0 0 0 0 0 0 0 0 0 
1 0 0 0 0 0 0 0 0 0 0 0 
0 0 0 0 1 0 0 0 0 0 0 0 
0 1 0 0 0 0 0 0 0 0 0 0 
0 0 0 0 0 0 1 0 0 0 0 0 
0 0 0 0 0 1 0 0 0 0 0 0 
0 1 0 0 0 0 0 0 0 0 0 0 
0 1 0 0 0 0 0 0 0 0 0 0 
0 1 0 0 0 0 0 0 0 0 0 0 

0
0 228
0 226
1 1 -1 0 0 0 0 0 0 0 0 qsq+s12-mTsq 
0 2 -1 0 0 0 0 0 0 0 0 2*qsq 
0 1 0 0 0 0 0 0 0 0 0 0 
0 1 -1 1 0 0 0 0 0 0 0 -s23+qsq+mTsq 
0 1 -1 0 1 0 0 0 0 1 -1 qsq 
0 0 0 0 0 1 0 0 0 0 0 0 
0 0 0 0 0 0 1 0 0 0 0 0 
0 0 0 0 0 0 0 1 0 0 0 0 
0 1 -1 0 0 0 0 0 1 0 0 -s15+qsq+s34 
0 0 0 0 0 0 0 0 0 1 0 0 
0 0 0 0 0 0 0 0 0 0 1 0 

1
0 236
0 227
0 0 1 0 0 0 0 0 0 0 0 0 
0 0 1 0 0 0 0 0 0 0 0 0 
0 1 0 0 0 0 0 0 0 0 0 0 
1 0 0 0 0 0 0 0 0 0 0 0 
0 0 1 0 0 0 0 0 0 0 0 0 
0 0 0 0 0 1 0 0 0 0 0 0 
0 0 0 0 0 0 1 0 0 0 0 0 
0 0 0 0 0 0 0 1 0 0 0 0 
0 0 1 0 0 0 0 0 0 0 0 0 
0 0 1 0 0 0 0 0 0 0 0 0 
0 0 1 0 0 0 0 0 0 0 0 0 

1
0 248
0 241
0 1 0 0 0 0 0 0 0 0 0 0 
0 1 0 0 0 0 0 0 0 0 0 0 
0 1 0 0 0 0 0 0 0 0 0 0 
1 0 0 0 0 0 0 0 0 0 0 0 
0 0 0 0 1 0 0 0 0 0 0 0 
0 0 0 0 0 0 0 1 0 0 0 0 
0 0 0 0 0 0 1 0 0 0 0 0 
0 0 0 0 0 1 0 0 0 0 0 0 
0 1 0 0 0 0 0 0 0 0 0 0 
0 1 0 0 0 0 0 0 0 0 0 0 
0 1 0 0 0 0 0 0 0 0 0 0 

