0
0 50
0 50
1 0 0 0 0 0 0 0 0 0 0 0 
0 1 0 0 0 0 0 0 0 0 0 0 
0 0 1 0 0 0 0 0 0 0 0 0 
0 0 0 1 0 0 0 0 0 0 0 0 
0 0 0 0 0 1 0 0 0 0 0 0 
0 0 0 0 1 0 0 0 0 0 0 0 
-1 0 0 0 1 1 -1 0 1 0 0 0 
-1 0 0 1 1 1 0 -1 0 0 0 s45 
0 0 0 0 0 0 0 0 1 0 0 0 
-1 0 1 0 1 1 0 0 0 -1 0 s12-mTsq 
-1 1 0 0 1 1 0 0 0 0 -1 0 

0
0 51
0 51
1 0 0 0 0 0 0 0 0 0 0 0 
0 1 0 0 0 0 0 0 0 0 0 0 
0 0 1 0 0 0 0 0 0 0 0 0 
0 0 0 1 0 0 0 0 0 0 0 0 
0 0 0 0 0 1 0 0 0 0 0 0 
0 0 0 0 1 0 0 0 0 0 0 0 
-1 0 0 0 1 1 -1 0 1 0 0 0 
-1 0 0 1 1 1 0 -1 0 0 0 s45 
0 0 0 0 0 0 0 0 1 0 0 0 
-1 0 1 0 1 1 0 0 0 -1 0 s12-mTsq 
-1 1 0 0 1 1 0 0 0 0 -1 0 

0
0 52
0 52
1 0 0 0 0 0 0 0 0 0 0 0 
0 1 0 0 0 0 0 0 0 0 0 0 
0 0 1 0 0 0 0 0 0 0 0 0 
0 0 0 1 0 0 0 0 0 0 0 0 
0 0 0 0 0 1 0 0 0 0 0 0 
0 0 0 0 1 0 0 0 0 0 0 0 
-1 0 0 0 1 1 -1 0 1 0 0 0 
-1 0 0 1 1 1 0 -1 0 0 0 s45 
0 0 0 0 0 0 0 0 1 0 0 0 
-1 0 1 0 1 1 0 0 0 -1 0 s12-mTsq 
-1 1 0 0 1 1 0 0 0 0 -1 0 

0
0 53
0 53
1 0 0 0 0 0 0 0 0 0 0 0 
0 1 0 0 0 0 0 0 0 0 0 0 
0 0 1 0 0 0 0 0 0 0 0 0 
0 0 0 1 0 0 0 0 0 0 0 0 
0 0 0 0 0 1 0 0 0 0 0 0 
0 0 0 0 1 0 0 0 0 0 0 0 
-1 0 0 0 1 1 -1 0 1 0 0 0 
-1 0 0 1 1 1 0 -1 0 0 0 s45 
0 0 0 0 0 0 0 0 1 0 0 0 
-1 0 1 0 1 1 0 0 0 -1 0 s12-mTsq 
-1 1 0 0 1 1 0 0 0 0 -1 0 

0
0 54
0 54
1 0 0 0 0 0 0 0 0 0 0 0 
0 1 0 0 0 0 0 0 0 0 0 0 
0 0 1 0 0 0 0 0 0 0 0 0 
0 0 0 1 0 0 0 0 0 0 0 0 
0 0 0 0 0 1 0 0 0 0 0 0 
0 0 0 0 1 0 0 0 0 0 0 0 
-1 0 0 0 1 1 -1 0 1 0 0 0 
-1 0 0 1 1 1 0 -1 0 0 0 s45 
0 0 0 0 0 0 0 0 1 0 0 0 
-1 0 1 0 1 1 0 0 0 -1 0 s12-mTsq 
-1 1 0 0 1 1 0 0 0 0 -1 0 

0
0 55
0 55
1 0 0 0 0 0 0 0 0 0 0 0 
0 1 0 0 0 0 0 0 0 0 0 0 
0 0 1 0 0 0 0 0 0 0 0 0 
0 0 0 1 0 0 0 0 0 0 0 0 
0 0 0 0 0 1 0 0 0 0 0 0 
0 0 0 0 1 0 0 0 0 0 0 0 
-1 0 0 0 1 1 -1 0 1 0 0 0 
-1 0 0 1 1 1 0 -1 0 0 0 s45 
0 0 0 0 0 0 0 0 1 0 0 0 
-1 0 1 0 1 1 0 0 0 -1 0 s12-mTsq 
-1 1 0 0 1 1 0 0 0 0 -1 0 

0
0 56
0 56
1 0 0 0 0 0 0 0 0 0 0 0 
0 1 0 0 0 0 0 0 0 0 0 0 
0 0 1 0 0 0 0 0 0 0 0 0 
0 0 0 1 0 0 0 0 0 0 0 0 
0 0 0 0 0 1 0 0 0 0 0 0 
0 0 0 0 1 0 0 0 0 0 0 0 
-1 0 0 0 1 1 -1 0 1 0 0 0 
-1 0 0 1 1 1 0 -1 0 0 0 s45 
0 0 0 0 0 0 0 0 1 0 0 0 
-1 0 1 0 1 1 0 0 0 -1 0 s12-mTsq 
-1 1 0 0 1 1 0 0 0 0 -1 0 

0
0 56
0 56
-1 0 0 1 1 1 0 -1 0 0 0 s45 
0 -1 0 1 1 0 0 -1 0 0 1 s23-mTsq 
0 0 -1 1 1 0 0 -1 0 1 0 0 
0 0 0 0 1 0 0 0 0 0 0 0 
0 0 0 1 0 0 0 0 0 0 0 0 
0 0 0 0 0 1 0 0 0 0 0 0 
0 0 0 0 0 0 1 0 0 0 0 0 
0 0 0 0 0 0 0 1 0 0 0 0 
0 0 0 1 1 0 1 -1 -1 0 0 0 
0 0 0 0 0 0 0 0 0 1 0 0 
0 0 0 0 0 0 0 0 0 0 1 0 

0
0 56
0 56
-1 0 0 1 1 1 0 -1 0 0 0 s45 
0 -1 0 1 1 0 0 -1 0 0 1 s23-mTsq 
0 0 -1 1 1 0 0 -1 0 1 0 0 
0 0 0 0 1 0 0 0 0 0 0 0 
0 0 0 0 0 1 0 0 0 0 0 0 
0 0 0 1 0 0 0 0 0 0 0 0 
1 0 0 1 0 0 0 0 -1 0 0 -s45 
1 0 0 0 0 0 0 0 0 0 0 0 
0 0 0 1 1 0 1 -1 -1 0 0 0 
1 0 -1 1 0 0 0 0 0 0 0 -s45+s12-mTsq 
1 -1 0 1 0 0 0 0 0 0 0 s23-s45-mTsq 

0
0 56
0 56
0 0 0 0 0 0 0 1 0 0 0 0 
0 0 0 0 0 1 0 1 0 0 -1 s23-s45-mTsq 
0 0 0 0 0 1 0 1 0 -1 0 -s45+s12-mTsq 
0 0 0 0 0 1 0 0 0 0 0 0 
0 0 0 0 1 0 0 0 0 0 0 0 
0 0 0 1 0 0 0 0 0 0 0 0 
1 0 0 1 0 0 0 0 -1 0 0 -s45 
1 0 0 0 0 0 0 0 0 0 0 0 
0 0 0 0 0 1 -1 1 0 0 0 -s45 
1 0 -1 1 0 0 0 0 0 0 0 -s45+s12-mTsq 
1 -1 0 1 0 0 0 0 0 0 0 s23-s45-mTsq 

0
0 56
0 56
0 0 0 0 0 0 0 1 0 0 0 0 
0 0 0 0 0 1 0 1 0 0 -1 s23-s45-mTsq 
0 0 0 0 0 1 0 1 0 -1 0 -s45+s12-mTsq 
0 0 0 0 0 1 0 0 0 0 0 0 
0 0 0 1 0 0 0 0 0 0 0 0 
0 0 0 0 1 0 0 0 0 0 0 0 
-1 0 0 0 1 1 -1 0 1 0 0 0 
-1 0 0 1 1 1 0 -1 0 0 0 s45 
0 0 0 0 0 1 -1 1 0 0 0 -s45 
-1 0 1 0 1 1 0 0 0 -1 0 s12-mTsq 
-1 1 0 0 1 1 0 0 0 0 -1 0 

0
0 57
0 57
1 0 0 0 0 0 0 0 0 0 0 0 
0 1 0 0 0 0 0 0 0 0 0 0 
0 0 1 0 0 0 0 0 0 0 0 0 
0 0 0 1 0 0 0 0 0 0 0 0 
0 0 0 0 0 1 0 0 0 0 0 0 
0 0 0 0 1 0 0 0 0 0 0 0 
-1 0 0 0 1 1 -1 0 1 0 0 0 
-1 0 0 1 1 1 0 -1 0 0 0 s45 
0 0 0 0 0 0 0 0 1 0 0 0 
-1 0 1 0 1 1 0 0 0 -1 0 s12-mTsq 
-1 1 0 0 1 1 0 0 0 0 -1 0 

0
0 58
0 58
1 0 0 0 0 0 0 0 0 0 0 0 
0 1 0 0 0 0 0 0 0 0 0 0 
0 0 1 0 0 0 0 0 0 0 0 0 
0 0 0 1 0 0 0 0 0 0 0 0 
0 0 0 0 0 1 0 0 0 0 0 0 
0 0 0 0 1 0 0 0 0 0 0 0 
-1 0 0 0 1 1 -1 0 1 0 0 0 
-1 0 0 1 1 1 0 -1 0 0 0 s45 
0 0 0 0 0 0 0 0 1 0 0 0 
-1 0 1 0 1 1 0 0 0 -1 0 s12-mTsq 
-1 1 0 0 1 1 0 0 0 0 -1 0 

0
0 59
0 59
1 0 0 0 0 0 0 0 0 0 0 0 
0 1 0 0 0 0 0 0 0 0 0 0 
0 0 1 0 0 0 0 0 0 0 0 0 
0 0 0 1 0 0 0 0 0 0 0 0 
0 0 0 0 0 1 0 0 0 0 0 0 
0 0 0 0 1 0 0 0 0 0 0 0 
-1 0 0 0 1 1 -1 0 1 0 0 0 
-1 0 0 1 1 1 0 -1 0 0 0 s45 
0 0 0 0 0 0 0 0 1 0 0 0 
-1 0 1 0 1 1 0 0 0 -1 0 s12-mTsq 
-1 1 0 0 1 1 0 0 0 0 -1 0 

0
0 60
0 60
1 0 0 0 0 0 0 0 0 0 0 0 
0 1 0 0 0 0 0 0 0 0 0 0 
0 0 1 0 0 0 0 0 0 0 0 0 
0 0 0 1 0 0 0 0 0 0 0 0 
0 0 0 0 0 1 0 0 0 0 0 0 
0 0 0 0 1 0 0 0 0 0 0 0 
-1 0 0 0 1 1 -1 0 1 0 0 0 
-1 0 0 1 1 1 0 -1 0 0 0 s45 
0 0 0 0 0 0 0 0 1 0 0 0 
-1 0 1 0 1 1 0 0 0 -1 0 s12-mTsq 
-1 1 0 0 1 1 0 0 0 0 -1 0 

0
0 61
0 61
1 0 0 0 0 0 0 0 0 0 0 0 
0 1 0 0 0 0 0 0 0 0 0 0 
0 0 1 0 0 0 0 0 0 0 0 0 
0 0 0 1 0 0 0 0 0 0 0 0 
0 0 0 0 0 1 0 0 0 0 0 0 
0 0 0 0 1 0 0 0 0 0 0 0 
-1 0 0 0 1 1 -1 0 1 0 0 0 
-1 0 0 1 1 1 0 -1 0 0 0 s45 
0 0 0 0 0 0 0 0 1 0 0 0 
-1 0 1 0 1 1 0 0 0 -1 0 s12-mTsq 
-1 1 0 0 1 1 0 0 0 0 -1 0 

0
0 62
0 62
1 0 0 0 0 0 0 0 0 0 0 0 
0 1 0 0 0 0 0 0 0 0 0 0 
0 0 1 0 0 0 0 0 0 0 0 0 
0 0 0 1 0 0 0 0 0 0 0 0 
0 0 0 0 0 1 0 0 0 0 0 0 
0 0 0 0 1 0 0 0 0 0 0 0 
-1 0 0 0 1 1 -1 0 1 0 0 0 
-1 0 0 1 1 1 0 -1 0 0 0 s45 
0 0 0 0 0 0 0 0 1 0 0 0 
-1 0 1 0 1 1 0 0 0 -1 0 s12-mTsq 
-1 1 0 0 1 1 0 0 0 0 -1 0 

0
0 63
0 63
1 0 0 0 0 0 0 0 0 0 0 0 
0 1 0 0 0 0 0 0 0 0 0 0 
0 0 1 0 0 0 0 0 0 0 0 0 
0 0 0 1 0 0 0 0 0 0 0 0 
0 0 0 0 0 1 0 0 0 0 0 0 
0 0 0 0 1 0 0 0 0 0 0 0 
-1 0 0 0 1 1 -1 0 1 0 0 0 
-1 0 0 1 1 1 0 -1 0 0 0 s45 
0 0 0 0 0 0 0 0 1 0 0 0 
-1 0 1 0 1 1 0 0 0 -1 0 s12-mTsq 
-1 1 0 0 1 1 0 0 0 0 -1 0 

0
0 82
0 82
1 0 0 0 0 0 0 0 0 0 0 0 
0 1 0 0 0 0 0 0 0 0 0 0 
0 0 1 0 0 0 0 0 0 0 0 0 
0 0 0 1 0 0 0 0 0 0 0 0 
0 0 0 0 0 0 1 0 0 0 0 0 
1 0 0 0 1 -1 1 0 -1 0 0 0 
0 0 0 0 1 0 0 0 0 0 0 0 
0 0 0 1 1 0 1 -1 -1 0 0 0 
0 0 0 0 0 0 0 0 1 0 0 0 
0 0 1 0 1 0 1 0 -1 -1 0 -mTsq+s34 
0 1 0 0 1 0 1 0 -1 0 -1 s15-mTsq 

0
0 83
0 83
1 0 0 0 0 0 0 0 0 0 0 0 
0 1 0 0 0 0 0 0 0 0 0 0 
0 0 1 0 0 0 0 0 0 0 0 0 
0 0 0 1 0 0 0 0 0 0 0 0 
0 0 0 0 0 0 1 0 0 0 0 0 
1 0 0 0 1 -1 1 0 -1 0 0 0 
0 0 0 0 1 0 0 0 0 0 0 0 
0 0 0 1 1 0 1 -1 -1 0 0 0 
0 0 0 0 0 0 0 0 1 0 0 0 
0 0 1 0 1 0 1 0 -1 -1 0 -mTsq+s34 
0 1 0 0 1 0 1 0 -1 0 -1 s15-mTsq 

0
0 84
0 84
1 0 0 0 0 0 0 0 0 0 0 0 
0 1 0 0 0 0 0 0 0 0 0 0 
0 0 1 0 0 0 0 0 0 0 0 0 
0 0 0 1 0 0 0 0 0 0 0 0 
0 0 0 0 0 0 1 0 0 0 0 0 
1 0 0 0 1 -1 1 0 -1 0 0 0 
0 0 0 0 1 0 0 0 0 0 0 0 
0 0 0 1 1 0 1 -1 -1 0 0 0 
0 0 0 0 0 0 0 0 1 0 0 0 
0 0 1 0 1 0 1 0 -1 -1 0 -mTsq+s34 
0 1 0 0 1 0 1 0 -1 0 -1 s15-mTsq 

0
0 85
0 85
1 0 0 0 0 0 0 0 0 0 0 0 
0 1 0 0 0 0 0 0 0 0 0 0 
0 0 1 0 0 0 0 0 0 0 0 0 
0 0 0 1 0 0 0 0 0 0 0 0 
0 0 0 0 0 0 1 0 0 0 0 0 
1 0 0 0 1 -1 1 0 -1 0 0 0 
0 0 0 0 1 0 0 0 0 0 0 0 
0 0 0 1 1 0 1 -1 -1 0 0 0 
0 0 0 0 0 0 0 0 1 0 0 0 
0 0 1 0 1 0 1 0 -1 -1 0 -mTsq+s34 
0 1 0 0 1 0 1 0 -1 0 -1 s15-mTsq 

0
0 86
0 86
1 0 0 0 0 0 0 0 0 0 0 0 
0 1 0 0 0 0 0 0 0 0 0 0 
0 0 1 0 0 0 0 0 0 0 0 0 
0 0 0 1 0 0 0 0 0 0 0 0 
0 0 0 0 0 0 1 0 0 0 0 0 
1 0 0 0 1 -1 1 0 -1 0 0 0 
0 0 0 0 1 0 0 0 0 0 0 0 
0 0 0 1 1 0 1 -1 -1 0 0 0 
0 0 0 0 0 0 0 0 1 0 0 0 
0 0 1 0 1 0 1 0 -1 -1 0 -mTsq+s34 
0 1 0 0 1 0 1 0 -1 0 -1 s15-mTsq 

0
0 87
0 87
1 0 0 0 0 0 0 0 0 0 0 0 
0 1 0 0 0 0 0 0 0 0 0 0 
0 0 1 0 0 0 0 0 0 0 0 0 
0 0 0 1 0 0 0 0 0 0 0 0 
0 0 0 0 0 0 1 0 0 0 0 0 
1 0 0 0 1 -1 1 0 -1 0 0 0 
0 0 0 0 1 0 0 0 0 0 0 0 
0 0 0 1 1 0 1 -1 -1 0 0 0 
0 0 0 0 0 0 0 0 1 0 0 0 
0 0 1 0 1 0 1 0 -1 -1 0 -mTsq+s34 
0 1 0 0 1 0 1 0 -1 0 -1 s15-mTsq 

0
0 89
0 89
1 0 0 0 0 0 0 0 0 0 0 0 
0 1 0 0 0 0 0 0 0 0 0 0 
0 0 1 0 0 0 0 0 0 0 0 0 
0 0 0 1 0 0 0 0 0 0 0 0 
0 0 0 0 0 0 1 0 0 0 0 0 
1 0 0 0 1 -1 1 0 -1 0 0 0 
0 0 0 0 1 0 0 0 0 0 0 0 
0 0 0 1 1 0 1 -1 -1 0 0 0 
0 0 0 0 0 0 0 0 1 0 0 0 
0 0 1 0 1 0 1 0 -1 -1 0 -mTsq+s34 
0 1 0 0 1 0 1 0 -1 0 -1 s15-mTsq 

1
0 89
0 89
0 0 0 1 0 0 0 0 0 0 0 0 
0 1 0 0 0 0 0 0 0 0 0 0 
0 1 0 0 0 0 0 0 0 0 0 0 
1 0 0 0 0 0 0 0 0 0 0 0 
0 0 0 0 1 0 0 0 0 0 0 0 
0 1 0 0 0 0 0 0 0 0 0 0 
0 0 0 0 0 0 1 0 0 0 0 0 
0 1 0 0 0 0 0 0 0 0 0 0 
0 1 0 0 0 0 0 0 0 0 0 0 
0 1 0 0 0 0 0 0 0 0 0 0 
0 1 0 0 0 0 0 0 0 0 0 0 

1
0 89
0 89
0 0 0 1 0 0 0 0 0 0 0 0 
0 1 0 0 0 0 0 0 0 0 0 0 
0 1 0 0 0 0 0 0 0 0 0 0 
1 0 0 0 0 0 0 0 0 0 0 0 
0 0 0 0 0 0 1 0 0 0 0 0 
0 1 0 0 0 0 0 0 0 0 0 0 
0 0 0 0 1 0 0 0 0 0 0 0 
0 1 0 0 0 0 0 0 0 0 0 0 
0 1 0 0 0 0 0 0 0 0 0 0 
0 1 0 0 0 0 0 0 0 0 0 0 
0 1 0 0 0 0 0 0 0 0 0 0 

0
0 90
0 90
1 0 0 0 0 0 0 0 0 0 0 0 
0 1 0 0 0 0 0 0 0 0 0 0 
0 0 1 0 0 0 0 0 0 0 0 0 
0 0 0 1 0 0 0 0 0 0 0 0 
0 0 0 0 0 0 1 0 0 0 0 0 
1 0 0 0 1 -1 1 0 -1 0 0 0 
0 0 0 0 1 0 0 0 0 0 0 0 
0 0 0 1 1 0 1 -1 -1 0 0 0 
0 0 0 0 0 0 0 0 1 0 0 0 
0 0 1 0 1 0 1 0 -1 -1 0 -mTsq+s34 
0 1 0 0 1 0 1 0 -1 0 -1 s15-mTsq 

0
0 91
0 91
1 0 0 0 0 0 0 0 0 0 0 0 
0 1 0 0 0 0 0 0 0 0 0 0 
0 0 1 0 0 0 0 0 0 0 0 0 
0 0 0 1 0 0 0 0 0 0 0 0 
0 0 0 0 0 0 1 0 0 0 0 0 
1 0 0 0 1 -1 1 0 -1 0 0 0 
0 0 0 0 1 0 0 0 0 0 0 0 
0 0 0 1 1 0 1 -1 -1 0 0 0 
0 0 0 0 0 0 0 0 1 0 0 0 
0 0 1 0 1 0 1 0 -1 -1 0 -mTsq+s34 
0 1 0 0 1 0 1 0 -1 0 -1 s15-mTsq 

0
0 92
0 92
1 0 0 0 0 0 0 0 0 0 0 0 
0 1 0 0 0 0 0 0 0 0 0 0 
0 0 1 0 0 0 0 0 0 0 0 0 
0 0 0 1 0 0 0 0 0 0 0 0 
0 0 0 0 0 0 1 0 0 0 0 0 
1 0 0 0 1 -1 1 0 -1 0 0 0 
0 0 0 0 1 0 0 0 0 0 0 0 
0 0 0 1 1 0 1 -1 -1 0 0 0 
0 0 0 0 0 0 0 0 1 0 0 0 
0 0 1 0 1 0 1 0 -1 -1 0 -mTsq+s34 
0 1 0 0 1 0 1 0 -1 0 -1 s15-mTsq 

0
0 93
0 93
1 0 0 0 0 0 0 0 0 0 0 0 
0 1 0 0 0 0 0 0 0 0 0 0 
0 0 1 0 0 0 0 0 0 0 0 0 
0 0 0 1 0 0 0 0 0 0 0 0 
0 0 0 0 0 0 1 0 0 0 0 0 
1 0 0 0 1 -1 1 0 -1 0 0 0 
0 0 0 0 1 0 0 0 0 0 0 0 
0 0 0 1 1 0 1 -1 -1 0 0 0 
0 0 0 0 0 0 0 0 1 0 0 0 
0 0 1 0 1 0 1 0 -1 -1 0 -mTsq+s34 
0 1 0 0 1 0 1 0 -1 0 -1 s15-mTsq 

0
0 94
0 94
1 0 0 0 0 0 0 0 0 0 0 0 
0 1 0 0 0 0 0 0 0 0 0 0 
0 0 1 0 0 0 0 0 0 0 0 0 
0 0 0 1 0 0 0 0 0 0 0 0 
0 0 0 0 0 0 1 0 0 0 0 0 
1 0 0 0 1 -1 1 0 -1 0 0 0 
0 0 0 0 1 0 0 0 0 0 0 0 
0 0 0 1 1 0 1 -1 -1 0 0 0 
0 0 0 0 0 0 0 0 1 0 0 0 
0 0 1 0 1 0 1 0 -1 -1 0 -mTsq+s34 
0 1 0 0 1 0 1 0 -1 0 -1 s15-mTsq 

0
0 95
0 95
1 0 0 0 0 0 0 0 0 0 0 0 
0 1 0 0 0 0 0 0 0 0 0 0 
0 0 1 0 0 0 0 0 0 0 0 0 
0 0 0 1 0 0 0 0 0 0 0 0 
0 0 0 0 0 0 1 0 0 0 0 0 
1 0 0 0 1 -1 1 0 -1 0 0 0 
0 0 0 0 1 0 0 0 0 0 0 0 
0 0 0 1 1 0 1 -1 -1 0 0 0 
0 0 0 0 0 0 0 0 1 0 0 0 
0 0 1 0 1 0 1 0 -1 -1 0 -mTsq+s34 
0 1 0 0 1 0 1 0 -1 0 -1 s15-mTsq 

0
0 120
0 120
-1 0 0 1 1 1 0 -1 0 0 0 s45 
0 -1 0 1 1 0 0 -1 0 0 1 s23-mTsq 
0 0 -1 1 1 0 0 -1 0 1 0 0 
0 0 0 0 1 0 0 0 0 0 0 0 
0 0 0 1 0 0 0 0 0 0 0 0 
0 0 0 0 0 1 0 0 0 0 0 0 
0 0 0 0 0 0 1 0 0 0 0 0 
0 0 0 0 0 0 0 1 0 0 0 0 
0 0 0 1 1 0 1 -1 -1 0 0 0 
0 0 0 0 0 0 0 0 0 1 0 0 
0 0 0 0 0 0 0 0 0 0 1 0 

0
0 146
0 146
1 0 0 0 0 0 0 0 0 0 0 0 
0 1 0 0 0 0 0 0 0 0 0 0 
0 0 1 0 0 0 0 0 0 0 0 0 
0 0 0 1 0 0 0 0 0 0 0 0 
0 0 0 0 0 0 0 1 0 0 0 0 
1 0 0 -1 1 -1 0 1 0 0 0 s45 
0 0 0 -1 1 0 -1 1 1 0 0 0 
0 0 0 0 1 0 0 0 0 0 0 0 
0 0 0 0 0 0 0 0 1 0 0 0 
0 0 1 -1 1 0 0 1 0 -1 0 0 
0 1 0 -1 1 0 0 1 0 0 -1 s23-mTsq 

0
0 147
0 147
1 0 0 0 0 0 0 0 0 0 0 0 
0 1 0 0 0 0 0 0 0 0 0 0 
0 0 1 0 0 0 0 0 0 0 0 0 
0 0 0 1 0 0 0 0 0 0 0 0 
0 0 0 0 0 0 0 1 0 0 0 0 
1 0 0 -1 1 -1 0 1 0 0 0 s45 
0 0 0 -1 1 0 -1 1 1 0 0 0 
0 0 0 0 1 0 0 0 0 0 0 0 
0 0 0 0 0 0 0 0 1 0 0 0 
0 0 1 -1 1 0 0 1 0 -1 0 0 
0 1 0 -1 1 0 0 1 0 0 -1 s23-mTsq 

0
0 149
0 149
1 0 0 0 0 0 0 0 0 0 0 0 
0 1 0 0 0 0 0 0 0 0 0 0 
0 0 1 0 0 0 0 0 0 0 0 0 
0 0 0 1 0 0 0 0 0 0 0 0 
0 0 0 0 0 0 0 1 0 0 0 0 
1 0 0 -1 1 -1 0 1 0 0 0 s45 
0 0 0 -1 1 0 -1 1 1 0 0 0 
0 0 0 0 1 0 0 0 0 0 0 0 
0 0 0 0 0 0 0 0 1 0 0 0 
0 0 1 -1 1 0 0 1 0 -1 0 0 
0 1 0 -1 1 0 0 1 0 0 -1 s23-mTsq 

0
0 150
0 150
1 0 0 0 0 0 0 0 0 0 0 0 
0 1 0 0 0 0 0 0 0 0 0 0 
0 0 1 0 0 0 0 0 0 0 0 0 
0 0 0 1 0 0 0 0 0 0 0 0 
0 0 0 0 0 0 0 1 0 0 0 0 
1 0 0 -1 1 -1 0 1 0 0 0 s45 
0 0 0 -1 1 0 -1 1 1 0 0 0 
0 0 0 0 1 0 0 0 0 0 0 0 
0 0 0 0 0 0 0 0 1 0 0 0 
0 0 1 -1 1 0 0 1 0 -1 0 0 
0 1 0 -1 1 0 0 1 0 0 -1 s23-mTsq 

0
0 151
0 151
1 0 0 0 0 0 0 0 0 0 0 0 
0 1 0 0 0 0 0 0 0 0 0 0 
0 0 1 0 0 0 0 0 0 0 0 0 
0 0 0 1 0 0 0 0 0 0 0 0 
0 0 0 0 0 0 0 1 0 0 0 0 
1 0 0 -1 1 -1 0 1 0 0 0 s45 
0 0 0 -1 1 0 -1 1 1 0 0 0 
0 0 0 0 1 0 0 0 0 0 0 0 
0 0 0 0 0 0 0 0 1 0 0 0 
0 0 1 -1 1 0 0 1 0 -1 0 0 
0 1 0 -1 1 0 0 1 0 0 -1 s23-mTsq 

0
0 154
0 154
1 0 0 0 0 0 0 0 0 0 0 0 
0 1 0 0 0 0 0 0 0 0 0 0 
0 0 1 0 0 0 0 0 0 0 0 0 
0 0 0 1 0 0 0 0 0 0 0 0 
0 0 0 0 0 0 0 1 0 0 0 0 
1 0 0 -1 1 -1 0 1 0 0 0 s45 
0 0 0 -1 1 0 -1 1 1 0 0 0 
0 0 0 0 1 0 0 0 0 0 0 0 
0 0 0 0 0 0 0 0 1 0 0 0 
0 0 1 -1 1 0 0 1 0 -1 0 0 
0 1 0 -1 1 0 0 1 0 0 -1 s23-mTsq 

0
0 155
0 155
1 0 0 0 0 0 0 0 0 0 0 0 
0 1 0 0 0 0 0 0 0 0 0 0 
0 0 1 0 0 0 0 0 0 0 0 0 
0 0 0 1 0 0 0 0 0 0 0 0 
0 0 0 0 0 0 0 1 0 0 0 0 
1 0 0 -1 1 -1 0 1 0 0 0 s45 
0 0 0 -1 1 0 -1 1 1 0 0 0 
0 0 0 0 1 0 0 0 0 0 0 0 
0 0 0 0 0 0 0 0 1 0 0 0 
0 0 1 -1 1 0 0 1 0 -1 0 0 
0 1 0 -1 1 0 0 1 0 0 -1 s23-mTsq 

0
0 157
0 157
1 0 0 0 0 0 0 0 0 0 0 0 
0 1 0 0 0 0 0 0 0 0 0 0 
0 0 1 0 0 0 0 0 0 0 0 0 
0 0 0 1 0 0 0 0 0 0 0 0 
0 0 0 0 0 0 0 1 0 0 0 0 
1 0 0 -1 1 -1 0 1 0 0 0 s45 
0 0 0 -1 1 0 -1 1 1 0 0 0 
0 0 0 0 1 0 0 0 0 0 0 0 
0 0 0 0 0 0 0 0 1 0 0 0 
0 0 1 -1 1 0 0 1 0 -1 0 0 
0 1 0 -1 1 0 0 1 0 0 -1 s23-mTsq 

0
0 158
0 158
1 0 0 0 0 0 0 0 0 0 0 0 
0 1 0 0 0 0 0 0 0 0 0 0 
0 0 1 0 0 0 0 0 0 0 0 0 
0 0 0 1 0 0 0 0 0 0 0 0 
0 0 0 0 0 0 0 1 0 0 0 0 
1 0 0 -1 1 -1 0 1 0 0 0 s45 
0 0 0 -1 1 0 -1 1 1 0 0 0 
0 0 0 0 1 0 0 0 0 0 0 0 
0 0 0 0 0 0 0 0 1 0 0 0 
0 0 1 -1 1 0 0 1 0 -1 0 0 
0 1 0 -1 1 0 0 1 0 0 -1 s23-mTsq 

0
0 159
0 159
1 0 0 0 0 0 0 0 0 0 0 0 
0 1 0 0 0 0 0 0 0 0 0 0 
0 0 1 0 0 0 0 0 0 0 0 0 
0 0 0 1 0 0 0 0 0 0 0 0 
0 0 0 0 0 0 0 1 0 0 0 0 
1 0 0 -1 1 -1 0 1 0 0 0 s45 
0 0 0 -1 1 0 -1 1 1 0 0 0 
0 0 0 0 1 0 0 0 0 0 0 0 
0 0 0 0 0 0 0 0 1 0 0 0 
0 0 1 -1 1 0 0 1 0 -1 0 0 
0 1 0 -1 1 0 0 1 0 0 -1 s23-mTsq 

0
0 162
0 162
1 0 0 0 0 0 0 0 0 0 0 0 
0 1 0 0 0 0 0 0 0 0 0 0 
0 0 1 0 0 0 0 0 0 0 0 0 
0 0 0 1 0 0 0 0 0 0 0 0 
1 0 0 1 -1 1 0 1 0 0 0 -s45 
0 0 0 0 0 0 0 1 0 0 0 0 
0 0 0 0 0 1 -1 1 0 0 0 -s45 
0 0 0 0 0 1 0 0 0 0 0 0 
0 0 0 0 0 0 0 0 1 0 0 0 
0 0 0 0 0 1 0 1 0 -1 0 -s45+s12-mTsq 
0 0 0 0 0 1 0 1 0 0 -1 s23-s45-mTsq 

0
0 163
0 163
1 0 0 0 0 0 0 0 0 0 0 0 
0 1 0 0 0 0 0 0 0 0 0 0 
0 0 1 0 0 0 0 0 0 0 0 0 
0 0 0 1 0 0 0 0 0 0 0 0 
1 0 0 1 -1 1 0 1 0 0 0 -s45 
0 0 0 0 0 0 0 1 0 0 0 0 
0 0 0 0 0 1 -1 1 0 0 0 -s45 
0 0 0 0 0 1 0 0 0 0 0 0 
0 0 0 0 0 0 0 0 1 0 0 0 
0 0 0 0 0 1 0 1 0 -1 0 -s45+s12-mTsq 
0 0 0 0 0 1 0 1 0 0 -1 s23-s45-mTsq 

0
0 165
0 165
1 0 0 0 0 0 0 0 0 0 0 0 
0 1 0 0 0 0 0 0 0 0 0 0 
0 0 1 0 0 0 0 0 0 0 0 0 
0 0 0 1 0 0 0 0 0 0 0 0 
1 0 0 1 -1 1 0 1 0 0 0 -s45 
0 0 0 0 0 0 0 1 0 0 0 0 
0 0 0 0 0 1 -1 1 0 0 0 -s45 
0 0 0 0 0 1 0 0 0 0 0 0 
0 0 0 0 0 0 0 0 1 0 0 0 
0 0 0 0 0 1 0 1 0 -1 0 -s45+s12-mTsq 
0 0 0 0 0 1 0 1 0 0 -1 s23-s45-mTsq 

0
0 166
0 166
1 0 0 0 0 0 0 0 0 0 0 0 
0 1 0 0 0 0 0 0 0 0 0 0 
0 0 1 0 0 0 0 0 0 0 0 0 
0 0 0 1 0 0 0 0 0 0 0 0 
1 0 0 1 -1 1 0 1 0 0 0 -s45 
0 0 0 0 0 0 0 1 0 0 0 0 
0 0 0 0 0 1 -1 1 0 0 0 -s45 
0 0 0 0 0 1 0 0 0 0 0 0 
0 0 0 0 0 0 0 0 1 0 0 0 
0 0 0 0 0 1 0 1 0 -1 0 -s45+s12-mTsq 
0 0 0 0 0 1 0 1 0 0 -1 s23-s45-mTsq 

0
0 166
0 166
-1 1 1 0 0 0 0 0 0 0 0 -qsq+s12+3*mTsq 
0 0 1 0 0 0 0 0 0 0 0 0 
0 1 0 0 0 0 0 0 0 0 0 0 
0 1 1 -1 0 0 0 0 0 0 0 s23-qsq+3*mTsq 
0 1 1 0 -1 0 0 0 0 1 1 -qsq+4*mTsq 
0 0 0 0 0 1 0 0 0 0 0 0 
0 0 0 0 0 0 1 0 0 0 0 0 
0 0 0 0 0 0 0 1 0 0 0 0 
0 1 1 0 0 0 0 0 -1 0 0 s15-qsq+2*mTsq+s34 
0 0 0 0 0 0 0 0 0 1 0 0 
0 0 0 0 0 0 0 0 0 0 1 0 

0
0 166
0 166
-1 1 1 0 0 0 0 0 0 0 0 -qsq+s12+3*mTsq 
0 0 1 0 0 0 0 0 0 0 0 0 
0 1 0 0 0 0 0 0 0 0 0 0 
0 1 1 -1 0 0 0 0 0 0 0 s23-qsq+3*mTsq 
-1 1 1 -1 1 1 0 1 0 -1 -1 s23-qsq-s45+s12+2*mTsq 
0 0 0 0 0 0 0 1 0 0 0 0 
0 0 0 0 0 1 -1 1 0 0 0 -s45 
0 0 0 0 0 1 0 0 0 0 0 0 
0 1 1 0 0 0 0 0 -1 0 0 s15-qsq+2*mTsq+s34 
0 0 0 0 0 1 0 1 0 -1 0 -s45+s12-mTsq 
0 0 0 0 0 1 0 1 0 0 -1 s23-s45-mTsq 

0
0 167
0 167
1 0 0 0 0 0 0 0 0 0 0 0 
0 1 0 0 0 0 0 0 0 0 0 0 
0 0 1 0 0 0 0 0 0 0 0 0 
0 0 0 1 0 0 0 0 0 0 0 0 
1 0 0 1 -1 1 0 1 0 0 0 -s45 
0 0 0 0 0 0 0 1 0 0 0 0 
0 0 0 0 0 1 -1 1 0 0 0 -s45 
0 0 0 0 0 1 0 0 0 0 0 0 
0 0 0 0 0 0 0 0 1 0 0 0 
0 0 0 0 0 1 0 1 0 -1 0 -s45+s12-mTsq 
0 0 0 0 0 1 0 1 0 0 -1 s23-s45-mTsq 

0
0 169
0 169
1 0 0 0 0 0 0 0 0 0 0 0 
0 1 0 0 0 0 0 0 0 0 0 0 
0 0 1 0 0 0 0 0 0 0 0 0 
0 0 0 1 0 0 0 0 0 0 0 0 
1 0 0 1 -1 1 0 1 0 0 0 -s45 
0 0 0 0 0 0 0 1 0 0 0 0 
0 0 0 0 0 1 -1 1 0 0 0 -s45 
0 0 0 0 0 1 0 0 0 0 0 0 
0 0 0 0 0 0 0 0 1 0 0 0 
0 0 0 0 0 1 0 1 0 -1 0 -s45+s12-mTsq 
0 0 0 0 0 1 0 1 0 0 -1 s23-s45-mTsq 

0
0 169
0 169
0 0 0 1 0 0 0 0 0 0 0 0 
1 -1 0 1 0 0 0 0 0 0 0 s23-s45-mTsq 
1 0 -1 1 0 0 0 0 0 0 0 -s45+s12-mTsq 
1 0 0 0 0 0 0 0 0 0 0 0 
1 0 0 1 -1 1 0 1 0 0 0 -s45 
0 0 0 0 0 1 0 0 0 0 0 0 
0 0 0 0 0 0 1 0 0 0 0 0 
0 0 0 0 0 0 0 1 0 0 0 0 
1 0 0 1 0 0 0 0 -1 0 0 -s45 
0 0 0 0 0 0 0 0 0 1 0 0 
0 0 0 0 0 0 0 0 0 0 1 0 

0
0 169
0 169
0 0 0 1 0 0 0 0 0 0 0 0 
1 -1 0 1 0 0 0 0 0 0 0 s23-s45-mTsq 
1 0 -1 1 0 0 0 0 0 0 0 -s45+s12-mTsq 
1 0 0 0 0 0 0 0 0 0 0 0 
0 0 0 0 1 0 0 0 0 0 0 0 
0 0 0 0 0 0 0 1 0 0 0 0 
0 0 0 0 0 1 -1 1 0 0 0 -s45 
0 0 0 0 0 1 0 0 0 0 0 0 
1 0 0 1 0 0 0 0 -1 0 0 -s45 
0 0 0 0 0 1 0 1 0 -1 0 -s45+s12-mTsq 
0 0 0 0 0 1 0 1 0 0 -1 s23-s45-mTsq 

0
0 169
0 169
0 0 0 0 0 1 0 0 0 0 0 0 
0 0 0 0 0 0 0 0 0 0 1 0 
0 0 0 0 0 0 0 0 0 1 0 0 
0 0 0 0 0 0 0 1 0 0 0 0 
0 0 0 0 1 0 0 0 0 0 0 0 
1 0 0 0 0 0 0 0 0 0 0 0 
0 0 0 0 0 0 0 0 1 0 0 0 
0 0 0 1 0 0 0 0 0 0 0 0 
0 0 0 0 0 0 1 0 0 0 0 0 
0 0 1 0 0 0 0 0 0 0 0 0 
0 1 0 0 0 0 0 0 0 0 0 0 

0
0 169
0 169
0 0 0 0 0 1 0 0 0 0 0 0 
0 0 0 0 0 0 0 0 0 0 1 0 
0 0 0 0 0 0 0 0 0 1 0 0 
0 0 0 0 0 0 0 1 0 0 0 0 
1 0 0 1 -1 1 0 1 0 0 0 -s45 
0 0 0 1 0 0 0 0 0 0 0 0 
1 0 0 1 0 0 0 0 -1 0 0 -s45 
1 0 0 0 0 0 0 0 0 0 0 0 
0 0 0 0 0 0 1 0 0 0 0 0 
1 0 -1 1 0 0 0 0 0 0 0 -s45+s12-mTsq 
1 -1 0 1 0 0 0 0 0 0 0 s23-s45-mTsq 

0
0 169
0 169
0 0 0 0 0 0 0 1 0 0 0 0 
0 0 0 0 0 1 0 1 0 0 -1 s23-s45-mTsq 
0 0 0 0 0 1 0 1 0 -1 0 -s45+s12-mTsq 
0 0 0 0 0 1 0 0 0 0 0 0 
0 0 0 0 1 0 0 0 0 0 0 0 
0 0 0 1 0 0 0 0 0 0 0 0 
1 0 0 1 0 0 0 0 -1 0 0 -s45 
1 0 0 0 0 0 0 0 0 0 0 0 
0 0 0 0 0 1 -1 1 0 0 0 -s45 
1 0 -1 1 0 0 0 0 0 0 0 -s45+s12-mTsq 
1 -1 0 1 0 0 0 0 0 0 0 s23-s45-mTsq 

0
0 169
0 169
0 0 0 0 0 0 0 1 0 0 0 0 
0 0 0 0 0 1 0 1 0 0 -1 s23-s45-mTsq 
0 0 0 0 0 1 0 1 0 -1 0 -s45+s12-mTsq 
0 0 0 0 0 1 0 0 0 0 0 0 
1 0 0 1 -1 1 0 1 0 0 0 -s45 
1 0 0 0 0 0 0 0 0 0 0 0 
0 0 0 0 0 0 0 0 1 0 0 0 
0 0 0 1 0 0 0 0 0 0 0 0 
0 0 0 0 0 1 -1 1 0 0 0 -s45 
0 0 1 0 0 0 0 0 0 0 0 0 
0 1 0 0 0 0 0 0 0 0 0 0 

0
0 170
0 170
1 0 0 0 0 0 0 0 0 0 0 0 
0 1 0 0 0 0 0 0 0 0 0 0 
0 0 1 0 0 0 0 0 0 0 0 0 
0 0 0 1 0 0 0 0 0 0 0 0 
1 0 0 1 -1 1 0 1 0 0 0 -s45 
0 0 0 0 0 0 0 1 0 0 0 0 
0 0 0 0 0 1 -1 1 0 0 0 -s45 
0 0 0 0 0 1 0 0 0 0 0 0 
0 0 0 0 0 0 0 0 1 0 0 0 
0 0 0 0 0 1 0 1 0 -1 0 -s45+s12-mTsq 
0 0 0 0 0 1 0 1 0 0 -1 s23-s45-mTsq 

0
0 171
0 171
1 0 0 0 0 0 0 0 0 0 0 0 
0 1 0 0 0 0 0 0 0 0 0 0 
0 0 1 0 0 0 0 0 0 0 0 0 
0 0 0 1 0 0 0 0 0 0 0 0 
1 0 0 1 -1 1 0 1 0 0 0 -s45 
0 0 0 0 0 0 0 1 0 0 0 0 
0 0 0 0 0 1 -1 1 0 0 0 -s45 
0 0 0 0 0 1 0 0 0 0 0 0 
0 0 0 0 0 0 0 0 1 0 0 0 
0 0 0 0 0 1 0 1 0 -1 0 -s45+s12-mTsq 
0 0 0 0 0 1 0 1 0 0 -1 s23-s45-mTsq 

0
0 173
0 173
1 0 0 0 0 0 0 0 0 0 0 0 
0 1 0 0 0 0 0 0 0 0 0 0 
0 0 1 0 0 0 0 0 0 0 0 0 
0 0 0 1 0 0 0 0 0 0 0 0 
1 0 0 1 -1 1 0 1 0 0 0 -s45 
0 0 0 0 0 0 0 1 0 0 0 0 
0 0 0 0 0 1 -1 1 0 0 0 -s45 
0 0 0 0 0 1 0 0 0 0 0 0 
0 0 0 0 0 0 0 0 1 0 0 0 
0 0 0 0 0 1 0 1 0 -1 0 -s45+s12-mTsq 
0 0 0 0 0 1 0 1 0 0 -1 s23-s45-mTsq 

0
0 174
0 174
1 0 0 0 0 0 0 0 0 0 0 0 
0 1 0 0 0 0 0 0 0 0 0 0 
0 0 1 0 0 0 0 0 0 0 0 0 
0 0 0 1 0 0 0 0 0 0 0 0 
1 0 0 1 -1 1 0 1 0 0 0 -s45 
0 0 0 0 0 0 0 1 0 0 0 0 
0 0 0 0 0 1 -1 1 0 0 0 -s45 
0 0 0 0 0 1 0 0 0 0 0 0 
0 0 0 0 0 0 0 0 1 0 0 0 
0 0 0 0 0 1 0 1 0 -1 0 -s45+s12-mTsq 
0 0 0 0 0 1 0 1 0 0 -1 s23-s45-mTsq 

0
0 175
0 175
1 0 0 0 0 0 0 0 0 0 0 0 
0 1 0 0 0 0 0 0 0 0 0 0 
0 0 1 0 0 0 0 0 0 0 0 0 
0 0 0 1 0 0 0 0 0 0 0 0 
1 0 0 1 -1 1 0 1 0 0 0 -s45 
0 0 0 0 0 0 0 1 0 0 0 0 
0 0 0 0 0 1 -1 1 0 0 0 -s45 
0 0 0 0 0 1 0 0 0 0 0 0 
0 0 0 0 0 0 0 0 1 0 0 0 
0 0 0 0 0 1 0 1 0 -1 0 -s45+s12-mTsq 
0 0 0 0 0 1 0 1 0 0 -1 s23-s45-mTsq 

0
0 185
0 185
0 0 0 1 0 0 0 0 0 0 0 0 
1 -1 0 1 0 0 0 0 0 0 0 s23-s45-mTsq 
1 0 -1 1 0 0 0 0 0 0 0 -s45+s12-mTsq 
1 0 0 0 0 0 0 0 0 0 0 0 
0 0 0 0 1 0 0 0 0 0 0 0 
0 0 0 0 0 0 0 1 0 0 0 0 
0 0 0 0 0 1 -1 1 0 0 0 -s45 
0 0 0 0 0 1 0 0 0 0 0 0 
1 0 0 1 0 0 0 0 -1 0 0 -s45 
0 0 0 0 0 1 0 1 0 -1 0 -s45+s12-mTsq 
0 0 0 0 0 1 0 1 0 0 -1 s23-s45-mTsq 

0
0 185
0 185
0 0 0 0 0 0 0 1 0 0 0 0 
0 0 0 0 0 1 0 1 0 0 -1 s23-s45-mTsq 
0 0 0 0 0 1 0 1 0 -1 0 -s45+s12-mTsq 
0 0 0 0 0 1 0 0 0 0 0 0 
0 0 0 0 1 0 0 0 0 0 0 0 
0 0 0 1 0 0 0 0 0 0 0 0 
1 0 0 1 0 0 0 0 -1 0 0 -s45 
1 0 0 0 0 0 0 0 0 0 0 0 
0 0 0 0 0 1 -1 1 0 0 0 -s45 
1 0 -1 1 0 0 0 0 0 0 0 -s45+s12-mTsq 
1 -1 0 1 0 0 0 0 0 0 0 s23-s45-mTsq 

0
0 185
0 185
0 0 0 0 0 1 0 0 0 0 0 0 
0 0 0 0 0 0 0 0 0 0 1 0 
0 0 0 0 0 0 0 0 0 1 0 0 
0 0 0 0 0 0 0 1 0 0 0 0 
0 0 0 0 1 0 0 0 0 0 0 0 
1 0 0 0 0 0 0 0 0 0 0 0 
0 0 0 0 0 0 0 0 1 0 0 0 
0 0 0 1 0 0 0 0 0 0 0 0 
0 0 0 0 0 0 1 0 0 0 0 0 
0 0 1 0 0 0 0 0 0 0 0 0 
0 1 0 0 0 0 0 0 0 0 0 0 

1
0 226
0 226
1 0 0 0 0 0 0 0 0 0 0 0 
0 1 0 0 0 0 0 0 0 0 0 0 
1 0 0 0 0 0 0 0 0 0 0 0 
1 0 0 0 0 0 0 0 0 0 0 0 
1 0 0 0 0 0 0 0 0 0 0 0 
0 0 0 0 0 0 0 1 0 0 0 0 
0 0 0 0 0 0 1 0 0 0 0 0 
0 0 0 0 0 1 0 0 0 0 0 0 
1 0 0 0 0 0 0 0 0 0 0 0 
1 0 0 0 0 0 0 0 0 0 0 0 
1 0 0 0 0 0 0 0 0 0 0 0 

1
0 227
0 227
1 0 0 0 0 0 0 0 0 0 0 0 
0 1 0 0 0 0 0 0 0 0 0 0 
0 0 1 0 0 0 0 0 0 0 0 0 
0 0 1 0 0 0 0 0 0 0 0 0 
0 0 1 0 0 0 0 0 0 0 0 0 
0 0 0 0 0 0 0 1 0 0 0 0 
0 0 0 0 0 0 1 0 0 0 0 0 
0 0 0 0 0 1 0 0 0 0 0 0 
0 0 1 0 0 0 0 0 0 0 0 0 
0 0 1 0 0 0 0 0 0 0 0 0 
0 0 1 0 0 0 0 0 0 0 0 0 

1
0 229
0 229
1 0 0 0 0 0 0 0 0 0 0 0 
0 1 0 0 0 0 0 0 0 0 0 0 
0 0 1 0 0 0 0 0 0 0 0 0 
0 1 0 0 0 0 0 0 0 0 0 0 
0 1 0 0 0 0 0 0 0 0 0 0 
0 0 0 0 0 0 0 1 0 0 0 0 
0 0 0 0 0 0 1 0 0 0 0 0 
0 0 0 0 0 1 0 0 0 0 0 0 
0 1 0 0 0 0 0 0 0 0 0 0 
0 1 0 0 0 0 0 0 0 0 0 0 
0 1 0 0 0 0 0 0 0 0 0 0 

0
0 230
0 230
-1 1 1 0 0 0 0 0 0 0 0 -qsq+s12+3*mTsq 
0 0 1 0 0 0 0 0 0 0 0 0 
0 1 0 0 0 0 0 0 0 0 0 0 
0 1 1 -1 0 0 0 0 0 0 0 s23-qsq+3*mTsq 
0 1 1 0 -1 0 0 0 0 1 1 -qsq+4*mTsq 
0 0 0 0 0 1 0 0 0 0 0 0 
0 0 0 0 0 0 1 0 0 0 0 0 
0 0 0 0 0 0 0 1 0 0 0 0 
0 1 1 0 0 0 0 0 -1 0 0 s15-qsq+2*mTsq+s34 
0 0 0 0 0 0 0 0 0 1 0 0 
0 0 0 0 0 0 0 0 0 0 1 0 

1
0 230
0 230
1 0 0 0 0 0 0 0 0 0 0 0 
0 1 0 0 0 0 0 0 0 0 0 0 
0 0 1 0 0 0 0 0 0 0 0 0 
1 0 0 0 0 0 0 0 0 0 0 0 
1 0 0 0 0 0 0 0 0 0 0 0 
0 0 0 0 0 0 0 1 0 0 0 0 
0 0 0 0 0 0 1 0 0 0 0 0 
0 0 0 0 0 1 0 0 0 0 0 0 
1 0 0 0 0 0 0 0 0 0 0 0 
1 0 0 0 0 0 0 0 0 0 0 0 
1 0 0 0 0 0 0 0 0 0 0 0 

1
0 230
0 230
1 0 0 0 0 0 0 0 0 0 0 0 
0 0 1 0 0 0 0 0 0 0 0 0 
0 1 0 0 0 0 0 0 0 0 0 0 
1 0 0 0 0 0 0 0 0 0 0 0 
1 0 0 0 0 0 0 0 0 0 0 0 
0 0 0 0 0 0 0 1 0 0 0 0 
0 0 0 0 0 0 1 0 0 0 0 0 
0 0 0 0 0 1 0 0 0 0 0 0 
1 0 0 0 0 0 0 0 0 0 0 0 
1 0 0 0 0 0 0 0 0 0 0 0 
1 0 0 0 0 0 0 0 0 0 0 0 

1
0 231
0 231
1 0 0 0 0 0 0 0 0 0 0 0 
0 1 0 0 0 0 0 0 0 0 0 0 
0 0 1 0 0 0 0 0 0 0 0 0 
0 0 0 1 0 0 0 0 0 0 0 0 
0 0 0 1 0 0 0 0 0 0 0 0 
0 0 0 0 0 0 0 1 0 0 0 0 
0 0 0 0 0 0 1 0 0 0 0 0 
0 0 0 0 0 1 0 0 0 0 0 0 
0 0 0 1 0 0 0 0 0 0 0 0 
0 0 0 1 0 0 0 0 0 0 0 0 
0 0 0 1 0 0 0 0 0 0 0 0 

0
0 233
0 233
0 0 0 1 0 0 0 0 0 0 0 0 
1 -1 0 1 0 0 0 0 0 0 0 s23-s45-mTsq 
1 0 -1 1 0 0 0 0 0 0 0 -s45+s12-mTsq 
1 0 0 0 0 0 0 0 0 0 0 0 
1 0 0 1 -1 1 0 1 0 0 0 -s45 
0 0 0 0 0 1 0 0 0 0 0 0 
0 0 0 0 0 0 1 0 0 0 0 0 
0 0 0 0 0 0 0 1 0 0 0 0 
1 0 0 1 0 0 0 0 -1 0 0 -s45 
0 0 0 0 0 0 0 0 0 1 0 0 
0 0 0 0 0 0 0 0 0 0 1 0 

1
0 233
0 233
1 0 0 0 0 0 0 0 0 0 0 0 
0 1 0 0 0 0 0 0 0 0 0 0 
0 1 0 0 0 0 0 0 0 0 0 0 
0 0 0 1 0 0 0 0 0 0 0 0 
0 1 0 0 0 0 0 0 0 0 0 0 
0 0 0 0 0 0 0 1 0 0 0 0 
0 0 0 0 0 0 1 0 0 0 0 0 
0 0 0 0 0 1 0 0 0 0 0 0 
0 1 0 0 0 0 0 0 0 0 0 0 
0 1 0 0 0 0 0 0 0 0 0 0 
0 1 0 0 0 0 0 0 0 0 0 0 

1
0 233
0 233
0 0 0 1 0 0 0 0 0 0 0 0 
0 1 0 0 0 0 0 0 0 0 0 0 
0 1 0 0 0 0 0 0 0 0 0 0 
1 0 0 0 0 0 0 0 0 0 0 0 
0 1 0 0 0 0 0 0 0 0 0 0 
0 0 0 0 0 0 0 1 0 0 0 0 
0 0 0 0 0 0 1 0 0 0 0 0 
0 0 0 0 0 1 0 0 0 0 0 0 
0 1 0 0 0 0 0 0 0 0 0 0 
0 1 0 0 0 0 0 0 0 0 0 0 
0 1 0 0 0 0 0 0 0 0 0 0 

1
0 234
0 234
1 0 0 0 0 0 0 0 0 0 0 0 
0 1 0 0 0 0 0 0 0 0 0 0 
1 0 0 0 0 0 0 0 0 0 0 0 
0 0 0 1 0 0 0 0 0 0 0 0 
1 0 0 0 0 0 0 0 0 0 0 0 
0 0 0 0 0 0 0 1 0 0 0 0 
0 0 0 0 0 0 1 0 0 0 0 0 
0 0 0 0 0 1 0 0 0 0 0 0 
1 0 0 0 0 0 0 0 0 0 0 0 
1 0 0 0 0 0 0 0 0 0 0 0 
1 0 0 0 0 0 0 0 0 0 0 0 

1
0 235
0 235
1 0 0 0 0 0 0 0 0 0 0 0 
0 1 0 0 0 0 0 0 0 0 0 0 
0 0 1 0 0 0 0 0 0 0 0 0 
0 0 0 1 0 0 0 0 0 0 0 0 
0 0 1 0 0 0 0 0 0 0 0 0 
0 0 0 0 0 0 0 1 0 0 0 0 
0 0 0 0 0 0 1 0 0 0 0 0 
0 0 0 0 0 1 0 0 0 0 0 0 
0 0 1 0 0 0 0 0 0 0 0 0 
0 0 1 0 0 0 0 0 0 0 0 0 
0 0 1 0 0 0 0 0 0 0 0 0 

1
0 237
0 237
1 0 0 0 0 0 0 0 0 0 0 0 
0 1 0 0 0 0 0 0 0 0 0 0 
0 0 1 0 0 0 0 0 0 0 0 0 
0 0 0 1 0 0 0 0 0 0 0 0 
0 1 0 0 0 0 0 0 0 0 0 0 
0 0 0 0 0 0 0 1 0 0 0 0 
0 0 0 0 0 0 1 0 0 0 0 0 
0 0 0 0 0 1 0 0 0 0 0 0 
0 1 0 0 0 0 0 0 0 0 0 0 
0 1 0 0 0 0 0 0 0 0 0 0 
0 1 0 0 0 0 0 0 0 0 0 0 

1
0 238
0 238
1 0 0 0 0 0 0 0 0 0 0 0 
0 1 0 0 0 0 0 0 0 0 0 0 
0 0 1 0 0 0 0 0 0 0 0 0 
0 0 0 1 0 0 0 0 0 0 0 0 
1 0 0 0 0 0 0 0 0 0 0 0 
0 0 0 0 0 0 0 1 0 0 0 0 
0 0 0 0 0 0 1 0 0 0 0 0 
0 0 0 0 0 1 0 0 0 0 0 0 
1 0 0 0 0 0 0 0 0 0 0 0 
1 0 0 0 0 0 0 0 0 0 0 0 
1 0 0 0 0 0 0 0 0 0 0 0 

1
0 239
0 239
1 0 0 0 0 0 0 0 0 0 0 0 
0 1 0 0 0 0 0 0 0 0 0 0 
0 0 1 0 0 0 0 0 0 0 0 0 
0 0 0 1 0 0 0 0 0 0 0 0 
0 0 0 0 1 0 0 0 0 0 0 0 
0 0 0 0 0 0 0 1 0 0 0 0 
0 0 0 0 0 0 1 0 0 0 0 0 
0 0 0 0 0 1 0 0 0 0 0 0 
0 0 0 0 1 0 0 0 0 0 0 0 
0 0 0 0 1 0 0 0 0 0 0 0 
0 0 0 0 1 0 0 0 0 0 0 0 

0
0 241
0 241
0 0 0 0 1 0 0 0 0 0 0 0 
1 -1 0 0 1 -1 0 0 0 0 1 0 
1 0 -1 0 1 -1 0 0 0 1 0 s12-mTsq 
1 0 0 -1 1 -1 0 1 0 0 0 s45 
1 0 0 0 0 0 0 0 0 0 0 0 
0 0 0 0 0 1 0 0 0 0 0 0 
0 0 0 0 0 0 1 0 0 0 0 0 
0 0 0 0 0 0 0 1 0 0 0 0 
1 0 0 0 1 -1 1 0 -1 0 0 0 
0 0 0 0 0 0 0 0 0 1 0 0 
0 0 0 0 0 0 0 0 0 0 1 0 

1
0 249
0 249
0 0 0 1 0 0 0 0 0 0 0 0 
0 1 0 0 0 0 0 0 0 0 0 0 
0 1 0 0 0 0 0 0 0 0 0 0 
1 0 0 0 0 0 0 0 0 0 0 0 
0 0 0 0 1 0 0 0 0 0 0 0 
0 0 0 0 0 0 0 1 0 0 0 0 
0 0 0 0 0 0 1 0 0 0 0 0 
0 0 0 0 0 1 0 0 0 0 0 0 
0 1 0 0 0 0 0 0 0 0 0 0 
0 1 0 0 0 0 0 0 0 0 0 0 
0 1 0 0 0 0 0 0 0 0 0 0 

