TTH[0,1,0,0,0,1,0,1,0,0,0]  # 162
TTH[1,0,0,1,0,1,0,1,0,0,0]  # 169
TTH[0,1,0,1,0,1,0,1,0,0,0]  # 170
TTH[1,1,0,1,0,1,0,1,0,0,0]  # 171
TTH[0,1,0,0,1,1,0,0,0,0,0]  #  50
TTH[0,0,0,1,1,1,0,0,0,0,0]  #  56
TTH[0,1,0,1,1,1,0,0,0,0,0]  #  58
TTH[-1,1,0,1,1,1,0,0,0,0,0] #  58
TTH[0,1,0,0,1,0,0,1,0,0,0]  # 146
TTH[-1,1,0,0,1,0,0,1,0,0,0] # 146
TTH[1,1,0,0,1,0,0,1,0,0,0]  # 147
TTH[0,1,0,0,1,1,0,1,0,0,0]  # 178
TTH[-1,1,0,0,1,1,0,1,0,0,0] # 178
TTH[0,1,-1,0,1,1,0,1,0,0,0] # 178
TTH[0,1,0,1,1,1,0,1,0,0,0]  # 186
TTH[0,1,0,0,1,0,1,0,0,0,0]  #  82
TTH[-1,1,0,0,1,0,1,0,0,0,0] #  82
TTH[1,0,0,1,1,0,1,0,0,0,0]  #  89
TTH[0,1,0,1,1,0,1,0,0,0,0]  #  90
TTH[1,1,0,1,1,0,1,0,0,0,0]  #  91
TTH[1,1,0,1,1,-1,1,0,0,0,0] #  91
TTH[0,1,0,1,1,1,1,0,0,0,0]  # 122
TTH[-1,1,0,1,1,1,1,0,0,0,0] # 122
TTH[1,1,0,0,1,0,1,1,0,0,0]  # 211
TTH[1,1,0,0,1,-1,1,1,0,0,0] # 211
TTH[0,1,0,0,1,1,1,1,0,0,0]  # 242
TTH[-1,1,0,0,1,1,1,1,0,0,0] # 242
TTH[0,1,0,1,1,1,1,1,0,0,0]  # 250
TTH[1,1,0,1,1,1,1,1,0,0,0]  # 251
TTH[1,1,-1,1,1,1,1,1,0,0,0] # 251
TTH[1,1,0,1,1,1,1,1,0,-1,0] # 251
