133 3
268 3
25 3
41 3
42 3
73 3
74 3
76 3
137 3
138 3
140 3
642 3
644 3
536 3
552 3
584 3
648 3
1154 3
1156 3
1048 3
1064 3
1096 3
1160 3
1664 3
2177 3
2178 3
2180 3
2312 3
2072 3
2088 3
2120 3
2184 3
2688 3
3200 3
4616 3
5128 3
6152 3
277 4
293 4
325 4
85 4
389 4
135 4
149 4
165 4
197 4
269 4
270 4
281 4
27 4
282 4
29 4
284 4
297 4
43 4
298 4
45 4
300 4
46 4
57 4
58 4
329 4
75 4
330 4
77 4
332 4
78 4
89 4
90 4
92 4
105 4
106 4
108 4
393 4
139 4
394 4
141 4
396 4
142 4
153 4
154 4
156 4
169 4
170 4
172 4
201 4
202 4
204 4
786 4
788 4
802 4
804 4
834 4
836 4
594 4
596 4
643 4
898 4
645 4
900 4
646 4
658 4
660 4
674 4
676 4
706 4
708 4
778 4
780 4
537 4
792 4
538 4
540 4
553 4
808 4
554 4
556 4
568 4
585 4
840 4
586 4
588 4
600 4
616 4
649 4
904 4
650 4
652 4
664 4
680 4
712 4
1298 4
1300 4
1314 4
1316 4
1346 4
1348 4
1106 4
1108 4
1155 4
1410 4
1157 4
1412 4
1158 4
1170 4
1172 4
1186 4
1188 4
1218 4
1220 4
1290 4
1292 4
1049 4
1304 4
1050 4
1052 4
1065 4
1320 4
1066 4
1068 4
1080 4
1097 4
1352 4
1098 4
1100 4
1112 4
1128 4
1161 4
1416 4
1162 4
1164 4
1176 4
1192 4
1224 4
1808 4
1824 4
1856 4
1616 4
1665 4
1920 4
1666 4
1668 4
1680 4
1696 4
1728 4
1800 4
1560 4
1576 4
1608 4
1672 4
2321 4
2322 4
2324 4
2337 4
2338 4
2340 4
2369 4
2370 4
2372 4
2129 4
2130 4
2132 4
2433 4
2179 4
2434 4
2181 4
2436 4
2182 4
2193 4
2194 4
2196 4
2209 4
2210 4
2212 4
2241 4
2242 4
2244 4
2313 4
2314 4
2316 4
2073 4
2328 4
2074 4
2076 4
2089 4
2344 4
2090 4
2092 4
2104 4
2121 4
2376 4
2122 4
2124 4
2136 4
2152 4
2185 4
2440 4
2186 4
2188 4
2200 4
2216 4
2248 4
2832 4
2848 4
2880 4
2640 4
2689 4
2944 4
2690 4
2692 4
2704 4
2720 4
2752 4
2824 4
2584 4
2600 4
2632 4
2696 4
3344 4
3360 4
3392 4
3152 4
3201 4
3456 4
3202 4
3204 4
3216 4
3232 4
3264 4
3336 4
3096 4
3112 4
3144 4
3208 4
3712 4
4133 4
4165 4
4229 4
4109 4
4364 4
4121 4
4137 4
4138 4
4140 4
4169 4
4170 4
4172 4
4233 4
4234 4
4236 4
4642 4
4644 4
4674 4
4676 4
4738 4
4740 4
4617 4
4872 4
4618 4
4620 4
4632 4
4648 4
4680 4
4744 4
5154 4
5156 4
5186 4
5188 4
5250 4
5252 4
5129 4
5384 4
5130 4
5132 4
5144 4
5160 4
5192 4
5256 4
5664 4
5696 4
5760 4
5640 4
6177 4
6178 4
6180 4
6209 4
6210 4
6212 4
6273 4
6274 4
6276 4
6153 4
6408 4
6154 4
6156 4
6168 4
6184 4
6216 4
6280 4
6688 4
6720 4
6784 4
6664 4
7200 4
7232 4
7296 4
7176 4
279 5
295 5
309 5
327 5
341 5
87 5
357 5
117 5
391 5
405 5
151 5
421 5
167 5
181 5
453 5
199 5
213 5
229 5
271 5
283 5
285 5
31 5
286 5
299 5
301 5
47 5
302 5
313 5
59 5
314 5
61 5
316 5
62 5
331 5
333 5
79 5
334 5
345 5
91 5
346 5
93 5
348 5
94 5
361 5
107 5
362 5
109 5
364 5
110 5
121 5
122 5
124 5
395 5
397 5
143 5
398 5
409 5
155 5
410 5
157 5
412 5
158 5
425 5
171 5
426 5
173 5
428 5
174 5
185 5
186 5
188 5
457 5
203 5
458 5
205 5
460 5
206 5
217 5
218 5
220 5
233 5
234 5
236 5
787 5
789 5
790 5
803 5
805 5
806 5
818 5
820 5
835 5
837 5
838 5
595 5
850 5
597 5
852 5
598 5
866 5
868 5
626 5
628 5
899 5
901 5
647 5
902 5
659 5
914 5
661 5
916 5
662 5
675 5
930 5
677 5
932 5
678 5
690 5
692 5
707 5
962 5
709 5
964 5
710 5
722 5
724 5
738 5
740 5
779 5
781 5
782 5
793 5
539 5
794 5
541 5
796 5
542 5
809 5
555 5
810 5
557 5
812 5
558 5
569 5
824 5
570 5
572 5
841 5
587 5
842 5
589 5
844 5
590 5
601 5
856 5
602 5
604 5
617 5
872 5
618 5
620 5
632 5
905 5
651 5
906 5
653 5
908 5
654 5
665 5
920 5
666 5
668 5
681 5
936 5
682 5
684 5
696 5
713 5
968 5
714 5
716 5
728 5
744 5
1299 5
1301 5
1302 5
1315 5
1317 5
1318 5
1330 5
1332 5
1347 5
1349 5
1350 5
1107 5
1362 5
1109 5
1364 5
1110 5
1378 5
1380 5
1138 5
1140 5
1411 5
1413 5
1159 5
1414 5
1171 5
1426 5
1173 5
1428 5
1174 5
1187 5
1442 5
1189 5
1444 5
1190 5
1202 5
1204 5
1219 5
1474 5
1221 5
1476 5
1222 5
1234 5
1236 5
1250 5
1252 5
1291 5
1293 5
1294 5
1305 5
1051 5
1306 5
1053 5
1308 5
1054 5
1321 5
1067 5
1322 5
1069 5
1324 5
1070 5
1081 5
1336 5
1082 5
1084 5
1353 5
1099 5
1354 5
1101 5
1356 5
1102 5
1113 5
1368 5
1114 5
1116 5
1129 5
1384 5
1130 5
1132 5
1144 5
1417 5
1163 5
1418 5
1165 5
1420 5
1166 5
1177 5
1432 5
1178 5
1180 5
1193 5
1448 5
1194 5
1196 5
1208 5
1225 5
1480 5
1226 5
1228 5
1240 5
1256 5
1809 5
1810 5
1812 5
1825 5
1826 5
1828 5
1840 5
1857 5
1858 5
1860 5
1617 5
1872 5
1618 5
1620 5
1888 5
1648 5
1921 5
1667 5
1922 5
1669 5
1924 5
1670 5
1681 5
1936 5
1682 5
1684 5
1697 5
1952 5
1698 5
1700 5
1712 5
1729 5
1984 5
1730 5
1732 5
1744 5
1760 5
1801 5
1802 5
1804 5
1561 5
1816 5
1562 5
1564 5
1577 5
1832 5
1578 5
1580 5
1592 5
1609 5
1864 5
1610 5
1612 5
1624 5
1640 5
1673 5
1928 5
1674 5
1676 5
1688 5
1704 5
1736 5
2323 5
2325 5
2326 5
2339 5
2341 5
2342 5
2353 5
2354 5
2356 5
2371 5
2373 5
2374 5
2385 5
2131 5
2386 5
2133 5
2388 5
2134 5
2401 5
2402 5
2404 5
2161 5
2162 5
2164 5
2435 5
2437 5
2183 5
2438 5
2449 5
2195 5
2450 5
2197 5
2452 5
2198 5
2465 5
2211 5
2466 5
2213 5
2468 5
2214 5
2225 5
2226 5
2228 5
2497 5
2243 5
2498 5
2245 5
2500 5
2246 5
2257 5
2258 5
2260 5
2273 5
2274 5
2276 5
2315 5
2317 5
2318 5
2329 5
2075 5
2330 5
2077 5
2332 5
2078 5
2345 5
2091 5
2346 5
2093 5
2348 5
2094 5
2105 5
2360 5
2106 5
2108 5
2377 5
2123 5
2378 5
2125 5
2380 5
2126 5
2137 5
2392 5
2138 5
2140 5
2153 5
2408 5
2154 5
2156 5
2168 5
2441 5
2187 5
2442 5
2189 5
2444 5
2190 5
2201 5
2456 5
2202 5
2204 5
2217 5
2472 5
2218 5
2220 5
2232 5
2249 5
2504 5
2250 5
2252 5
2264 5
2280 5
2833 5
2834 5
2836 5
2849 5
2850 5
2852 5
2864 5
2881 5
2882 5
2884 5
2641 5
2896 5
2642 5
2644 5
2912 5
2672 5
2945 5
2691 5
2946 5
2693 5
2948 5
2694 5
2705 5
2960 5
2706 5
2708 5
2721 5
2976 5
2722 5
2724 5
2736 5
2753 5
3008 5
2754 5
2756 5
2768 5
2784 5
2825 5
2826 5
2828 5
2585 5
2840 5
2586 5
2588 5
2601 5
2856 5
2602 5
2604 5
2616 5
2633 5
2888 5
2634 5
2636 5
2648 5
2664 5
2697 5
2952 5
2698 5
2700 5
2712 5
2728 5
2760 5
3345 5
3346 5
3348 5
3361 5
3362 5
3364 5
3376 5
3393 5
3394 5
3396 5
3153 5
3408 5
3154 5
3156 5
3424 5
3184 5
3457 5
3203 5
3458 5
3205 5
3460 5
3206 5
3217 5
3472 5
3218 5
3220 5
3233 5
3488 5
3234 5
3236 5
3248 5
3265 5
3520 5
3266 5
3268 5
3280 5
3296 5
3337 5
3338 5
3340 5
3097 5
3352 5
3098 5
3100 5
3113 5
3368 5
3114 5
3116 5
3128 5
3145 5
3400 5
3146 5
3148 5
3160 5
3176 5
3209 5
3464 5
3210 5
3212 5
3224 5
3240 5
3272 5
3856 5
3872 5
3904 5
3664 5
3713 5
3968 5
3714 5
3716 5
3728 5
3744 5
3776 5
3848 5
3608 5
3624 5
3656 5
3720 5
4373 5
4389 5
4135 5
4149 5
4421 5
4167 5
4181 5
4197 5
4485 5
4231 5
4245 5
4261 5
4293 5
4365 5
4111 5
4366 5
4377 5
4123 5
4378 5
4125 5
4380 5
4393 5
4139 5
4394 5
4141 5
4396 5
4142 5
4153 5
4154 5
4156 5
4425 5
4171 5
4426 5
4173 5
4428 5
4174 5
4185 5
4186 5
4188 5
4201 5
4202 5
4204 5
4489 5
4235 5
4490 5
4237 5
4492 5
4238 5
4249 5
4250 5
4252 5
4265 5
4266 5
4268 5
4297 5
4298 5
4300 5
4882 5
4884 5
4643 5
4898 5
4645 5
4900 5
4646 5
4658 5
4660 5
4675 5
4930 5
4677 5
4932 5
4678 5
4690 5
4692 5
4706 5
4708 5
4739 5
4994 5
4741 5
4996 5
4742 5
4754 5
4756 5
4770 5
4772 5
4802 5
4804 5
4873 5
4619 5
4874 5
4621 5
4876 5
4622 5
4633 5
4888 5
4634 5
4636 5
4649 5
4904 5
4650 5
4652 5
4664 5
4681 5
4936 5
4682 5
4684 5
4696 5
4712 5
4745 5
5000 5
4746 5
4748 5
4760 5
4776 5
4808 5
5394 5
5396 5
5155 5
5410 5
5157 5
5412 5
5158 5
5170 5
5172 5
5187 5
5442 5
5189 5
5444 5
5190 5
5202 5
5204 5
5218 5
5220 5
5251 5
5506 5
5253 5
5508 5
5254 5
5266 5
5268 5
5282 5
5284 5
5314 5
5316 5
5385 5
5131 5
5386 5
5133 5
5388 5
5134 5
5145 5
5400 5
5146 5
5148 5
5161 5
5416 5
5162 5
5164 5
5176 5
5193 5
5448 5
5194 5
5196 5
5208 5
5224 5
5257 5
5512 5
5258 5
5260 5
5272 5
5288 5
5320 5
5904 5
5665 5
5920 5
5666 5
5668 5
5680 5
5697 5
5952 5
5698 5
5700 5
5712 5
5728 5
5761 5
6016 5
5762 5
5764 5
5776 5
5792 5
5824 5
5641 5
5896 5
5642 5
5644 5
5656 5
5672 5
5704 5
5768 5
6417 5
6418 5
6420 5
6433 5
6179 5
6434 5
6181 5
6436 5
6182 5
6193 5
6194 5
6196 5
6465 5
6211 5
6466 5
6213 5
6468 5
6214 5
6225 5
6226 5
6228 5
6241 5
6242 5
6244 5
6529 5
6275 5
6530 5
6277 5
6532 5
6278 5
6289 5
6290 5
6292 5
6305 5
6306 5
6308 5
6337 5
6338 5
6340 5
6409 5
6155 5
6410 5
6157 5
6412 5
6158 5
6169 5
6424 5
6170 5
6172 5
6185 5
6440 5
6186 5
6188 5
6200 5
6217 5
6472 5
6218 5
6220 5
6232 5
6248 5
6281 5
6536 5
6282 5
6284 5
6296 5
6312 5
6344 5
6928 5
6689 5
6944 5
6690 5
6692 5
6704 5
6721 5
6976 5
6722 5
6724 5
6736 5
6752 5
6785 5
7040 5
6786 5
6788 5
6800 5
6816 5
6848 5
6665 5
6920 5
6666 5
6668 5
6680 5
6696 5
6728 5
6792 5
7440 5
7201 5
7456 5
7202 5
7204 5
7216 5
7233 5
7488 5
7234 5
7236 5
7248 5
7264 5
7297 5
7552 5
7298 5
7300 5
7312 5
7328 5
7360 5
7177 5
7432 5
7178 5
7180 5
7192 5
7208 5
7240 5
7304 5
7712 5
7744 5
7808 5
7688 5
311 6
343 6
359 6
373 6
119 6
407 6
423 6
437 6
183 6
455 6
469 6
215 6
485 6
231 6
245 6
287 6
303 6
315 6
317 6
63 6
318 6
335 6
347 6
349 6
95 6
350 6
363 6
365 6
111 6
366 6
377 6
123 6
378 6
125 6
380 6
126 6
399 6
411 6
413 6
159 6
414 6
427 6
429 6
175 6
430 6
441 6
187 6
442 6
189 6
444 6
190 6
459 6
461 6
207 6
462 6
473 6
219 6
474 6
221 6
476 6
222 6
489 6
235 6
490 6
237 6
492 6
238 6
249 6
250 6
252 6
791 6
807 6
819 6
821 6
822 6
839 6
851 6
853 6
599 6
854 6
867 6
869 6
870 6
627 6
882 6
629 6
884 6
630 6
903 6
915 6
917 6
663 6
918 6
931 6
933 6
679 6
934 6
691 6
946 6
693 6
948 6
694 6
963 6
965 6
711 6
966 6
723 6
978 6
725 6
980 6
726 6
739 6
994 6
741 6
996 6
742 6
754 6
756 6
783 6
795 6
797 6
543 6
798 6
811 6
813 6
559 6
814 6
825 6
571 6
826 6
573 6
828 6
574 6
843 6
845 6
591 6
846 6
857 6
603 6
858 6
605 6
860 6
606 6
873 6
619 6
874 6
621 6
876 6
622 6
633 6
888 6
634 6
636 6
907 6
909 6
655 6
910 6
921 6
667 6
922 6
669 6
924 6
670 6
937 6
683 6
938 6
685 6
940 6
686 6
697 6
952 6
698 6
700 6
969 6
715 6
970 6
717 6
972 6
718 6
729 6
984 6
730 6
732 6
745 6
1000 6
746 6
748 6
760 6
1303 6
1319 6
1331 6
1333 6
1334 6
1351 6
1363 6
1365 6
1111 6
1366 6
1379 6
1381 6
1382 6
1139 6
1394 6
1141 6
1396 6
1142 6
1415 6
1427 6
1429 6
1175 6
1430 6
1443 6
1445 6
1191 6
1446 6
1203 6
1458 6
1205 6
1460 6
1206 6
1475 6
1477 6
1223 6
1478 6
1235 6
1490 6
1237 6
1492 6
1238 6
1251 6
1506 6
1253 6
1508 6
1254 6
1266 6
1268 6
1295 6
1307 6
1309 6
1055 6
1310 6
1323 6
1325 6
1071 6
1326 6
1337 6
1083 6
1338 6
1085 6
1340 6
1086 6
1355 6
1357 6
1103 6
1358 6
1369 6
1115 6
1370 6
1117 6
1372 6
1118 6
1385 6
1131 6
1386 6
1133 6
1388 6
1134 6
1145 6
1400 6
1146 6
1148 6
1419 6
1421 6
1167 6
1422 6
1433 6
1179 6
1434 6
1181 6
1436 6
1182 6
1449 6
1195 6
1450 6
1197 6
1452 6
1198 6
1209 6
1464 6
1210 6
1212 6
1481 6
1227 6
1482 6
1229 6
1484 6
1230 6
1241 6
1496 6
1242 6
1244 6
1257 6
1512 6
1258 6
1260 6
1272 6
1811 6
1813 6
1814 6
1827 6
1829 6
1830 6
1841 6
1842 6
1844 6
1859 6
1861 6
1862 6
1873 6
1619 6
1874 6
1621 6
1876 6
1622 6
1889 6
1890 6
1892 6
1649 6
1904 6
1650 6
1652 6
1923 6
1925 6
1671 6
1926 6
1937 6
1683 6
1938 6
1685 6
1940 6
1686 6
1953 6
1699 6
1954 6
1701 6
1956 6
1702 6
1713 6
1968 6
1714 6
1716 6
1985 6
1731 6
1986 6
1733 6
1988 6
1734 6
1745 6
2000 6
1746 6
1748 6
1761 6
2016 6
1762 6
1764 6
1776 6
1803 6
1805 6
1806 6
1817 6
1563 6
1818 6
1565 6
1820 6
1566 6
1833 6
1579 6
1834 6
1581 6
1836 6
1582 6
1593 6
1848 6
1594 6
1596 6
1865 6
1611 6
1866 6
1613 6
1868 6
1614 6
1625 6
1880 6
1626 6
1628 6
1641 6
1896 6
1642 6
1644 6
1656 6
1929 6
1675 6
1930 6
1677 6
1932 6
1678 6
1689 6
1944 6
1690 6
1692 6
1705 6
1960 6
1706 6
1708 6
1720 6
1737 6
1992 6
1738 6
1740 6
1752 6
1768 6
2327 6
2343 6
2355 6
2357 6
2358 6
2375 6
2387 6
2389 6
2135 6
2390 6
2403 6
2405 6
2406 6
2417 6
2163 6
2418 6
2165 6
2420 6
2166 6
2439 6
2451 6
2453 6
2199 6
2454 6
2467 6
2469 6
2215 6
2470 6
2481 6
2227 6
2482 6
2229 6
2484 6
2230 6
2499 6
2501 6
2247 6
2502 6
2513 6
2259 6
2514 6
2261 6
2516 6
2262 6
2529 6
2275 6
2530 6
2277 6
2532 6
2278 6
2289 6
2290 6
2292 6
2319 6
2331 6
2333 6
2079 6
2334 6
2347 6
2349 6
2095 6
2350 6
2361 6
2107 6
2362 6
2109 6
2364 6
2110 6
2379 6
2381 6
2127 6
2382 6
2393 6
2139 6
2394 6
2141 6
2396 6
2142 6
2409 6
2155 6
2410 6
2157 6
2412 6
2158 6
2169 6
2424 6
2170 6
2172 6
2443 6
2445 6
2191 6
2446 6
2457 6
2203 6
2458 6
2205 6
2460 6
2206 6
2473 6
2219 6
2474 6
2221 6
2476 6
2222 6
2233 6
2488 6
2234 6
2236 6
2505 6
2251 6
2506 6
2253 6
2508 6
2254 6
2265 6
2520 6
2266 6
2268 6
2281 6
2536 6
2282 6
2284 6
2296 6
2835 6
2837 6
2838 6
2851 6
2853 6
2854 6
2865 6
2866 6
2868 6
2883 6
2885 6
2886 6
2897 6
2643 6
2898 6
2645 6
2900 6
2646 6
2913 6
2914 6
2916 6
2673 6
2928 6
2674 6
2676 6
2947 6
2949 6
2695 6
2950 6
2961 6
2707 6
2962 6
2709 6
2964 6
2710 6
2977 6
2723 6
2978 6
2725 6
2980 6
2726 6
2737 6
2992 6
2738 6
2740 6
3009 6
2755 6
3010 6
2757 6
3012 6
2758 6
2769 6
3024 6
2770 6
2772 6
2785 6
3040 6
2786 6
2788 6
2800 6
2827 6
2829 6
2830 6
2841 6
2587 6
2842 6
2589 6
2844 6
2590 6
2857 6
2603 6
2858 6
2605 6
2860 6
2606 6
2617 6
2872 6
2618 6
2620 6
2889 6
2635 6
2890 6
2637 6
2892 6
2638 6
2649 6
2904 6
2650 6
2652 6
2665 6
2920 6
2666 6
2668 6
2680 6
2953 6
2699 6
2954 6
2701 6
2956 6
2702 6
2713 6
2968 6
2714 6
2716 6
2729 6
2984 6
2730 6
2732 6
2744 6
2761 6
3016 6
2762 6
2764 6
2776 6
2792 6
3347 6
3349 6
3350 6
3363 6
3365 6
3366 6
3377 6
3378 6
3380 6
3395 6
3397 6
3398 6
3409 6
3155 6
3410 6
3157 6
3412 6
3158 6
3425 6
3426 6
3428 6
3185 6
3440 6
3186 6
3188 6
3459 6
3461 6
3207 6
3462 6
3473 6
3219 6
3474 6
3221 6
3476 6
3222 6
3489 6
3235 6
3490 6
3237 6
3492 6
3238 6
3249 6
3504 6
3250 6
3252 6
3521 6
3267 6
3522 6
3269 6
3524 6
3270 6
3281 6
3536 6
3282 6
3284 6
3297 6
3552 6
3298 6
3300 6
3312 6
3339 6
3341 6
3342 6
3353 6
3099 6
3354 6
3101 6
3356 6
3102 6
3369 6
3115 6
3370 6
3117 6
3372 6
3118 6
3129 6
3384 6
3130 6
3132 6
3401 6
3147 6
3402 6
3149 6
3404 6
3150 6
3161 6
3416 6
3162 6
3164 6
3177 6
3432 6
3178 6
3180 6
3192 6
3465 6
3211 6
3466 6
3213 6
3468 6
3214 6
3225 6
3480 6
3226 6
3228 6
3241 6
3496 6
3242 6
3244 6
3256 6
3273 6
3528 6
3274 6
3276 6
3288 6
3304 6
3857 6
3858 6
3860 6
3873 6
3874 6
3876 6
3888 6
3905 6
3906 6
3908 6
3665 6
3920 6
3666 6
3668 6
3936 6
3696 6
3969 6
3715 6
3970 6
3717 6
3972 6
3718 6
3729 6
3984 6
3730 6
3732 6
3745 6
4000 6
3746 6
3748 6
3760 6
3777 6
4032 6
3778 6
3780 6
3792 6
3808 6
3849 6
3850 6
3852 6
3609 6
3864 6
3610 6
3612 6
3625 6
3880 6
3626 6
3628 6
3640 6
3657 6
3912 6
3658 6
3660 6
3672 6
3688 6
3721 6
3976 6
3722 6
3724 6
3736 6
3752 6
3784 6
4375 6
4391 6
4405 6
4151 6
4423 6
4437 6
4183 6
4453 6
4199 6
4213 6
4487 6
4501 6
4247 6
4517 6
4263 6
4277 6
4549 6
4295 6
4309 6
4325 6
4367 6
4379 6
4381 6
4127 6
4382 6
4395 6
4397 6
4143 6
4398 6
4409 6
4155 6
4410 6
4157 6
4412 6
4158 6
4427 6
4429 6
4175 6
4430 6
4441 6
4187 6
4442 6
4189 6
4444 6
4190 6
4457 6
4203 6
4458 6
4205 6
4460 6
4206 6
4217 6
4218 6
4220 6
4491 6
4493 6
4239 6
4494 6
4505 6
4251 6
4506 6
4253 6
4508 6
4254 6
4521 6
4267 6
4522 6
4269 6
4524 6
4270 6
4281 6
4282 6
4284 6
4553 6
4299 6
4554 6
4301 6
4556 6
4302 6
4313 6
4314 6
4316 6
4329 6
4330 6
4332 6
4883 6
4885 6
4886 6
4899 6
4901 6
4647 6
4902 6
4659 6
4914 6
4661 6
4916 6
4662 6
4931 6
4933 6
4679 6
4934 6
4691 6
4946 6
4693 6
4948 6
4694 6
4707 6
4962 6
4709 6
4964 6
4710 6
4722 6
4724 6
4995 6
4997 6
4743 6
4998 6
4755 6
5010 6
4757 6
5012 6
4758 6
4771 6
5026 6
4773 6
5028 6
4774 6
4786 6
4788 6
4803 6
5058 6
4805 6
5060 6
4806 6
4818 6
4820 6
4834 6
4836 6
4875 6
4877 6
4623 6
4878 6
4889 6
4635 6
4890 6
4637 6
4892 6
4638 6
4905 6
4651 6
4906 6
4653 6
4908 6
4654 6
4665 6
4920 6
4666 6
4668 6
4937 6
4683 6
4938 6
4685 6
4940 6
4686 6
4697 6
4952 6
4698 6
4700 6
4713 6
4968 6
4714 6
4716 6
4728 6
5001 6
4747 6
5002 6
4749 6
5004 6
4750 6
4761 6
5016 6
4762 6
4764 6
4777 6
5032 6
4778 6
4780 6
4792 6
4809 6
5064 6
4810 6
4812 6
4824 6
4840 6
5395 6
5397 6
5398 6
5411 6
5413 6
5159 6
5414 6
5171 6
5426 6
5173 6
5428 6
5174 6
5443 6
5445 6
5191 6
5446 6
5203 6
5458 6
5205 6
5460 6
5206 6
5219 6
5474 6
5221 6
5476 6
5222 6
5234 6
5236 6
5507 6
5509 6
5255 6
5510 6
5267 6
5522 6
5269 6
5524 6
5270 6
5283 6
5538 6
5285 6
5540 6
5286 6
5298 6
5300 6
5315 6
5570 6
5317 6
5572 6
5318 6
5330 6
5332 6
5346 6
5348 6
5387 6
5389 6
5135 6
5390 6
5401 6
5147 6
5402 6
5149 6
5404 6
5150 6
5417 6
5163 6
5418 6
5165 6
5420 6
5166 6
5177 6
5432 6
5178 6
5180 6
5449 6
5195 6
5450 6
5197 6
5452 6
5198 6
5209 6
5464 6
5210 6
5212 6
5225 6
5480 6
5226 6
5228 6
5240 6
5513 6
5259 6
5514 6
5261 6
5516 6
5262 6
5273 6
5528 6
5274 6
5276 6
5289 6
5544 6
5290 6
5292 6
5304 6
5321 6
5576 6
5322 6
5324 6
5336 6
5352 6
5905 6
5906 6
5908 6
5921 6
5667 6
5922 6
5669 6
5924 6
5670 6
5681 6
5936 6
5682 6
5684 6
5953 6
5699 6
5954 6
5701 6
5956 6
5702 6
5713 6
5968 6
5714 6
5716 6
5729 6
5984 6
5730 6
5732 6
5744 6
6017 6
5763 6
6018 6
5765 6
6020 6
5766 6
5777 6
6032 6
5778 6
5780 6
5793 6
6048 6
5794 6
5796 6
5808 6
5825 6
6080 6
5826 6
5828 6
5840 6
5856 6
5897 6
5643 6
5898 6
5645 6
5900 6
5646 6
5657 6
5912 6
5658 6
5660 6
5673 6
5928 6
5674 6
5676 6
5688 6
5705 6
5960 6
5706 6
5708 6
5720 6
5736 6
5769 6
6024 6
5770 6
5772 6
5784 6
5800 6
5832 6
6419 6
6421 6
6422 6
6435 6
6437 6
6183 6
6438 6
6449 6
6195 6
6450 6
6197 6
6452 6
6198 6
6467 6
6469 6
6215 6
6470 6
6481 6
6227 6
6482 6
6229 6
6484 6
6230 6
6497 6
6243 6
6498 6
6245 6
6500 6
6246 6
6257 6
6258 6
6260 6
6531 6
6533 6
6279 6
6534 6
6545 6
6291 6
6546 6
6293 6
6548 6
6294 6
6561 6
6307 6
6562 6
6309 6
6564 6
6310 6
6321 6
6322 6
6324 6
6593 6
6339 6
6594 6
6341 6
6596 6
6342 6
6353 6
6354 6
6356 6
6369 6
6370 6
6372 6
6411 6
6413 6
6159 6
6414 6
6425 6
6171 6
6426 6
6173 6
6428 6
6174 6
6441 6
6187 6
6442 6
6189 6
6444 6
6190 6
6201 6
6456 6
6202 6
6204 6
6473 6
6219 6
6474 6
6221 6
6476 6
6222 6
6233 6
6488 6
6234 6
6236 6
6249 6
6504 6
6250 6
6252 6
6264 6
6537 6
6283 6
6538 6
6285 6
6540 6
6286 6
6297 6
6552 6
6298 6
6300 6
6313 6
6568 6
6314 6
6316 6
6328 6
6345 6
6600 6
6346 6
6348 6
6360 6
6376 6
6929 6
6930 6
6932 6
6945 6
6691 6
6946 6
6693 6
6948 6
6694 6
6705 6
6960 6
6706 6
6708 6
6977 6
6723 6
6978 6
6725 6
6980 6
6726 6
6737 6
6992 6
6738 6
6740 6
6753 6
7008 6
6754 6
6756 6
6768 6
7041 6
6787 6
7042 6
6789 6
7044 6
6790 6
6801 6
7056 6
6802 6
6804 6
6817 6
7072 6
6818 6
6820 6
6832 6
6849 6
7104 6
6850 6
6852 6
6864 6
6880 6
6921 6
6667 6
6922 6
6669 6
6924 6
6670 6
6681 6
6936 6
6682 6
6684 6
6697 6
6952 6
6698 6
6700 6
6712 6
6729 6
6984 6
6730 6
6732 6
6744 6
6760 6
6793 6
7048 6
6794 6
6796 6
6808 6
6824 6
6856 6
7441 6
7442 6
7444 6
7457 6
7203 6
7458 6
7205 6
7460 6
7206 6
7217 6
7472 6
7218 6
7220 6
7489 6
7235 6
7490 6
7237 6
7492 6
7238 6
7249 6
7504 6
7250 6
7252 6
7265 6
7520 6
7266 6
7268 6
7280 6
7553 6
7299 6
7554 6
7301 6
7556 6
7302 6
7313 6
7568 6
7314 6
7316 6
7329 6
7584 6
7330 6
7332 6
7344 6
7361 6
7616 6
7362 6
7364 6
7376 6
7392 6
7433 6
7179 6
7434 6
7181 6
7436 6
7182 6
7193 6
7448 6
7194 6
7196 6
7209 6
7464 6
7210 6
7212 6
7224 6
7241 6
7496 6
7242 6
7244 6
7256 6
7272 6
7305 6
7560 6
7306 6
7308 6
7320 6
7336 6
7368 6
7952 6
7713 6
7968 6
7714 6
7716 6
7728 6
7745 6
8000 6
7746 6
7748 6
7760 6
7776 6
7809 6
8064 6
7810 6
7812 6
7824 6
7840 6
7872 6
7689 6
7944 6
7690 6
7692 6
7704 6
7720 6
7752 6
7816 6
375 7
439 7
471 7
487 7
501 7
247 7
319 7
351 7
367 7
379 7
381 7
127 7
382 7
415 7
431 7
443 7
445 7
191 7
446 7
463 7
475 7
477 7
223 7
478 7
491 7
493 7
239 7
494 7
505 7
251 7
506 7
253 7
508 7
254 7
823 7
855 7
871 7
883 7
885 7
631 7
886 7
919 7
935 7
947 7
949 7
695 7
950 7
967 7
979 7
981 7
727 7
982 7
995 7
997 7
743 7
998 7
755 7
1010 7
757 7
1012 7
758 7
799 7
815 7
827 7
829 7
575 7
830 7
847 7
859 7
861 7
607 7
862 7
875 7
877 7
623 7
878 7
889 7
635 7
890 7
637 7
892 7
638 7
911 7
923 7
925 7
671 7
926 7
939 7
941 7
687 7
942 7
953 7
699 7
954 7
701 7
956 7
702 7
971 7
973 7
719 7
974 7
985 7
731 7
986 7
733 7
988 7
734 7
1001 7
747 7
1002 7
749 7
1004 7
750 7
761 7
1016 7
762 7
764 7
1335 7
1367 7
1383 7
1395 7
1397 7
1143 7
1398 7
1431 7
1447 7
1459 7
1461 7
1207 7
1462 7
1479 7
1491 7
1493 7
1239 7
1494 7
1507 7
1509 7
1255 7
1510 7
1267 7
1522 7
1269 7
1524 7
1270 7
1311 7
1327 7
1339 7
1341 7
1087 7
1342 7
1359 7
1371 7
1373 7
1119 7
1374 7
1387 7
1389 7
1135 7
1390 7
1401 7
1147 7
1402 7
1149 7
1404 7
1150 7
1423 7
1435 7
1437 7
1183 7
1438 7
1451 7
1453 7
1199 7
1454 7
1465 7
1211 7
1466 7
1213 7
1468 7
1214 7
1483 7
1485 7
1231 7
1486 7
1497 7
1243 7
1498 7
1245 7
1500 7
1246 7
1513 7
1259 7
1514 7
1261 7
1516 7
1262 7
1273 7
1528 7
1274 7
1276 7
1815 7
1831 7
1843 7
1845 7
1846 7
1863 7
1875 7
1877 7
1623 7
1878 7
1891 7
1893 7
1894 7
1905 7
1651 7
1906 7
1653 7
1908 7
1654 7
1927 7
1939 7
1941 7
1687 7
1942 7
1955 7
1957 7
1703 7
1958 7
1969 7
1715 7
1970 7
1717 7
1972 7
1718 7
1987 7
1989 7
1735 7
1990 7
2001 7
1747 7
2002 7
1749 7
2004 7
1750 7
2017 7
1763 7
2018 7
1765 7
2020 7
1766 7
1777 7
2032 7
1778 7
1780 7
1807 7
1819 7
1821 7
1567 7
1822 7
1835 7
1837 7
1583 7
1838 7
1849 7
1595 7
1850 7
1597 7
1852 7
1598 7
1867 7
1869 7
1615 7
1870 7
1881 7
1627 7
1882 7
1629 7
1884 7
1630 7
1897 7
1643 7
1898 7
1645 7
1900 7
1646 7
1657 7
1912 7
1658 7
1660 7
1931 7
1933 7
1679 7
1934 7
1945 7
1691 7
1946 7
1693 7
1948 7
1694 7
1961 7
1707 7
1962 7
1709 7
1964 7
1710 7
1721 7
1976 7
1722 7
1724 7
1993 7
1739 7
1994 7
1741 7
1996 7
1742 7
1753 7
2008 7
1754 7
1756 7
1769 7
2024 7
1770 7
1772 7
1784 7
2359 7
2391 7
2407 7
2419 7
2421 7
2167 7
2422 7
2455 7
2471 7
2483 7
2485 7
2231 7
2486 7
2503 7
2515 7
2517 7
2263 7
2518 7
2531 7
2533 7
2279 7
2534 7
2545 7
2291 7
2546 7
2293 7
2548 7
2294 7
2335 7
2351 7
2363 7
2365 7
2111 7
2366 7
2383 7
2395 7
2397 7
2143 7
2398 7
2411 7
2413 7
2159 7
2414 7
2425 7
2171 7
2426 7
2173 7
2428 7
2174 7
2447 7
2459 7
2461 7
2207 7
2462 7
2475 7
2477 7
2223 7
2478 7
2489 7
2235 7
2490 7
2237 7
2492 7
2238 7
2507 7
2509 7
2255 7
2510 7
2521 7
2267 7
2522 7
2269 7
2524 7
2270 7
2537 7
2283 7
2538 7
2285 7
2540 7
2286 7
2297 7
2552 7
2298 7
2300 7
2839 7
2855 7
2867 7
2869 7
2870 7
2887 7
2899 7
2901 7
2647 7
2902 7
2915 7
2917 7
2918 7
2929 7
2675 7
2930 7
2677 7
2932 7
2678 7
2951 7
2963 7
2965 7
2711 7
2966 7
2979 7
2981 7
2727 7
2982 7
2993 7
2739 7
2994 7
2741 7
2996 7
2742 7
3011 7
3013 7
2759 7
3014 7
3025 7
2771 7
3026 7
2773 7
3028 7
2774 7
3041 7
2787 7
3042 7
2789 7
3044 7
2790 7
2801 7
3056 7
2802 7
2804 7
2831 7
2843 7
2845 7
2591 7
2846 7
2859 7
2861 7
2607 7
2862 7
2873 7
2619 7
2874 7
2621 7
2876 7
2622 7
2891 7
2893 7
2639 7
2894 7
2905 7
2651 7
2906 7
2653 7
2908 7
2654 7
2921 7
2667 7
2922 7
2669 7
2924 7
2670 7
2681 7
2936 7
2682 7
2684 7
2955 7
2957 7
2703 7
2958 7
2969 7
2715 7
2970 7
2717 7
2972 7
2718 7
2985 7
2731 7
2986 7
2733 7
2988 7
2734 7
2745 7
3000 7
2746 7
2748 7
3017 7
2763 7
3018 7
2765 7
3020 7
2766 7
2777 7
3032 7
2778 7
2780 7
2793 7
3048 7
2794 7
2796 7
2808 7
3351 7
3367 7
3379 7
3381 7
3382 7
3399 7
3411 7
3413 7
3159 7
3414 7
3427 7
3429 7
3430 7
3441 7
3187 7
3442 7
3189 7
3444 7
3190 7
3463 7
3475 7
3477 7
3223 7
3478 7
3491 7
3493 7
3239 7
3494 7
3505 7
3251 7
3506 7
3253 7
3508 7
3254 7
3523 7
3525 7
3271 7
3526 7
3537 7
3283 7
3538 7
3285 7
3540 7
3286 7
3553 7
3299 7
3554 7
3301 7
3556 7
3302 7
3313 7
3568 7
3314 7
3316 7
3343 7
3355 7
3357 7
3103 7
3358 7
3371 7
3373 7
3119 7
3374 7
3385 7
3131 7
3386 7
3133 7
3388 7
3134 7
3403 7
3405 7
3151 7
3406 7
3417 7
3163 7
3418 7
3165 7
3420 7
3166 7
3433 7
3179 7
3434 7
3181 7
3436 7
3182 7
3193 7
3448 7
3194 7
3196 7
3467 7
3469 7
3215 7
3470 7
3481 7
3227 7
3482 7
3229 7
3484 7
3230 7
3497 7
3243 7
3498 7
3245 7
3500 7
3246 7
3257 7
3512 7
3258 7
3260 7
3529 7
3275 7
3530 7
3277 7
3532 7
3278 7
3289 7
3544 7
3290 7
3292 7
3305 7
3560 7
3306 7
3308 7
3320 7
3859 7
3861 7
3862 7
3875 7
3877 7
3878 7
3889 7
3890 7
3892 7
3907 7
3909 7
3910 7
3921 7
3667 7
3922 7
3669 7
3924 7
3670 7
3937 7
3938 7
3940 7
3697 7
3952 7
3698 7
3700 7
3971 7
3973 7
3719 7
3974 7
3985 7
3731 7
3986 7
3733 7
3988 7
3734 7
4001 7
3747 7
4002 7
3749 7
4004 7
3750 7
3761 7
4016 7
3762 7
3764 7
4033 7
3779 7
4034 7
3781 7
4036 7
3782 7
3793 7
4048 7
3794 7
3796 7
3809 7
4064 7
3810 7
3812 7
3824 7
3851 7
3853 7
3854 7
3865 7
3611 7
3866 7
3613 7
3868 7
3614 7
3881 7
3627 7
3882 7
3629 7
3884 7
3630 7
3641 7
3896 7
3642 7
3644 7
3913 7
3659 7
3914 7
3661 7
3916 7
3662 7
3673 7
3928 7
3674 7
3676 7
3689 7
3944 7
3690 7
3692 7
3704 7
3977 7
3723 7
3978 7
3725 7
3980 7
3726 7
3737 7
3992 7
3738 7
3740 7
3753 7
4008 7
3754 7
3756 7
3768 7
3785 7
4040 7
3786 7
3788 7
3800 7
3816 7
4407 7
4439 7
4455 7
4469 7
4215 7
4503 7
4519 7
4533 7
4279 7
4551 7
4565 7
4311 7
4581 7
4327 7
4341 7
4383 7
4399 7
4411 7
4413 7
4159 7
4414 7
4431 7
4443 7
4445 7
4191 7
4446 7
4459 7
4461 7
4207 7
4462 7
4473 7
4219 7
4474 7
4221 7
4476 7
4222 7
4495 7
4507 7
4509 7
4255 7
4510 7
4523 7
4525 7
4271 7
4526 7
4537 7
4283 7
4538 7
4285 7
4540 7
4286 7
4555 7
4557 7
4303 7
4558 7
4569 7
4315 7
4570 7
4317 7
4572 7
4318 7
4585 7
4331 7
4586 7
4333 7
4588 7
4334 7
4345 7
4346 7
4348 7
4887 7
4903 7
4915 7
4917 7
4663 7
4918 7
4935 7
4947 7
4949 7
4695 7
4950 7
4963 7
4965 7
4711 7
4966 7
4723 7
4978 7
4725 7
4980 7
4726 7
4999 7
5011 7
5013 7
4759 7
5014 7
5027 7
5029 7
4775 7
5030 7
4787 7
5042 7
4789 7
5044 7
4790 7
5059 7
5061 7
4807 7
5062 7
4819 7
5074 7
4821 7
5076 7
4822 7
4835 7
5090 7
4837 7
5092 7
4838 7
4850 7
4852 7
4879 7
4891 7
4893 7
4639 7
4894 7
4907 7
4909 7
4655 7
4910 7
4921 7
4667 7
4922 7
4669 7
4924 7
4670 7
4939 7
4941 7
4687 7
4942 7
4953 7
4699 7
4954 7
4701 7
4956 7
4702 7
4969 7
4715 7
4970 7
4717 7
4972 7
4718 7
4729 7
4984 7
4730 7
4732 7
5003 7
5005 7
4751 7
5006 7
5017 7
4763 7
5018 7
4765 7
5020 7
4766 7
5033 7
4779 7
5034 7
4781 7
5036 7
4782 7
4793 7
5048 7
4794 7
4796 7
5065 7
4811 7
5066 7
4813 7
5068 7
4814 7
4825 7
5080 7
4826 7
4828 7
4841 7
5096 7
4842 7
4844 7
4856 7
5399 7
5415 7
5427 7
5429 7
5175 7
5430 7
5447 7
5459 7
5461 7
5207 7
5462 7
5475 7
5477 7
5223 7
5478 7
5235 7
5490 7
5237 7
5492 7
5238 7
5511 7
5523 7
5525 7
5271 7
5526 7
5539 7
5541 7
5287 7
5542 7
5299 7
5554 7
5301 7
5556 7
5302 7
5571 7
5573 7
5319 7
5574 7
5331 7
5586 7
5333 7
5588 7
5334 7
5347 7
5602 7
5349 7
5604 7
5350 7
5362 7
5364 7
5391 7
5403 7
5405 7
5151 7
5406 7
5419 7
5421 7
5167 7
5422 7
5433 7
5179 7
5434 7
5181 7
5436 7
5182 7
5451 7
5453 7
5199 7
5454 7
5465 7
5211 7
5466 7
5213 7
5468 7
5214 7
5481 7
5227 7
5482 7
5229 7
5484 7
5230 7
5241 7
5496 7
5242 7
5244 7
5515 7
5517 7
5263 7
5518 7
5529 7
5275 7
5530 7
5277 7
5532 7
5278 7
5545 7
5291 7
5546 7
5293 7
5548 7
5294 7
5305 7
5560 7
5306 7
5308 7
5577 7
5323 7
5578 7
5325 7
5580 7
5326 7
5337 7
5592 7
5338 7
5340 7
5353 7
5608 7
5354 7
5356 7
5368 7
5907 7
5909 7
5910 7
5923 7
5925 7
5671 7
5926 7
5937 7
5683 7
5938 7
5685 7
5940 7
5686 7
5955 7
5957 7
5703 7
5958 7
5969 7
5715 7
5970 7
5717 7
5972 7
5718 7
5985 7
5731 7
5986 7
5733 7
5988 7
5734 7
5745 7
6000 7
5746 7
5748 7
6019 7
6021 7
5767 7
6022 7
6033 7
5779 7
6034 7
5781 7
6036 7
5782 7
6049 7
5795 7
6050 7
5797 7
6052 7
5798 7
5809 7
6064 7
5810 7
5812 7
6081 7
5827 7
6082 7
5829 7
6084 7
5830 7
5841 7
6096 7
5842 7
5844 7
5857 7
6112 7
5858 7
5860 7
5872 7
5899 7
5901 7
5647 7
5902 7
5913 7
5659 7
5914 7
5661 7
5916 7
5662 7
5929 7
5675 7
5930 7
5677 7
5932 7
5678 7
5689 7
5944 7
5690 7
5692 7
5961 7
5707 7
5962 7
5709 7
5964 7
5710 7
5721 7
5976 7
5722 7
5724 7
5737 7
5992 7
5738 7
5740 7
5752 7
6025 7
5771 7
6026 7
5773 7
6028 7
5774 7
5785 7
6040 7
5786 7
5788 7
5801 7
6056 7
5802 7
5804 7
5816 7
5833 7
6088 7
5834 7
5836 7
5848 7
5864 7
6423 7
6439 7
6451 7
6453 7
6199 7
6454 7
6471 7
6483 7
6485 7
6231 7
6486 7
6499 7
6501 7
6247 7
6502 7
6513 7
6259 7
6514 7
6261 7
6516 7
6262 7
6535 7
6547 7
6549 7
6295 7
6550 7
6563 7
6565 7
6311 7
6566 7
6577 7
6323 7
6578 7
6325 7
6580 7
6326 7
6595 7
6597 7
6343 7
6598 7
6609 7
6355 7
6610 7
6357 7
6612 7
6358 7
6625 7
6371 7
6626 7
6373 7
6628 7
6374 7
6385 7
6386 7
6388 7
6415 7
6427 7
6429 7
6175 7
6430 7
6443 7
6445 7
6191 7
6446 7
6457 7
6203 7
6458 7
6205 7
6460 7
6206 7
6475 7
6477 7
6223 7
6478 7
6489 7
6235 7
6490 7
6237 7
6492 7
6238 7
6505 7
6251 7
6506 7
6253 7
6508 7
6254 7
6265 7
6520 7
6266 7
6268 7
6539 7
6541 7
6287 7
6542 7
6553 7
6299 7
6554 7
6301 7
6556 7
6302 7
6569 7
6315 7
6570 7
6317 7
6572 7
6318 7
6329 7
6584 7
6330 7
6332 7
6601 7
6347 7
6602 7
6349 7
6604 7
6350 7
6361 7
6616 7
6362 7
6364 7
6377 7
6632 7
6378 7
6380 7
6392 7
6931 7
6933 7
6934 7
6947 7
6949 7
6695 7
6950 7
6961 7
6707 7
6962 7
6709 7
6964 7
6710 7
6979 7
6981 7
6727 7
6982 7
6993 7
6739 7
6994 7
6741 7
6996 7
6742 7
7009 7
6755 7
7010 7
6757 7
7012 7
6758 7
6769 7
7024 7
6770 7
6772 7
7043 7
7045 7
6791 7
7046 7
7057 7
6803 7
7058 7
6805 7
7060 7
6806 7
7073 7
6819 7
7074 7
6821 7
7076 7
6822 7
6833 7
7088 7
6834 7
6836 7
7105 7
6851 7
7106 7
6853 7
7108 7
6854 7
6865 7
7120 7
6866 7
6868 7
6881 7
7136 7
6882 7
6884 7
6896 7
6923 7
6925 7
6671 7
6926 7
6937 7
6683 7
6938 7
6685 7
6940 7
6686 7
6953 7
6699 7
6954 7
6701 7
6956 7
6702 7
6713 7
6968 7
6714 7
6716 7
6985 7
6731 7
6986 7
6733 7
6988 7
6734 7
6745 7
7000 7
6746 7
6748 7
6761 7
7016 7
6762 7
6764 7
6776 7
7049 7
6795 7
7050 7
6797 7
7052 7
6798 7
6809 7
7064 7
6810 7
6812 7
6825 7
7080 7
6826 7
6828 7
6840 7
6857 7
7112 7
6858 7
6860 7
6872 7
6888 7
7443 7
7445 7
7446 7
7459 7
7461 7
7207 7
7462 7
7473 7
7219 7
7474 7
7221 7
7476 7
7222 7
7491 7
7493 7
7239 7
7494 7
7505 7
7251 7
7506 7
7253 7
7508 7
7254 7
7521 7
7267 7
7522 7
7269 7
7524 7
7270 7
7281 7
7536 7
7282 7
7284 7
7555 7
7557 7
7303 7
7558 7
7569 7
7315 7
7570 7
7317 7
7572 7
7318 7
7585 7
7331 7
7586 7
7333 7
7588 7
7334 7
7345 7
7600 7
7346 7
7348 7
7617 7
7363 7
7618 7
7365 7
7620 7
7366 7
7377 7
7632 7
7378 7
7380 7
7393 7
7648 7
7394 7
7396 7
7408 7
7435 7
7437 7
7183 7
7438 7
7449 7
7195 7
7450 7
7197 7
7452 7
7198 7
7465 7
7211 7
7466 7
7213 7
7468 7
7214 7
7225 7
7480 7
7226 7
7228 7
7497 7
7243 7
7498 7
7245 7
7500 7
7246 7
7257 7
7512 7
7258 7
7260 7
7273 7
7528 7
7274 7
7276 7
7288 7
7561 7
7307 7
7562 7
7309 7
7564 7
7310 7
7321 7
7576 7
7322 7
7324 7
7337 7
7592 7
7338 7
7340 7
7352 7
7369 7
7624 7
7370 7
7372 7
7384 7
7400 7
7953 7
7954 7
7956 7
7969 7
7715 7
7970 7
7717 7
7972 7
7718 7
7729 7
7984 7
7730 7
7732 7
8001 7
7747 7
8002 7
7749 7
8004 7
7750 7
7761 7
8016 7
7762 7
7764 7
7777 7
8032 7
7778 7
7780 7
7792 7
8065 7
7811 7
8066 7
7813 7
8068 7
7814 7
7825 7
8080 7
7826 7
7828 7
7841 7
8096 7
7842 7
7844 7
7856 7
7873 7
8128 7
7874 7
7876 7
7888 7
7904 7
7945 7
7691 7
7946 7
7693 7
7948 7
7694 7
7705 7
7960 7
7706 7
7708 7
7721 7
7976 7
7722 7
7724 7
7736 7
7753 7
8008 7
7754 7
7756 7
7768 7
7784 7
7817 7
8072 7
7818 7
7820 7
7832 7
7848 7
7880 7
503 8
383 8
447 8
479 8
495 8
507 8
509 8
255 8
510 8
887 8
951 8
983 8
999 8
1011 8
1013 8
759 8
1014 8
831 8
863 8
879 8
891 8
893 8
639 8
894 8
927 8
943 8
955 8
957 8
703 8
958 8
975 8
987 8
989 8
735 8
990 8
1003 8
1005 8
751 8
1006 8
1017 8
763 8
1018 8
765 8
1020 8
766 8
1399 8
1463 8
1495 8
1511 8
1523 8
1525 8
1271 8
1526 8
1343 8
1375 8
1391 8
1403 8
1405 8
1151 8
1406 8
1439 8
1455 8
1467 8
1469 8
1215 8
1470 8
1487 8
1499 8
1501 8
1247 8
1502 8
1515 8
1517 8
1263 8
1518 8
1529 8
1275 8
1530 8
1277 8
1532 8
1278 8
1847 8
1879 8
1895 8
1907 8
1909 8
1655 8
1910 8
1943 8
1959 8
1971 8
1973 8
1719 8
1974 8
1991 8
2003 8
2005 8
1751 8
2006 8
2019 8
2021 8
1767 8
2022 8
2033 8
1779 8
2034 8
1781 8
2036 8
1782 8
1823 8
1839 8
1851 8
1853 8
1599 8
1854 8
1871 8
1883 8
1885 8
1631 8
1886 8
1899 8
1901 8
1647 8
1902 8
1913 8
1659 8
1914 8
1661 8
1916 8
1662 8
1935 8
1947 8
1949 8
1695 8
1950 8
1963 8
1965 8
1711 8
1966 8
1977 8
1723 8
1978 8
1725 8
1980 8
1726 8
1995 8
1997 8
1743 8
1998 8
2009 8
1755 8
2010 8
1757 8
2012 8
1758 8
2025 8
1771 8
2026 8
1773 8
2028 8
1774 8
1785 8
2040 8
1786 8
1788 8
2423 8
2487 8
2519 8
2535 8
2547 8
2549 8
2295 8
2550 8
2367 8
2399 8
2415 8
2427 8
2429 8
2175 8
2430 8
2463 8
2479 8
2491 8
2493 8
2239 8
2494 8
2511 8
2523 8
2525 8
2271 8
2526 8
2539 8
2541 8
2287 8
2542 8
2553 8
2299 8
2554 8
2301 8
2556 8
2302 8
2871 8
2903 8
2919 8
2931 8
2933 8
2679 8
2934 8
2967 8
2983 8
2995 8
2997 8
2743 8
2998 8
3015 8
3027 8
3029 8
2775 8
3030 8
3043 8
3045 8
2791 8
3046 8
3057 8
2803 8
3058 8
2805 8
3060 8
2806 8
2847 8
2863 8
2875 8
2877 8
2623 8
2878 8
2895 8
2907 8
2909 8
2655 8
2910 8
2923 8
2925 8
2671 8
2926 8
2937 8
2683 8
2938 8
2685 8
2940 8
2686 8
2959 8
2971 8
2973 8
2719 8
2974 8
2987 8
2989 8
2735 8
2990 8
3001 8
2747 8
3002 8
2749 8
3004 8
2750 8
3019 8
3021 8
2767 8
3022 8
3033 8
2779 8
3034 8
2781 8
3036 8
2782 8
3049 8
2795 8
3050 8
2797 8
3052 8
2798 8
2809 8
3064 8
2810 8
2812 8
3383 8
3415 8
3431 8
3443 8
3445 8
3191 8
3446 8
3479 8
3495 8
3507 8
3509 8
3255 8
3510 8
3527 8
3539 8
3541 8
3287 8
3542 8
3555 8
3557 8
3303 8
3558 8
3569 8
3315 8
3570 8
3317 8
3572 8
3318 8
3359 8
3375 8
3387 8
3389 8
3135 8
3390 8
3407 8
3419 8
3421 8
3167 8
3422 8
3435 8
3437 8
3183 8
3438 8
3449 8
3195 8
3450 8
3197 8
3452 8
3198 8
3471 8
3483 8
3485 8
3231 8
3486 8
3499 8
3501 8
3247 8
3502 8
3513 8
3259 8
3514 8
3261 8
3516 8
3262 8
3531 8
3533 8
3279 8
3534 8
3545 8
3291 8
3546 8
3293 8
3548 8
3294 8
3561 8
3307 8
3562 8
3309 8
3564 8
3310 8
3321 8
3576 8
3322 8
3324 8
3863 8
3879 8
3891 8
3893 8
3894 8
3911 8
3923 8
3925 8
3671 8
3926 8
3939 8
3941 8
3942 8
3953 8
3699 8
3954 8
3701 8
3956 8
3702 8
3975 8
3987 8
3989 8
3735 8
3990 8
4003 8
4005 8
3751 8
4006 8
4017 8
3763 8
4018 8
3765 8
4020 8
3766 8
4035 8
4037 8
3783 8
4038 8
4049 8
3795 8
4050 8
3797 8
4052 8
3798 8
4065 8
3811 8
4066 8
3813 8
4068 8
3814 8
3825 8
4080 8
3826 8
3828 8
3855 8
3867 8
3869 8
3615 8
3870 8
3883 8
3885 8
3631 8
3886 8
3897 8
3643 8
3898 8
3645 8
3900 8
3646 8
3915 8
3917 8
3663 8
3918 8
3929 8
3675 8
3930 8
3677 8
3932 8
3678 8
3945 8
3691 8
3946 8
3693 8
3948 8
3694 8
3705 8
3960 8
3706 8
3708 8
3979 8
3981 8
3727 8
3982 8
3993 8
3739 8
3994 8
3741 8
3996 8
3742 8
4009 8
3755 8
4010 8
3757 8
4012 8
3758 8
3769 8
4024 8
3770 8
3772 8
4041 8
3787 8
4042 8
3789 8
4044 8
3790 8
3801 8
4056 8
3802 8
3804 8
3817 8
4072 8
3818 8
3820 8
3832 8
4471 8
4535 8
4567 8
4583 8
4597 8
4343 8
4415 8
4447 8
4463 8
4475 8
4477 8
4223 8
4478 8
4511 8
4527 8
4539 8
4541 8
4287 8
4542 8
4559 8
4571 8
4573 8
4319 8
4574 8
4587 8
4589 8
4335 8
4590 8
4601 8
4347 8
4602 8
4349 8
4604 8
4350 8
4919 8
4951 8
4967 8
4979 8
4981 8
4727 8
4982 8
5015 8
5031 8
5043 8
5045 8
4791 8
5046 8
5063 8
5075 8
5077 8
4823 8
5078 8
5091 8
5093 8
4839 8
5094 8
4851 8
5106 8
4853 8
5108 8
4854 8
4895 8
4911 8
4923 8
4925 8
4671 8
4926 8
4943 8
4955 8
4957 8
4703 8
4958 8
4971 8
4973 8
4719 8
4974 8
4985 8
4731 8
4986 8
4733 8
4988 8
4734 8
5007 8
5019 8
5021 8
4767 8
5022 8
5035 8
5037 8
4783 8
5038 8
5049 8
4795 8
5050 8
4797 8
5052 8
4798 8
5067 8
5069 8
4815 8
5070 8
5081 8
4827 8
5082 8
4829 8
5084 8
4830 8
5097 8
4843 8
5098 8
4845 8
5100 8
4846 8
4857 8
5112 8
4858 8
4860 8
5431 8
5463 8
5479 8
5491 8
5493 8
5239 8
5494 8
5527 8
5543 8
5555 8
5557 8
5303 8
5558 8
5575 8
5587 8
5589 8
5335 8
5590 8
5603 8
5605 8
5351 8
5606 8
5363 8
5618 8
5365 8
5620 8
5366 8
5407 8
5423 8
5435 8
5437 8
5183 8
5438 8
5455 8
5467 8
5469 8
5215 8
5470 8
5483 8
5485 8
5231 8
5486 8
5497 8
5243 8
5498 8
5245 8
5500 8
5246 8
5519 8
5531 8
5533 8
5279 8
5534 8
5547 8
5549 8
5295 8
5550 8
5561 8
5307 8
5562 8
5309 8
5564 8
5310 8
5579 8
5581 8
5327 8
5582 8
5593 8
5339 8
5594 8
5341 8
5596 8
5342 8
5609 8
5355 8
5610 8
5357 8
5612 8
5358 8
5369 8
5624 8
5370 8
5372 8
5911 8
5927 8
5939 8
5941 8
5687 8
5942 8
5959 8
5971 8
5973 8
5719 8
5974 8
5987 8
5989 8
5735 8
5990 8
6001 8
5747 8
6002 8
5749 8
6004 8
5750 8
6023 8
6035 8
6037 8
5783 8
6038 8
6051 8
6053 8
5799 8
6054 8
6065 8
5811 8
6066 8
5813 8
6068 8
5814 8
6083 8
6085 8
5831 8
6086 8
6097 8
5843 8
6098 8
5845 8
6100 8
5846 8
6113 8
5859 8
6114 8
5861 8
6116 8
5862 8
5873 8
6128 8
5874 8
5876 8
5903 8
5915 8
5917 8
5663 8
5918 8
5931 8
5933 8
5679 8
5934 8
5945 8
5691 8
5946 8
5693 8
5948 8
5694 8
5963 8
5965 8
5711 8
5966 8
5977 8
5723 8
5978 8
5725 8
5980 8
5726 8
5993 8
5739 8
5994 8
5741 8
5996 8
5742 8
5753 8
6008 8
5754 8
5756 8
6027 8
6029 8
5775 8
6030 8
6041 8
5787 8
6042 8
5789 8
6044 8
5790 8
6057 8
5803 8
6058 8
5805 8
6060 8
5806 8
5817 8
6072 8
5818 8
5820 8
6089 8
5835 8
6090 8
5837 8
6092 8
5838 8
5849 8
6104 8
5850 8
5852 8
5865 8
6120 8
5866 8
5868 8
5880 8
6455 8
6487 8
6503 8
6515 8
6517 8
6263 8
6518 8
6551 8
6567 8
6579 8
6581 8
6327 8
6582 8
6599 8
6611 8
6613 8
6359 8
6614 8
6627 8
6629 8
6375 8
6630 8
6641 8
6387 8
6642 8
6389 8
6644 8
6390 8
6431 8
6447 8
6459 8
6461 8
6207 8
6462 8
6479 8
6491 8
6493 8
6239 8
6494 8
6507 8
6509 8
6255 8
6510 8
6521 8
6267 8
6522 8
6269 8
6524 8
6270 8
6543 8
6555 8
6557 8
6303 8
6558 8
6571 8
6573 8
6319 8
6574 8
6585 8
6331 8
6586 8
6333 8
6588 8
6334 8
6603 8
6605 8
6351 8
6606 8
6617 8
6363 8
6618 8
6365 8
6620 8
6366 8
6633 8
6379 8
6634 8
6381 8
6636 8
6382 8
6393 8
6648 8
6394 8
6396 8
6935 8
6951 8
6963 8
6965 8
6711 8
6966 8
6983 8
6995 8
6997 8
6743 8
6998 8
7011 8
7013 8
6759 8
7014 8
7025 8
6771 8
7026 8
6773 8
7028 8
6774 8
7047 8
7059 8
7061 8
6807 8
7062 8
7075 8
7077 8
6823 8
7078 8
7089 8
6835 8
7090 8
6837 8
7092 8
6838 8
7107 8
7109 8
6855 8
7110 8
7121 8
6867 8
7122 8
6869 8
7124 8
6870 8
7137 8
6883 8
7138 8
6885 8
7140 8
6886 8
6897 8
7152 8
6898 8
6900 8
6927 8
6939 8
6941 8
6687 8
6942 8
6955 8
6957 8
6703 8
6958 8
6969 8
6715 8
6970 8
6717 8
6972 8
6718 8
6987 8
6989 8
6735 8
6990 8
7001 8
6747 8
7002 8
6749 8
7004 8
6750 8
7017 8
6763 8
7018 8
6765 8
7020 8
6766 8
6777 8
7032 8
6778 8
6780 8
7051 8
7053 8
6799 8
7054 8
7065 8
6811 8
7066 8
6813 8
7068 8
6814 8
7081 8
6827 8
7082 8
6829 8
7084 8
6830 8
6841 8
7096 8
6842 8
6844 8
7113 8
6859 8
7114 8
6861 8
7116 8
6862 8
6873 8
7128 8
6874 8
6876 8
6889 8
7144 8
6890 8
6892 8
6904 8
7447 8
7463 8
7475 8
7477 8
7223 8
7478 8
7495 8
7507 8
7509 8
7255 8
7510 8
7523 8
7525 8
7271 8
7526 8
7537 8
7283 8
7538 8
7285 8
7540 8
7286 8
7559 8
7571 8
7573 8
7319 8
7574 8
7587 8
7589 8
7335 8
7590 8
7601 8
7347 8
7602 8
7349 8
7604 8
7350 8
7619 8
7621 8
7367 8
7622 8
7633 8
7379 8
7634 8
7381 8
7636 8
7382 8
7649 8
7395 8
7650 8
7397 8
7652 8
7398 8
7409 8
7664 8
7410 8
7412 8
7439 8
7451 8
7453 8
7199 8
7454 8
7467 8
7469 8
7215 8
7470 8
7481 8
7227 8
7482 8
7229 8
7484 8
7230 8
7499 8
7501 8
7247 8
7502 8
7513 8
7259 8
7514 8
7261 8
7516 8
7262 8
7529 8
7275 8
7530 8
7277 8
7532 8
7278 8
7289 8
7544 8
7290 8
7292 8
7563 8
7565 8
7311 8
7566 8
7577 8
7323 8
7578 8
7325 8
7580 8
7326 8
7593 8
7339 8
7594 8
7341 8
7596 8
7342 8
7353 8
7608 8
7354 8
7356 8
7625 8
7371 8
7626 8
7373 8
7628 8
7374 8
7385 8
7640 8
7386 8
7388 8
7401 8
7656 8
7402 8
7404 8
7416 8
7955 8
7957 8
7958 8
7971 8
7973 8
7719 8
7974 8
7985 8
7731 8
7986 8
7733 8
7988 8
7734 8
8003 8
8005 8
7751 8
8006 8
8017 8
7763 8
8018 8
7765 8
8020 8
7766 8
8033 8
7779 8
8034 8
7781 8
8036 8
7782 8
7793 8
8048 8
7794 8
7796 8
8067 8
8069 8
7815 8
8070 8
8081 8
7827 8
8082 8
7829 8
8084 8
7830 8
8097 8
7843 8
8098 8
7845 8
8100 8
7846 8
7857 8
8112 8
7858 8
7860 8
8129 8
7875 8
8130 8
7877 8
8132 8
7878 8
7889 8
8144 8
7890 8
7892 8
7905 8
8160 8
7906 8
7908 8
7920 8
7947 8
7949 8
7695 8
7950 8
7961 8
7707 8
7962 8
7709 8
7964 8
7710 8
7977 8
7723 8
7978 8
7725 8
7980 8
7726 8
7737 8
7992 8
7738 8
7740 8
8009 8
7755 8
8010 8
7757 8
8012 8
7758 8
7769 8
8024 8
7770 8
7772 8
7785 8
8040 8
7786 8
7788 8
7800 8
8073 8
7819 8
8074 8
7821 8
8076 8
7822 8
7833 8
8088 8
7834 8
7836 8
7849 8
8104 8
7850 8
7852 8
7864 8
7881 8
8136 8
7882 8
7884 8
7896 8
7912 8
511 9
1015 9
895 9
959 9
991 9
1007 9
1019 9
1021 9
767 9
1022 9
1527 9
1407 9
1471 9
1503 9
1519 9
1531 9
1533 9
1279 9
1534 9
1911 9
1975 9
2007 9
2023 9
2035 9
2037 9
1783 9
2038 9
1855 9
1887 9
1903 9
1915 9
1917 9
1663 9
1918 9
1951 9
1967 9
1979 9
1981 9
1727 9
1982 9
1999 9
2011 9
2013 9
1759 9
2014 9
2027 9
2029 9
1775 9
2030 9
2041 9
1787 9
2042 9
1789 9
2044 9
1790 9
2551 9
2431 9
2495 9
2527 9
2543 9
2555 9
2557 9
2303 9
2558 9
2935 9
2999 9
3031 9
3047 9
3059 9
3061 9
2807 9
3062 9
2879 9
2911 9
2927 9
2939 9
2941 9
2687 9
2942 9
2975 9
2991 9
3003 9
3005 9
2751 9
3006 9
3023 9
3035 9
3037 9
2783 9
3038 9
3051 9
3053 9
2799 9
3054 9
3065 9
2811 9
3066 9
2813 9
3068 9
2814 9
3447 9
3511 9
3543 9
3559 9
3571 9
3573 9
3319 9
3574 9
3391 9
3423 9
3439 9
3451 9
3453 9
3199 9
3454 9
3487 9
3503 9
3515 9
3517 9
3263 9
3518 9
3535 9
3547 9
3549 9
3295 9
3550 9
3563 9
3565 9
3311 9
3566 9
3577 9
3323 9
3578 9
3325 9
3580 9
3326 9
3895 9
3927 9
3943 9
3955 9
3957 9
3703 9
3958 9
3991 9
4007 9
4019 9
4021 9
3767 9
4022 9
4039 9
4051 9
4053 9
3799 9
4054 9
4067 9
4069 9
3815 9
4070 9
4081 9
3827 9
4082 9
3829 9
4084 9
3830 9
3871 9
3887 9
3899 9
3901 9
3647 9
3902 9
3919 9
3931 9
3933 9
3679 9
3934 9
3947 9
3949 9
3695 9
3950 9
3961 9
3707 9
3962 9
3709 9
3964 9
3710 9
3983 9
3995 9
3997 9
3743 9
3998 9
4011 9
4013 9
3759 9
4014 9
4025 9
3771 9
4026 9
3773 9
4028 9
3774 9
4043 9
4045 9
3791 9
4046 9
4057 9
3803 9
4058 9
3805 9
4060 9
3806 9
4073 9
3819 9
4074 9
3821 9
4076 9
3822 9
3833 9
4088 9
3834 9
3836 9
4599 9
4479 9
4543 9
4575 9
4591 9
4603 9
4605 9
4351 9
4606 9
4983 9
5047 9
5079 9
5095 9
5107 9
5109 9
4855 9
5110 9
4927 9
4959 9
4975 9
4987 9
4989 9
4735 9
4990 9
5023 9
5039 9
5051 9
5053 9
4799 9
5054 9
5071 9
5083 9
5085 9
4831 9
5086 9
5099 9
5101 9
4847 9
5102 9
5113 9
4859 9
5114 9
4861 9
5116 9
4862 9
5495 9
5559 9
5591 9
5607 9
5619 9
5621 9
5367 9
5622 9
5439 9
5471 9
5487 9
5499 9
5501 9
5247 9
5502 9
5535 9
5551 9
5563 9
5565 9
5311 9
5566 9
5583 9
5595 9
5597 9
5343 9
5598 9
5611 9
5613 9
5359 9
5614 9
5625 9
5371 9
5626 9
5373 9
5628 9
5374 9
5943 9
5975 9
5991 9
6003 9
6005 9
5751 9
6006 9
6039 9
6055 9
6067 9
6069 9
5815 9
6070 9
6087 9
6099 9
6101 9
5847 9
6102 9
6115 9
6117 9
5863 9
6118 9
6129 9
5875 9
6130 9
5877 9
6132 9
5878 9
5919 9
5935 9
5947 9
5949 9
5695 9
5950 9
5967 9
5979 9
5981 9
5727 9
5982 9
5995 9
5997 9
5743 9
5998 9
6009 9
5755 9
6010 9
5757 9
6012 9
5758 9
6031 9
6043 9
6045 9
5791 9
6046 9
6059 9
6061 9
5807 9
6062 9
6073 9
5819 9
6074 9
5821 9
6076 9
5822 9
6091 9
6093 9
5839 9
6094 9
6105 9
5851 9
6106 9
5853 9
6108 9
5854 9
6121 9
5867 9
6122 9
5869 9
6124 9
5870 9
5881 9
6136 9
5882 9
5884 9
6519 9
6583 9
6615 9
6631 9
6643 9
6645 9
6391 9
6646 9
6463 9
6495 9
6511 9
6523 9
6525 9
6271 9
6526 9
6559 9
6575 9
6587 9
6589 9
6335 9
6590 9
6607 9
6619 9
6621 9
6367 9
6622 9
6635 9
6637 9
6383 9
6638 9
6649 9
6395 9
6650 9
6397 9
6652 9
6398 9
6967 9
6999 9
7015 9
7027 9
7029 9
6775 9
7030 9
7063 9
7079 9
7091 9
7093 9
6839 9
7094 9
7111 9
7123 9
7125 9
6871 9
7126 9
7139 9
7141 9
6887 9
7142 9
7153 9
6899 9
7154 9
6901 9
7156 9
6902 9
6943 9
6959 9
6971 9
6973 9
6719 9
6974 9
6991 9
7003 9
7005 9
6751 9
7006 9
7019 9
7021 9
6767 9
7022 9
7033 9
6779 9
7034 9
6781 9
7036 9
6782 9
7055 9
7067 9
7069 9
6815 9
7070 9
7083 9
7085 9
6831 9
7086 9
7097 9
6843 9
7098 9
6845 9
7100 9
6846 9
7115 9
7117 9
6863 9
7118 9
7129 9
6875 9
7130 9
6877 9
7132 9
6878 9
7145 9
6891 9
7146 9
6893 9
7148 9
6894 9
6905 9
7160 9
6906 9
6908 9
7479 9
7511 9
7527 9
7539 9
7541 9
7287 9
7542 9
7575 9
7591 9
7603 9
7605 9
7351 9
7606 9
7623 9
7635 9
7637 9
7383 9
7638 9
7651 9
7653 9
7399 9
7654 9
7665 9
7411 9
7666 9
7413 9
7668 9
7414 9
7455 9
7471 9
7483 9
7485 9
7231 9
7486 9
7503 9
7515 9
7517 9
7263 9
7518 9
7531 9
7533 9
7279 9
7534 9
7545 9
7291 9
7546 9
7293 9
7548 9
7294 9
7567 9
7579 9
7581 9
7327 9
7582 9
7595 9
7597 9
7343 9
7598 9
7609 9
7355 9
7610 9
7357 9
7612 9
7358 9
7627 9
7629 9
7375 9
7630 9
7641 9
7387 9
7642 9
7389 9
7644 9
7390 9
7657 9
7403 9
7658 9
7405 9
7660 9
7406 9
7417 9
7672 9
7418 9
7420 9
7959 9
7975 9
7987 9
7989 9
7735 9
7990 9
8007 9
8019 9
8021 9
7767 9
8022 9
8035 9
8037 9
7783 9
8038 9
8049 9
7795 9
8050 9
7797 9
8052 9
7798 9
8071 9
8083 9
8085 9
7831 9
8086 9
8099 9
8101 9
7847 9
8102 9
8113 9
7859 9
8114 9
7861 9
8116 9
7862 9
8131 9
8133 9
7879 9
8134 9
8145 9
7891 9
8146 9
7893 9
8148 9
7894 9
8161 9
7907 9
8162 9
7909 9
8164 9
7910 9
7921 9
8176 9
7922 9
7924 9
7951 9
7963 9
7965 9
7711 9
7966 9
7979 9
7981 9
7727 9
7982 9
7993 9
7739 9
7994 9
7741 9
7996 9
7742 9
8011 9
8013 9
7759 9
8014 9
8025 9
7771 9
8026 9
7773 9
8028 9
7774 9
8041 9
7787 9
8042 9
7789 9
8044 9
7790 9
7801 9
8056 9
7802 9
7804 9
8075 9
8077 9
7823 9
8078 9
8089 9
7835 9
8090 9
7837 9
8092 9
7838 9
8105 9
7851 9
8106 9
7853 9
8108 9
7854 9
7865 9
8120 9
7866 9
7868 9
8137 9
7883 9
8138 9
7885 9
8140 9
7886 9
7897 9
8152 9
7898 9
7900 9
7913 9
8168 9
7914 9
7916 9
7928 9
1023 10
1535 10
2039 10
1919 10
1983 10
2015 10
2031 10
2043 10
2045 10
1791 10
2046 10
2559 10
3063 10
2943 10
3007 10
3039 10
3055 10
3067 10
3069 10
2815 10
3070 10
3575 10
3455 10
3519 10
3551 10
3567 10
3579 10
3581 10
3327 10
3582 10
3959 10
4023 10
4055 10
4071 10
4083 10
4085 10
3831 10
4086 10
3903 10
3935 10
3951 10
3963 10
3965 10
3711 10
3966 10
3999 10
4015 10
4027 10
4029 10
3775 10
4030 10
4047 10
4059 10
4061 10
3807 10
4062 10
4075 10
4077 10
3823 10
4078 10
4089 10
3835 10
4090 10
3837 10
4092 10
3838 10
4607 10
5111 10
4991 10
5055 10
5087 10
5103 10
5115 10
5117 10
4863 10
5118 10
5623 10
5503 10
5567 10
5599 10
5615 10
5627 10
5629 10
5375 10
5630 10
6007 10
6071 10
6103 10
6119 10
6131 10
6133 10
5879 10
6134 10
5951 10
5983 10
5999 10
6011 10
6013 10
5759 10
6014 10
6047 10
6063 10
6075 10
6077 10
5823 10
6078 10
6095 10
6107 10
6109 10
5855 10
6110 10
6123 10
6125 10
5871 10
6126 10
6137 10
5883 10
6138 10
5885 10
6140 10
5886 10
6647 10
6527 10
6591 10
6623 10
6639 10
6651 10
6653 10
6399 10
6654 10
7031 10
7095 10
7127 10
7143 10
7155 10
7157 10
6903 10
7158 10
6975 10
7007 10
7023 10
7035 10
7037 10
6783 10
7038 10
7071 10
7087 10
7099 10
7101 10
6847 10
7102 10
7119 10
7131 10
7133 10
6879 10
7134 10
7147 10
7149 10
6895 10
7150 10
7161 10
6907 10
7162 10
6909 10
7164 10
6910 10
7543 10
7607 10
7639 10
7655 10
7667 10
7669 10
7415 10
7670 10
7487 10
7519 10
7535 10
7547 10
7549 10
7295 10
7550 10
7583 10
7599 10
7611 10
7613 10
7359 10
7614 10
7631 10
7643 10
7645 10
7391 10
7646 10
7659 10
7661 10
7407 10
7662 10
7673 10
7419 10
7674 10
7421 10
7676 10
7422 10
7991 10
8023 10
8039 10
8051 10
8053 10
7799 10
8054 10
8087 10
8103 10
8115 10
8117 10
7863 10
8118 10
8135 10
8147 10
8149 10
7895 10
8150 10
8163 10
8165 10
7911 10
8166 10
8177 10
7923 10
8178 10
7925 10
8180 10
7926 10
7967 10
7983 10
7995 10
7997 10
7743 10
7998 10
8015 10
8027 10
8029 10
7775 10
8030 10
8043 10
8045 10
7791 10
8046 10
8057 10
7803 10
8058 10
7805 10
8060 10
7806 10
8079 10
8091 10
8093 10
7839 10
8094 10
8107 10
8109 10
7855 10
8110 10
8121 10
7867 10
8122 10
7869 10
8124 10
7870 10
8139 10
8141 10
7887 10
8142 10
8153 10
7899 10
8154 10
7901 10
8156 10
7902 10
8169 10
7915 10
8170 10
7917 10
8172 10
7918 10
7929 10
8184 10
7930 10
7932 10
2047 11
3071 11
3583 11
4087 11
3967 11
4031 11
4063 11
4079 11
4091 11
4093 11
3839 11
4094 11
5119 11
5631 11
6135 11
6015 11
6079 11
6111 11
6127 11
6139 11
6141 11
5887 11
6142 11
6655 11
7159 11
7039 11
7103 11
7135 11
7151 11
7163 11
7165 11
6911 11
7166 11
7671 11
7551 11
7615 11
7647 11
7663 11
7675 11
7677 11
7423 11
7678 11
8055 11
8119 11
8151 11
8167 11
8179 11
8181 11
7927 11
8182 11
7999 11
8031 11
8047 11
8059 11
8061 11
7807 11
8062 11
8095 11
8111 11
8123 11
8125 11
7871 11
8126 11
8143 11
8155 11
8157 11
7903 11
8158 11
8171 11
8173 11
7919 11
8174 11
8185 11
7931 11
8186 11
7933 11
8188 11
7934 11
4095 12
6143 12
7167 12
7679 12
8183 12
8063 12
8127 12
8159 12
8175 12
8187 12
8189 12
7935 12
8190 12
8191 13
