0
0 41
0 41
1 0 0 0 0 0 0 0 0 0 0 0 0 0 
0 1 0 0 0 0 0 0 0 0 0 0 0 0 
0 0 1 0 0 0 0 0 0 0 0 0 0 0 
0 0 0 0 0 1 0 0 0 0 0 0 0 0 
1 0 0 1 -1 1 0 0 0 -1 0 0 0 -s123+s12 
0 0 0 1 0 0 0 0 0 0 0 0 0 0 
-1 0 0 1 0 1 -1 0 0 0 1 0 0 -s123+s56 
-2 0 0 1 0 1 0 -1 0 0 1 1 0 -s123+s45-2*mt2 
2 0 -1 1 0 1 0 0 -1 -1 0 0 0 s12 
0 0 0 0 0 0 0 0 0 1 0 0 0 0 
0 0 0 0 0 0 0 0 0 0 1 0 0 0 
0 0 0 0 0 0 0 0 0 0 0 1 0 0 
1 1 -1 1 0 1 0 0 0 -1 0 0 -1 s23-s123+s12 

0
0 41
0 41
0 0 0 1 0 0 0 0 0 0 0 0 0 0 
1 -1 0 1 0 0 0 0 -1 0 0 0 1 0 
1 0 -1 1 1 0 0 0 -1 0 0 0 0 s12 
1 0 0 0 0 0 0 0 0 0 0 0 0 0 
0 0 0 0 1 0 0 0 0 0 0 0 0 0 
0 0 0 0 0 1 0 0 0 0 0 0 0 0 
0 0 0 0 0 0 1 0 0 0 0 0 0 0 
0 0 0 0 0 0 0 1 0 0 0 0 0 0 
0 0 0 0 0 0 0 0 1 0 0 0 0 0 
1 0 0 1 -1 1 0 0 0 -1 0 0 0 -s123+s12 
1 0 0 1 0 -1 1 0 0 0 -1 0 0 s123-s56 
1 0 0 1 0 0 -1 1 0 0 0 -1 0 s56+2*mt2 
0 0 0 0 0 0 0 0 0 0 0 0 1 0 

0
0 41
0 41
0 0 0 1 0 0 0 0 0 0 0 0 0 0 
1 -1 0 1 0 0 0 0 -1 0 0 0 1 0 
1 0 -1 1 1 0 0 0 -1 0 0 0 0 s12 
0 0 0 0 0 1 0 0 0 0 0 0 0 0 
0 0 0 0 0 0 0 0 0 1 0 0 0 0 
1 0 0 0 0 0 0 0 0 0 0 0 0 0 
2 0 0 0 0 0 0 0 0 0 -1 0 0 0 
3 0 0 0 0 0 0 0 0 0 -1 -1 0 s45 
-1 0 1 0 0 0 0 0 0 1 0 0 0 s123-s12 
1 0 0 1 -1 1 0 0 0 -1 0 0 0 -s123+s12 
1 0 0 1 0 -1 1 0 0 0 -1 0 0 s123-s56 
1 0 0 1 0 0 -1 1 0 0 0 -1 0 s56+2*mt2 
0 -1 1 0 0 0 0 0 0 1 0 0 0 s23-s12 

0
0 41
0 41
0 0 0 0 0 1 0 0 0 0 0 0 0 0 
0 0 0 0 0 1 0 0 1 0 0 0 -1 s23-s123 
0 0 0 0 -1 1 0 0 1 0 0 0 0 -s123+s12 
0 0 0 1 0 0 0 0 0 0 0 0 0 0 
0 0 0 0 0 0 0 0 0 1 0 0 0 0 
1 0 0 0 0 0 0 0 0 0 0 0 0 0 
2 0 0 0 0 0 0 0 0 0 -1 0 0 0 
3 0 0 0 0 0 0 0 0 0 -1 -1 0 s45 
-1 0 1 0 0 0 0 0 0 1 0 0 0 s123-s12 
0 0 0 0 1 0 0 0 0 0 0 0 0 0 
0 0 0 0 0 2 -1 0 0 0 0 0 0 0 
0 0 0 0 0 1 1 -1 0 0 0 0 0 s45 
0 -1 1 0 0 0 0 0 0 1 0 0 0 s23-s12 

0
0 41
0 41
0 0 0 0 0 1 0 0 0 0 0 0 0 0 
0 0 0 0 0 1 0 0 1 0 0 0 -1 s23-s123 
0 0 0 0 -1 1 0 0 1 0 0 0 0 -s123+s12 
1 0 0 0 0 0 0 0 0 0 0 0 0 0 
1 0 0 1 -1 1 0 0 0 -1 0 0 0 -s123+s12 
0 0 0 1 0 0 0 0 0 0 0 0 0 0 
-1 0 0 1 0 1 -1 0 0 0 1 0 0 -s123+s56 
-2 0 0 1 0 1 0 -1 0 0 1 1 0 -s123+s45-2*mt2 
2 0 -1 1 0 1 0 0 -1 -1 0 0 0 s12 
0 0 0 0 1 0 0 0 0 0 0 0 0 0 
0 0 0 0 0 2 -1 0 0 0 0 0 0 0 
0 0 0 0 0 1 1 -1 0 0 0 0 0 s45 
1 1 -1 1 0 1 0 0 0 -1 0 0 -1 s23-s123+s12 

0
0 42
0 42
1 0 0 0 0 0 0 0 0 0 0 0 0 0 
0 1 0 0 0 0 0 0 0 0 0 0 0 0 
0 0 1 0 0 0 0 0 0 0 0 0 0 0 
0 0 0 0 0 1 0 0 0 0 0 0 0 0 
1 0 0 1 -1 1 0 0 0 -1 0 0 0 -s123+s12 
0 0 0 1 0 0 0 0 0 0 0 0 0 0 
-1 0 0 1 0 1 -1 0 0 0 1 0 0 -s123+s56 
-2 0 0 1 0 1 0 -1 0 0 1 1 0 -s123+s45-2*mt2 
2 0 -1 1 0 1 0 0 -1 -1 0 0 0 s12 
0 0 0 0 0 0 0 0 0 1 0 0 0 0 
0 0 0 0 0 0 0 0 0 0 1 0 0 0 
0 0 0 0 0 0 0 0 0 0 0 1 0 0 
1 1 -1 1 0 1 0 0 0 -1 0 0 -1 s23-s123+s12 

0
0 42
0 42
-1 1 0 1 0 0 0 0 1 0 0 0 -1 0 
0 0 0 1 0 0 0 0 0 0 0 0 0 0 
0 1 -1 1 1 0 0 0 0 0 0 0 -1 0 
0 1 0 0 0 0 0 0 0 0 0 0 0 0 
0 0 0 0 1 0 0 0 0 0 0 0 0 0 
0 0 0 0 0 1 0 0 0 0 0 0 0 0 
0 0 0 0 0 0 1 0 0 0 0 0 0 0 
0 0 0 0 0 0 0 1 0 0 0 0 0 0 
0 0 0 0 0 0 0 0 1 0 0 0 0 0 
0 1 0 1 -1 1 0 0 1 -1 0 0 -1 s23-2*s123+2*s12 
0 1 0 1 0 -1 1 0 1 0 -1 0 -1 -s23+2*s123+s234-2*s56 
0 1 0 1 0 0 -1 1 1 0 0 -1 -1 s16-s234+2*s56+mt2 
0 0 0 0 0 0 0 0 0 0 0 0 1 0 

0
0 42
0 42
-1 1 0 1 0 0 0 0 1 0 0 0 -1 0 
0 0 0 1 0 0 0 0 0 0 0 0 0 0 
0 1 -1 1 1 0 0 0 0 0 0 0 -1 0 
0 0 0 0 0 1 0 0 0 0 0 0 0 0 
-1 1 0 0 0 0 0 0 0 1 0 0 0 -s23+s123-s12 
0 1 0 0 0 0 0 0 0 0 0 0 0 0 
1 1 0 0 0 0 0 0 0 0 -1 0 0 -s23+s123+s234-s56 
2 1 0 0 0 0 0 0 0 0 -1 -1 0 -s23+s123+s45+s16-mt2 
-2 1 1 0 0 0 0 0 0 1 0 0 0 -s23+2*s123-s12 
0 1 0 1 -1 1 0 0 1 -1 0 0 -1 s23-2*s123+2*s12 
0 1 0 1 0 -1 1 0 1 0 -1 0 -1 -s23+2*s123+s234-2*s56 
0 1 0 1 0 0 -1 1 1 0 0 -1 -1 s16-s234+2*s56+mt2 
-1 0 1 0 0 0 0 0 0 1 0 0 0 s123-s12 

0
0 42
0 42
0 0 0 0 0 1 0 0 -1 0 0 0 1 -s23+s123 
0 0 0 0 0 1 0 0 0 0 0 0 0 0 
0 0 0 0 -1 1 0 0 0 0 0 0 1 -s23 
0 0 0 1 0 0 0 0 0 0 0 0 0 0 
-1 1 0 0 0 0 0 0 0 1 0 0 0 -s23+s123-s12 
0 1 0 0 0 0 0 0 0 0 0 0 0 0 
1 1 0 0 0 0 0 0 0 0 -1 0 0 -s23+s123+s234-s56 
2 1 0 0 0 0 0 0 0 0 -1 -1 0 -s23+s123+s45+s16-mt2 
-2 1 1 0 0 0 0 0 0 1 0 0 0 -s23+2*s123-s12 
0 0 0 0 1 0 0 0 -1 0 0 0 1 s12 
0 0 0 0 0 2 -1 0 -1 0 0 0 1 -2*s23+2*s123+s234-s56 
0 0 0 0 0 1 1 -1 -1 0 0 0 1 -s23+s123+s45+s16-s234+s56-mt2 
-1 0 1 0 0 0 0 0 0 1 0 0 0 s123-s12 

0
0 42
0 42
0 0 0 0 0 1 0 0 -1 0 0 0 1 -s23+s123 
0 0 0 0 0 1 0 0 0 0 0 0 0 0 
0 0 0 0 -1 1 0 0 0 0 0 0 1 -s23 
0 1 0 0 0 0 0 0 0 0 0 0 0 0 
1 0 0 1 -1 1 0 0 0 -1 0 0 0 -s123+s12 
0 0 0 1 0 0 0 0 0 0 0 0 0 0 
-1 0 0 1 0 1 -1 0 0 0 1 0 0 -s123+s56 
-2 0 0 1 0 1 0 -1 0 0 1 1 0 -s123+s45-2*mt2 
2 0 -1 1 0 1 0 0 -1 -1 0 0 0 s12 
0 0 0 0 1 0 0 0 -1 0 0 0 1 s12 
0 0 0 0 0 2 -1 0 -1 0 0 0 1 -2*s23+2*s123+s234-s56 
0 0 0 0 0 1 1 -1 -1 0 0 0 1 -s23+s123+s45+s16-s234+s56-mt2 
1 1 -1 1 0 1 0 0 0 -1 0 0 -1 s23-s123+s12 

0
0 43
0 43
1 0 0 0 0 0 0 0 0 0 0 0 0 0 
0 1 0 0 0 0 0 0 0 0 0 0 0 0 
0 0 1 0 0 0 0 0 0 0 0 0 0 0 
0 0 0 0 0 1 0 0 0 0 0 0 0 0 
1 0 0 1 -1 1 0 0 0 -1 0 0 0 -s123+s12 
0 0 0 1 0 0 0 0 0 0 0 0 0 0 
-1 0 0 1 0 1 -1 0 0 0 1 0 0 -s123+s56 
-2 0 0 1 0 1 0 -1 0 0 1 1 0 -s123+s45-2*mt2 
2 0 -1 1 0 1 0 0 -1 -1 0 0 0 s12 
0 0 0 0 0 0 0 0 0 1 0 0 0 0 
0 0 0 0 0 0 0 0 0 0 1 0 0 0 
0 0 0 0 0 0 0 0 0 0 0 1 0 0 
1 1 -1 1 0 1 0 0 0 -1 0 0 -1 s23-s123+s12 

0
0 45
0 45
1 0 0 0 0 0 0 0 0 0 0 0 0 0 
0 1 0 0 0 0 0 0 0 0 0 0 0 0 
0 0 1 0 0 0 0 0 0 0 0 0 0 0 
0 0 0 0 0 1 0 0 0 0 0 0 0 0 
1 0 0 1 -1 1 0 0 0 -1 0 0 0 -s123+s12 
0 0 0 1 0 0 0 0 0 0 0 0 0 0 
-1 0 0 1 0 1 -1 0 0 0 1 0 0 -s123+s56 
-2 0 0 1 0 1 0 -1 0 0 1 1 0 -s123+s45-2*mt2 
2 0 -1 1 0 1 0 0 -1 -1 0 0 0 s12 
0 0 0 0 0 0 0 0 0 1 0 0 0 0 
0 0 0 0 0 0 0 0 0 0 1 0 0 0 
0 0 0 0 0 0 0 0 0 0 0 1 0 0 
1 1 -1 1 0 1 0 0 0 -1 0 0 -1 s23-s123+s12 

0
0 46
0 46
1 0 0 0 0 0 0 0 0 0 0 0 0 0 
0 1 0 0 0 0 0 0 0 0 0 0 0 0 
0 0 1 0 0 0 0 0 0 0 0 0 0 0 
0 0 0 0 0 1 0 0 0 0 0 0 0 0 
1 0 0 1 -1 1 0 0 0 -1 0 0 0 -s123+s12 
0 0 0 1 0 0 0 0 0 0 0 0 0 0 
-1 0 0 1 0 1 -1 0 0 0 1 0 0 -s123+s56 
-2 0 0 1 0 1 0 -1 0 0 1 1 0 -s123+s45-2*mt2 
2 0 -1 1 0 1 0 0 -1 -1 0 0 0 s12 
0 0 0 0 0 0 0 0 0 1 0 0 0 0 
0 0 0 0 0 0 0 0 0 0 1 0 0 0 
0 0 0 0 0 0 0 0 0 0 0 1 0 0 
1 1 -1 1 0 1 0 0 0 -1 0 0 -1 s23-s123+s12 

0
0 47
0 47
1 0 0 0 0 0 0 0 0 0 0 0 0 0 
0 1 0 0 0 0 0 0 0 0 0 0 0 0 
0 0 1 0 0 0 0 0 0 0 0 0 0 0 
0 0 0 0 0 1 0 0 0 0 0 0 0 0 
1 0 0 1 -1 1 0 0 0 -1 0 0 0 -s123+s12 
0 0 0 1 0 0 0 0 0 0 0 0 0 0 
-1 0 0 1 0 1 -1 0 0 0 1 0 0 -s123+s56 
-2 0 0 1 0 1 0 -1 0 0 1 1 0 -s123+s45-2*mt2 
2 0 -1 1 0 1 0 0 -1 -1 0 0 0 s12 
0 0 0 0 0 0 0 0 0 1 0 0 0 0 
0 0 0 0 0 0 0 0 0 0 1 0 0 0 
0 0 0 0 0 0 0 0 0 0 0 1 0 0 
1 1 -1 1 0 1 0 0 0 -1 0 0 -1 s23-s123+s12 

0
0 57
0 57
0 0 0 1 0 0 0 0 0 0 0 0 0 0 
1 -1 0 1 0 0 0 0 -1 0 0 0 1 0 
1 0 -1 1 1 0 0 0 -1 0 0 0 0 s12 
1 0 0 0 0 0 0 0 0 0 0 0 0 0 
0 0 0 0 1 0 0 0 0 0 0 0 0 0 
0 0 0 0 0 1 0 0 0 0 0 0 0 0 
0 0 0 0 0 0 1 0 0 0 0 0 0 0 
0 0 0 0 0 0 0 1 0 0 0 0 0 0 
0 0 0 0 0 0 0 0 1 0 0 0 0 0 
1 0 0 1 -1 1 0 0 0 -1 0 0 0 -s123+s12 
1 0 0 1 0 -1 1 0 0 0 -1 0 0 s123-s56 
1 0 0 1 0 0 -1 1 0 0 0 -1 0 s56+2*mt2 
0 0 0 0 0 0 0 0 0 0 0 0 1 0 

1
0 62
0 62
1 0 0 0 0 0 0 0 0 0 0 0 0 0 
0 0 0 0 0 1 0 0 0 0 0 0 0 0 
0 0 0 0 1 0 0 0 0 0 0 0 0 0 
0 0 0 1 0 0 0 0 0 0 0 0 0 0 
0 0 1 0 0 0 0 0 0 0 0 0 0 0 
0 1 0 0 0 0 0 0 0 0 0 0 0 0 
1 0 0 0 0 0 0 0 0 0 0 0 0 0 
1 0 0 0 0 0 0 0 0 0 0 0 0 0 
1 0 0 0 0 0 0 0 0 0 0 0 0 0 
1 0 0 0 0 0 0 0 0 0 0 0 0 0 
1 0 0 0 0 0 0 0 0 0 0 0 0 0 
1 0 0 0 0 0 0 0 0 0 0 0 0 0 
1 0 0 0 0 0 0 0 0 0 0 0 0 0 

0
0 73
0 73
1 0 0 0 0 0 0 0 0 0 0 0 0 0 
0 1 0 0 0 0 0 0 0 0 0 0 0 0 
0 0 1 0 0 0 0 0 0 0 0 0 0 0 
0 0 0 0 0 0 1 0 0 0 0 0 0 0 
2 0 0 1 -1 0 1 0 0 -1 -1 0 0 s12+s34-s56 
1 0 0 1 0 -1 1 0 0 0 -1 0 0 s123-s56 
0 0 0 1 0 0 0 0 0 0 0 0 0 0 
-1 0 0 1 0 0 1 -1 0 0 0 1 0 -s56-mt2 
3 0 -1 1 0 0 1 0 -1 -1 -1 0 0 s12 
0 0 0 0 0 0 0 0 0 1 0 0 0 0 
0 0 0 0 0 0 0 0 0 0 1 0 0 0 
0 0 0 0 0 0 0 0 0 0 0 1 0 0 
2 1 -1 1 0 0 1 0 0 -1 -1 0 -1 s12+s234-s56 

0
0 73
0 73
0 0 0 1 0 0 0 0 0 0 0 0 0 0 
1 -1 0 1 0 0 0 0 -1 0 0 0 1 0 
1 0 -1 1 1 0 0 0 -1 0 0 0 0 s12 
1 0 0 0 0 0 0 0 0 0 0 0 0 0 
0 0 0 0 1 0 0 0 0 0 0 0 0 0 
0 0 0 0 0 1 0 0 0 0 0 0 0 0 
0 0 0 0 0 0 1 0 0 0 0 0 0 0 
0 0 0 0 0 0 0 1 0 0 0 0 0 0 
0 0 0 0 0 0 0 0 1 0 0 0 0 0 
1 0 0 1 -1 1 0 0 0 -1 0 0 0 -s123+s12 
1 0 0 1 0 -1 1 0 0 0 -1 0 0 s123-s56 
1 0 0 1 0 0 -1 1 0 0 0 -1 0 s56+2*mt2 
0 0 0 0 0 0 0 0 0 0 0 0 1 0 

0
0 73
0 73
0 0 0 1 0 0 0 0 0 0 0 0 0 0 
1 -1 0 1 0 0 0 0 -1 0 0 0 1 0 
1 0 -1 1 1 0 0 0 -1 0 0 0 0 s12 
0 0 0 0 0 0 1 0 0 0 0 0 0 0 
-1 0 0 0 0 0 0 0 0 1 1 0 0 s34 
0 0 0 0 0 0 0 0 0 0 1 0 0 0 
1 0 0 0 0 0 0 0 0 0 0 0 0 0 
2 0 0 0 0 0 0 0 0 0 0 -1 0 mt2 
-2 0 1 0 0 0 0 0 0 1 1 0 0 -s12+s56 
1 0 0 1 -1 1 0 0 0 -1 0 0 0 -s123+s12 
1 0 0 1 0 -1 1 0 0 0 -1 0 0 s123-s56 
1 0 0 1 0 0 -1 1 0 0 0 -1 0 s56+2*mt2 
-1 -1 1 0 0 0 0 0 0 1 1 0 0 -s12+s234 

0
0 73
0 73
0 0 0 0 0 0 1 0 0 0 0 0 0 0 
0 0 0 0 0 0 1 0 1 0 0 0 -1 s234-s56 
0 0 0 0 -1 0 1 0 1 0 0 0 0 s12+s34-s56 
0 0 0 1 0 0 0 0 0 0 0 0 0 0 
-1 0 0 0 0 0 0 0 0 1 1 0 0 s34 
0 0 0 0 0 0 0 0 0 0 1 0 0 0 
1 0 0 0 0 0 0 0 0 0 0 0 0 0 
2 0 0 0 0 0 0 0 0 0 0 -1 0 mt2 
-2 0 1 0 0 0 0 0 0 1 1 0 0 -s12+s56 
0 0 0 0 1 -1 1 0 0 0 0 0 0 -s34 
0 0 0 0 0 1 0 0 0 0 0 0 0 0 
0 0 0 0 0 0 2 -1 0 0 0 0 0 mt2 
-1 -1 1 0 0 0 0 0 0 1 1 0 0 -s12+s234 

0
0 73
0 73
0 0 0 0 0 0 1 0 0 0 0 0 0 0 
0 0 0 0 0 0 1 0 1 0 0 0 -1 s234-s56 
0 0 0 0 -1 0 1 0 1 0 0 0 0 s12+s34-s56 
1 0 0 0 0 0 0 0 0 0 0 0 0 0 
2 0 0 1 -1 0 1 0 0 -1 -1 0 0 s12+s34-s56 
1 0 0 1 0 -1 1 0 0 0 -1 0 0 s123-s56 
0 0 0 1 0 0 0 0 0 0 0 0 0 0 
-1 0 0 1 0 0 1 -1 0 0 0 1 0 -s56-mt2 
3 0 -1 1 0 0 1 0 -1 -1 -1 0 0 s12 
0 0 0 0 1 -1 1 0 0 0 0 0 0 -s34 
0 0 0 0 0 1 0 0 0 0 0 0 0 0 
0 0 0 0 0 0 2 -1 0 0 0 0 0 mt2 
2 1 -1 1 0 0 1 0 0 -1 -1 0 -1 s12+s234-s56 

0
0 74
0 74
1 0 0 0 0 0 0 0 0 0 0 0 0 0 
0 1 0 0 0 0 0 0 0 0 0 0 0 0 
0 0 1 0 0 0 0 0 0 0 0 0 0 0 
0 0 0 0 0 0 1 0 0 0 0 0 0 0 
2 0 0 1 -1 0 1 0 0 -1 -1 0 0 s12+s34-s56 
1 0 0 1 0 -1 1 0 0 0 -1 0 0 s123-s56 
0 0 0 1 0 0 0 0 0 0 0 0 0 0 
-1 0 0 1 0 0 1 -1 0 0 0 1 0 -s56-mt2 
3 0 -1 1 0 0 1 0 -1 -1 -1 0 0 s12 
0 0 0 0 0 0 0 0 0 1 0 0 0 0 
0 0 0 0 0 0 0 0 0 0 1 0 0 0 
0 0 0 0 0 0 0 0 0 0 0 1 0 0 
2 1 -1 1 0 0 1 0 0 -1 -1 0 -1 s12+s234-s56 

0
0 74
0 74
-1 1 0 1 0 0 0 0 1 0 0 0 -1 0 
0 0 0 1 0 0 0 0 0 0 0 0 0 0 
0 1 -1 1 1 0 0 0 0 0 0 0 -1 0 
0 1 0 0 0 0 0 0 0 0 0 0 0 0 
0 0 0 0 1 0 0 0 0 0 0 0 0 0 
0 0 0 0 0 1 0 0 0 0 0 0 0 0 
0 0 0 0 0 0 1 0 0 0 0 0 0 0 
0 0 0 0 0 0 0 1 0 0 0 0 0 0 
0 0 0 0 0 0 0 0 1 0 0 0 0 0 
0 1 0 1 -1 1 0 0 1 -1 0 0 -1 s23-2*s123+2*s12 
0 1 0 1 0 -1 1 0 1 0 -1 0 -1 -s23+2*s123+s234-2*s56 
0 1 0 1 0 0 -1 1 1 0 0 -1 -1 s16-s234+2*s56+mt2 
0 0 0 0 0 0 0 0 0 0 0 0 1 0 

0
0 74
0 74
-1 1 0 1 0 0 0 0 1 0 0 0 -1 0 
0 0 0 1 0 0 0 0 0 0 0 0 0 0 
0 1 -1 1 1 0 0 0 0 0 0 0 -1 0 
0 0 0 0 0 0 1 0 0 0 0 0 0 0 
-2 1 0 0 0 0 0 0 0 1 1 0 0 -s12+s34-s234+s56 
-1 1 0 0 0 0 0 0 0 0 1 0 0 s23-s123-s234+s56 
0 1 0 0 0 0 0 0 0 0 0 0 0 0 
1 1 0 0 0 0 0 0 0 0 0 -1 0 s16-s234+s56 
-3 1 1 0 0 0 0 0 0 1 1 0 0 -s12-s234+2*s56 
0 1 0 1 -1 1 0 0 1 -1 0 0 -1 s23-2*s123+2*s12 
0 1 0 1 0 -1 1 0 1 0 -1 0 -1 -s23+2*s123+s234-2*s56 
0 1 0 1 0 0 -1 1 1 0 0 -1 -1 s16-s234+2*s56+mt2 
-2 0 1 0 0 0 0 0 0 1 1 0 0 -s12+s56 

0
0 74
0 74
0 0 0 0 0 0 1 0 -1 0 0 0 1 -s234+s56 
0 0 0 0 0 0 1 0 0 0 0 0 0 0 
0 0 0 0 -1 0 1 0 0 0 0 0 1 s34-s234 
0 0 0 1 0 0 0 0 0 0 0 0 0 0 
-2 1 0 0 0 0 0 0 0 1 1 0 0 -s12+s34-s234+s56 
-1 1 0 0 0 0 0 0 0 0 1 0 0 s23-s123-s234+s56 
0 1 0 0 0 0 0 0 0 0 0 0 0 0 
1 1 0 0 0 0 0 0 0 0 0 -1 0 s16-s234+s56 
-3 1 1 0 0 0 0 0 0 1 1 0 0 -s12-s234+2*s56 
0 0 0 0 1 -1 1 0 -1 0 0 0 1 s23-s123+s12-s34-s234+s56 
0 0 0 0 0 1 0 0 -1 0 0 0 1 -s23+s123 
0 0 0 0 0 0 2 -1 -1 0 0 0 1 s16-2*s234+2*s56 
-2 0 1 0 0 0 0 0 0 1 1 0 0 -s12+s56 

0
0 74
0 74
0 0 0 0 0 0 1 0 -1 0 0 0 1 -s234+s56 
0 0 0 0 0 0 1 0 0 0 0 0 0 0 
0 0 0 0 -1 0 1 0 0 0 0 0 1 s34-s234 
0 1 0 0 0 0 0 0 0 0 0 0 0 0 
2 0 0 1 -1 0 1 0 0 -1 -1 0 0 s12+s34-s56 
1 0 0 1 0 -1 1 0 0 0 -1 0 0 s123-s56 
0 0 0 1 0 0 0 0 0 0 0 0 0 0 
-1 0 0 1 0 0 1 -1 0 0 0 1 0 -s56-mt2 
3 0 -1 1 0 0 1 0 -1 -1 -1 0 0 s12 
0 0 0 0 1 -1 1 0 -1 0 0 0 1 s23-s123+s12-s34-s234+s56 
0 0 0 0 0 1 0 0 -1 0 0 0 1 -s23+s123 
0 0 0 0 0 0 2 -1 -1 0 0 0 1 s16-2*s234+2*s56 
2 1 -1 1 0 0 1 0 0 -1 -1 0 -1 s12+s234-s56 

0
0 75
0 75
1 0 0 0 0 0 0 0 0 0 0 0 0 0 
0 1 0 0 0 0 0 0 0 0 0 0 0 0 
0 0 1 0 0 0 0 0 0 0 0 0 0 0 
0 0 0 0 0 0 1 0 0 0 0 0 0 0 
2 0 0 1 -1 0 1 0 0 -1 -1 0 0 s12+s34-s56 
1 0 0 1 0 -1 1 0 0 0 -1 0 0 s123-s56 
0 0 0 1 0 0 0 0 0 0 0 0 0 0 
-1 0 0 1 0 0 1 -1 0 0 0 1 0 -s56-mt2 
3 0 -1 1 0 0 1 0 -1 -1 -1 0 0 s12 
0 0 0 0 0 0 0 0 0 1 0 0 0 0 
0 0 0 0 0 0 0 0 0 0 1 0 0 0 
0 0 0 0 0 0 0 0 0 0 0 1 0 0 
2 1 -1 1 0 0 1 0 0 -1 -1 0 -1 s12+s234-s56 

0
0 76
0 76
1 0 0 0 0 0 0 0 0 0 0 0 0 0 
0 1 0 0 0 0 0 0 0 0 0 0 0 0 
0 0 1 0 0 0 0 0 0 0 0 0 0 0 
0 0 0 0 0 0 1 0 0 0 0 0 0 0 
2 0 0 1 -1 0 1 0 0 -1 -1 0 0 s12+s34-s56 
1 0 0 1 0 -1 1 0 0 0 -1 0 0 s123-s56 
0 0 0 1 0 0 0 0 0 0 0 0 0 0 
-1 0 0 1 0 0 1 -1 0 0 0 1 0 -s56-mt2 
3 0 -1 1 0 0 1 0 -1 -1 -1 0 0 s12 
0 0 0 0 0 0 0 0 0 1 0 0 0 0 
0 0 0 0 0 0 0 0 0 0 1 0 0 0 
0 0 0 0 0 0 0 0 0 0 0 1 0 0 
2 1 -1 1 0 0 1 0 0 -1 -1 0 -1 s12+s234-s56 

0
0 76
0 76
-1 0 1 1 -1 0 0 0 1 0 0 0 0 s12 
0 -1 1 1 -1 0 0 0 0 0 0 0 1 0 
0 0 0 1 0 0 0 0 0 0 0 0 0 0 
0 0 1 0 0 0 0 0 0 0 0 0 0 0 
0 0 0 0 1 0 0 0 0 0 0 0 0 0 
0 0 0 0 0 1 0 0 0 0 0 0 0 0 
0 0 0 0 0 0 1 0 0 0 0 0 0 0 
0 0 0 0 0 0 0 1 0 0 0 0 0 0 
0 0 0 0 0 0 0 0 1 0 0 0 0 0 
0 0 1 1 -2 1 0 0 1 -1 0 0 0 -2*s123+3*s12 
0 0 1 1 -1 -1 1 0 1 0 -1 0 0 2*s123+s12+s34-2*s56 
0 0 1 1 -1 0 -1 1 1 0 0 -1 0 s345+s12-s34+2*s56+mt2 
0 0 0 0 0 0 0 0 0 0 0 0 1 0 

0
0 76
0 76
-1 0 1 1 -1 0 0 0 1 0 0 0 0 s12 
0 -1 1 1 -1 0 0 0 0 0 0 0 1 0 
0 0 0 1 0 0 0 0 0 0 0 0 0 0 
0 0 0 0 0 0 1 0 0 0 0 0 0 0 
-2 0 1 0 0 0 0 0 0 1 1 0 0 -s12+s56 
-1 0 1 0 0 0 0 0 0 0 1 0 0 -s123-s34+s56 
0 0 1 0 0 0 0 0 0 0 0 0 0 0 
1 0 1 0 0 0 0 0 0 0 0 -1 0 s345-s34+s56 
-3 0 2 0 0 0 0 0 0 1 1 0 0 -s34+2*s56 
0 0 1 1 -2 1 0 0 1 -1 0 0 0 -2*s123+3*s12 
0 0 1 1 -1 -1 1 0 1 0 -1 0 0 2*s123+s12+s34-2*s56 
0 0 1 1 -1 0 -1 1 1 0 0 -1 0 s345+s12-s34+2*s56+mt2 
-2 -1 2 0 0 0 0 0 0 1 1 0 0 -s12-s34+s234+s56 

0
0 76
0 76
0 0 0 0 1 0 1 0 -1 0 0 0 0 s12-s34+s56 
0 0 0 0 1 0 1 0 0 0 0 0 -1 -s34+s234 
0 0 0 0 0 0 1 0 0 0 0 0 0 0 
0 0 0 1 0 0 0 0 0 0 0 0 0 0 
-2 0 1 0 0 0 0 0 0 1 1 0 0 -s12+s56 
-1 0 1 0 0 0 0 0 0 0 1 0 0 -s123-s34+s56 
0 0 1 0 0 0 0 0 0 0 0 0 0 0 
1 0 1 0 0 0 0 0 0 0 0 -1 0 s345-s34+s56 
-3 0 2 0 0 0 0 0 0 1 1 0 0 -s34+2*s56 
0 0 0 0 2 -1 1 0 -1 0 0 0 0 -s123+2*s12-2*s34+s56 
0 0 0 0 1 1 0 0 -1 0 0 0 0 s123+s12 
0 0 0 0 1 0 2 -1 -1 0 0 0 0 s345+s12-2*s34+2*s56 
-2 -1 2 0 0 0 0 0 0 1 1 0 0 -s12-s34+s234+s56 

0
0 76
0 76
0 0 0 0 1 0 1 0 -1 0 0 0 0 s12-s34+s56 
0 0 0 0 1 0 1 0 0 0 0 0 -1 -s34+s234 
0 0 0 0 0 0 1 0 0 0 0 0 0 0 
0 0 1 0 0 0 0 0 0 0 0 0 0 0 
2 0 0 1 -1 0 1 0 0 -1 -1 0 0 s12+s34-s56 
1 0 0 1 0 -1 1 0 0 0 -1 0 0 s123-s56 
0 0 0 1 0 0 0 0 0 0 0 0 0 0 
-1 0 0 1 0 0 1 -1 0 0 0 1 0 -s56-mt2 
3 0 -1 1 0 0 1 0 -1 -1 -1 0 0 s12 
0 0 0 0 2 -1 1 0 -1 0 0 0 0 -s123+2*s12-2*s34+s56 
0 0 0 0 1 1 0 0 -1 0 0 0 0 s123+s12 
0 0 0 0 1 0 2 -1 -1 0 0 0 0 s345+s12-2*s34+2*s56 
2 1 -1 1 0 0 1 0 0 -1 -1 0 -1 s12+s234-s56 

0
0 77
0 77
1 0 0 0 0 0 0 0 0 0 0 0 0 0 
0 1 0 0 0 0 0 0 0 0 0 0 0 0 
0 0 1 0 0 0 0 0 0 0 0 0 0 0 
0 0 0 0 0 0 1 0 0 0 0 0 0 0 
2 0 0 1 -1 0 1 0 0 -1 -1 0 0 s12+s34-s56 
1 0 0 1 0 -1 1 0 0 0 -1 0 0 s123-s56 
0 0 0 1 0 0 0 0 0 0 0 0 0 0 
-1 0 0 1 0 0 1 -1 0 0 0 1 0 -s56-mt2 
3 0 -1 1 0 0 1 0 -1 -1 -1 0 0 s12 
0 0 0 0 0 0 0 0 0 1 0 0 0 0 
0 0 0 0 0 0 0 0 0 0 1 0 0 0 
0 0 0 0 0 0 0 0 0 0 0 1 0 0 
2 1 -1 1 0 0 1 0 0 -1 -1 0 -1 s12+s234-s56 

0
0 78
0 78
1 0 0 0 0 0 0 0 0 0 0 0 0 0 
0 1 0 0 0 0 0 0 0 0 0 0 0 0 
0 0 1 0 0 0 0 0 0 0 0 0 0 0 
0 0 0 0 0 0 1 0 0 0 0 0 0 0 
2 0 0 1 -1 0 1 0 0 -1 -1 0 0 s12+s34-s56 
1 0 0 1 0 -1 1 0 0 0 -1 0 0 s123-s56 
0 0 0 1 0 0 0 0 0 0 0 0 0 0 
-1 0 0 1 0 0 1 -1 0 0 0 1 0 -s56-mt2 
3 0 -1 1 0 0 1 0 -1 -1 -1 0 0 s12 
0 0 0 0 0 0 0 0 0 1 0 0 0 0 
0 0 0 0 0 0 0 0 0 0 1 0 0 0 
0 0 0 0 0 0 0 0 0 0 0 1 0 0 
2 1 -1 1 0 0 1 0 0 -1 -1 0 -1 s12+s234-s56 

0
0 79
0 79
1 0 0 0 0 0 0 0 0 0 0 0 0 0 
0 1 0 0 0 0 0 0 0 0 0 0 0 0 
0 0 1 0 0 0 0 0 0 0 0 0 0 0 
0 0 0 0 0 0 1 0 0 0 0 0 0 0 
2 0 0 1 -1 0 1 0 0 -1 -1 0 0 s12+s34-s56 
1 0 0 1 0 -1 1 0 0 0 -1 0 0 s123-s56 
0 0 0 1 0 0 0 0 0 0 0 0 0 0 
-1 0 0 1 0 0 1 -1 0 0 0 1 0 -s56-mt2 
3 0 -1 1 0 0 1 0 -1 -1 -1 0 0 s12 
0 0 0 0 0 0 0 0 0 1 0 0 0 0 
0 0 0 0 0 0 0 0 0 0 1 0 0 0 
0 0 0 0 0 0 0 0 0 0 0 1 0 0 
2 1 -1 1 0 0 1 0 0 -1 -1 0 -1 s12+s234-s56 

0
0 85
0 85
0 0 1 0 0 0 0 0 0 0 0 0 0 0 
1 -1 1 0 0 0 0 0 0 0 0 0 0 -s12 
1 0 0 0 0 0 0 0 0 0 0 0 0 0 
1 0 1 -1 1 0 0 0 1 0 0 0 0 -s12 
0 0 0 0 1 0 0 0 0 0 0 0 0 0 
0 0 0 0 0 1 0 0 0 0 0 0 0 0 
0 0 0 0 0 0 1 0 0 0 0 0 0 0 
0 0 0 0 0 0 0 1 0 0 0 0 0 0 
0 0 0 0 0 0 0 0 1 0 0 0 0 0 
1 0 1 0 0 0 0 0 0 -1 0 0 0 -s123+s12 
1 0 1 0 0 0 0 0 0 0 -1 0 0 s123+s34-s56 
1 0 1 0 0 0 0 0 0 0 0 -1 0 s345-s34+s56+mt2 
0 0 0 0 0 0 0 0 0 0 0 0 1 0 

0
0 85
0 85
0 0 1 0 0 0 0 0 0 0 0 0 0 0 
1 -1 1 0 0 0 0 0 0 0 0 0 0 -s12 
1 0 0 0 0 0 0 0 0 0 0 0 0 0 
3 0 -1 1 0 0 1 0 -1 -1 -1 0 0 s12 
0 0 0 0 0 0 1 0 0 0 0 0 0 0 
0 0 0 0 1 -1 1 0 0 0 0 0 0 -s34 
0 0 0 0 1 0 0 0 0 0 0 0 0 0 
0 0 0 0 1 0 1 -1 0 0 0 0 0 s345-s34-mt2 
0 0 0 0 1 0 1 0 -1 0 0 0 0 s12-s34+s56 
1 0 1 0 0 0 0 0 0 -1 0 0 0 -s123+s12 
1 0 1 0 0 0 0 0 0 0 -1 0 0 s123+s34-s56 
1 0 1 0 0 0 0 0 0 0 0 -1 0 s345-s34+s56+mt2 
0 0 0 0 1 0 1 0 0 0 0 0 -1 -s34+s234 

0
0 85
0 85
1 0 0 0 0 0 0 0 0 0 0 0 0 0 
0 1 0 0 0 0 0 0 0 0 0 0 0 0 
0 0 1 0 0 0 0 0 0 0 0 0 0 0 
-2 0 2 -1 1 0 1 0 0 1 1 0 0 -s12-s34+s56 
0 0 0 0 0 0 1 0 0 0 0 0 0 0 
0 0 0 0 1 -1 1 0 0 0 0 0 0 -s34 
0 0 0 0 1 0 0 0 0 0 0 0 0 0 
0 0 0 0 1 0 1 -1 0 0 0 0 0 s345-s34-mt2 
0 0 0 0 1 0 1 0 -1 0 0 0 0 s12-s34+s56 
0 0 0 0 0 0 0 0 0 1 0 0 0 0 
0 0 0 0 0 0 0 0 0 0 1 0 0 0 
0 0 0 0 0 0 0 0 0 0 0 1 0 0 
0 0 0 0 1 0 1 0 0 0 0 0 -1 -s34+s234 

0
0 87
0 87
1 0 0 0 0 0 0 0 0 0 0 0 0 0 
0 1 0 0 0 0 0 0 0 0 0 0 0 0 
0 0 1 0 0 0 0 0 0 0 0 0 0 0 
-2 0 2 -1 1 0 1 0 0 1 1 0 0 -s12-s34+s56 
0 0 0 0 0 0 1 0 0 0 0 0 0 0 
0 0 0 0 1 -1 1 0 0 0 0 0 0 -s34 
0 0 0 0 1 0 0 0 0 0 0 0 0 0 
0 0 0 0 1 0 1 -1 0 0 0 0 0 s345-s34-mt2 
0 0 0 0 1 0 1 0 -1 0 0 0 0 s12-s34+s56 
0 0 0 0 0 0 0 0 0 1 0 0 0 0 
0 0 0 0 0 0 0 0 0 0 1 0 0 0 
0 0 0 0 0 0 0 0 0 0 0 1 0 0 
0 0 0 0 1 0 1 0 0 0 0 0 -1 -s34+s234 

1
0 87
0 87
0 0 1 0 0 0 0 0 0 0 0 0 0 0 
0 1 0 0 0 0 0 0 0 0 0 0 0 0 
1 0 0 0 0 0 0 0 0 0 0 0 0 0 
0 0 0 1 0 0 0 0 0 0 0 0 0 0 
0 0 0 0 1 0 0 0 0 0 0 0 0 0 
0 0 0 1 0 0 0 0 0 0 0 0 0 0 
0 0 0 0 0 0 1 0 0 0 0 0 0 0 
0 0 0 1 0 0 0 0 0 0 0 0 0 0 
0 0 0 1 0 0 0 0 0 0 0 0 0 0 
0 0 0 1 0 0 0 0 0 0 0 0 0 0 
0 0 0 1 0 0 0 0 0 0 0 0 0 0 
0 0 0 1 0 0 0 0 0 0 0 0 0 0 
0 0 0 1 0 0 0 0 0 0 0 0 0 0 

1
0 87
0 87
0 0 1 0 0 0 0 0 0 0 0 0 0 0 
0 1 0 0 0 0 0 0 0 0 0 0 0 0 
1 0 0 0 0 0 0 0 0 0 0 0 0 0 
0 0 0 1 0 0 0 0 0 0 0 0 0 0 
0 0 0 0 0 0 1 0 0 0 0 0 0 0 
0 0 0 1 0 0 0 0 0 0 0 0 0 0 
0 0 0 0 1 0 0 0 0 0 0 0 0 0 
0 0 0 1 0 0 0 0 0 0 0 0 0 0 
0 0 0 1 0 0 0 0 0 0 0 0 0 0 
0 0 0 1 0 0 0 0 0 0 0 0 0 0 
0 0 0 1 0 0 0 0 0 0 0 0 0 0 
0 0 0 1 0 0 0 0 0 0 0 0 0 0 
0 0 0 1 0 0 0 0 0 0 0 0 0 0 

0
0 89
0 89
0 0 0 1 0 0 0 0 0 0 0 0 0 0 
1 -1 0 1 0 0 0 0 -1 0 0 0 1 0 
1 0 -1 1 1 0 0 0 -1 0 0 0 0 s12 
1 0 0 0 0 0 0 0 0 0 0 0 0 0 
0 0 0 0 1 0 0 0 0 0 0 0 0 0 
0 0 0 0 0 1 0 0 0 0 0 0 0 0 
0 0 0 0 0 0 1 0 0 0 0 0 0 0 
0 0 0 0 0 0 0 1 0 0 0 0 0 0 
0 0 0 0 0 0 0 0 1 0 0 0 0 0 
1 0 0 1 -1 1 0 0 0 -1 0 0 0 -s123+s12 
1 0 0 1 0 -1 1 0 0 0 -1 0 0 s123-s56 
1 0 0 1 0 0 -1 1 0 0 0 -1 0 s56+2*mt2 
0 0 0 0 0 0 0 0 0 0 0 0 1 0 

0
0 90
0 90
-1 1 0 1 0 0 0 0 1 0 0 0 -1 0 
0 0 0 1 0 0 0 0 0 0 0 0 0 0 
0 1 -1 1 1 0 0 0 0 0 0 0 -1 0 
0 1 0 0 0 0 0 0 0 0 0 0 0 0 
0 0 0 0 1 0 0 0 0 0 0 0 0 0 
0 0 0 0 0 1 0 0 0 0 0 0 0 0 
0 0 0 0 0 0 1 0 0 0 0 0 0 0 
0 0 0 0 0 0 0 1 0 0 0 0 0 0 
0 0 0 0 0 0 0 0 1 0 0 0 0 0 
0 1 0 1 -1 1 0 0 1 -1 0 0 -1 s23-2*s123+2*s12 
0 1 0 1 0 -1 1 0 1 0 -1 0 -1 -s23+2*s123+s234-2*s56 
0 1 0 1 0 0 -1 1 1 0 0 -1 -1 s16-s234+2*s56+mt2 
0 0 0 0 0 0 0 0 0 0 0 0 1 0 

0
0 92
0 92
-1 0 1 1 -1 0 0 0 1 0 0 0 0 s12 
0 -1 1 1 -1 0 0 0 0 0 0 0 1 0 
0 0 0 1 0 0 0 0 0 0 0 0 0 0 
0 0 1 0 0 0 0 0 0 0 0 0 0 0 
0 0 0 0 1 0 0 0 0 0 0 0 0 0 
0 0 0 0 0 1 0 0 0 0 0 0 0 0 
0 0 0 0 0 0 1 0 0 0 0 0 0 0 
0 0 0 0 0 0 0 1 0 0 0 0 0 0 
0 0 0 0 0 0 0 0 1 0 0 0 0 0 
0 0 1 1 -2 1 0 0 1 -1 0 0 0 -2*s123+3*s12 
0 0 1 1 -1 -1 1 0 1 0 -1 0 0 2*s123+s12+s34-2*s56 
0 0 1 1 -1 0 -1 1 1 0 0 -1 0 s345+s12-s34+2*s56+mt2 
0 0 0 0 0 0 0 0 0 0 0 0 1 0 

0
0 105
0 105
0 0 0 1 0 0 0 0 0 0 0 0 0 0 
1 -1 0 1 0 0 0 0 -1 0 0 0 1 0 
1 0 -1 1 1 0 0 0 -1 0 0 0 0 s12 
1 0 0 0 0 0 0 0 0 0 0 0 0 0 
0 0 0 0 1 0 0 0 0 0 0 0 0 0 
0 0 0 0 0 1 0 0 0 0 0 0 0 0 
0 0 0 0 0 0 1 0 0 0 0 0 0 0 
0 0 0 0 0 0 0 1 0 0 0 0 0 0 
0 0 0 0 0 0 0 0 1 0 0 0 0 0 
1 0 0 1 -1 1 0 0 0 -1 0 0 0 -s123+s12 
1 0 0 1 0 -1 1 0 0 0 -1 0 0 s123-s56 
1 0 0 1 0 0 -1 1 0 0 0 -1 0 s56+2*mt2 
0 0 0 0 0 0 0 0 0 0 0 0 1 0 

0
0 106
0 106
-1 1 0 1 0 0 0 0 1 0 0 0 -1 0 
0 0 0 1 0 0 0 0 0 0 0 0 0 0 
0 1 -1 1 1 0 0 0 0 0 0 0 -1 0 
0 1 0 0 0 0 0 0 0 0 0 0 0 0 
0 0 0 0 1 0 0 0 0 0 0 0 0 0 
0 0 0 0 0 1 0 0 0 0 0 0 0 0 
0 0 0 0 0 0 1 0 0 0 0 0 0 0 
0 0 0 0 0 0 0 1 0 0 0 0 0 0 
0 0 0 0 0 0 0 0 1 0 0 0 0 0 
0 1 0 1 -1 1 0 0 1 -1 0 0 -1 s23-2*s123+2*s12 
0 1 0 1 0 -1 1 0 1 0 -1 0 -1 -s23+2*s123+s234-2*s56 
0 1 0 1 0 0 -1 1 1 0 0 -1 -1 s16-s234+2*s56+mt2 
0 0 0 0 0 0 0 0 0 0 0 0 1 0 

0
0 108
0 108
-1 0 1 1 -1 0 0 0 1 0 0 0 0 s12 
0 -1 1 1 -1 0 0 0 0 0 0 0 1 0 
0 0 0 1 0 0 0 0 0 0 0 0 0 0 
0 0 1 0 0 0 0 0 0 0 0 0 0 0 
0 0 0 0 1 0 0 0 0 0 0 0 0 0 
0 0 0 0 0 1 0 0 0 0 0 0 0 0 
0 0 0 0 0 0 1 0 0 0 0 0 0 0 
0 0 0 0 0 0 0 1 0 0 0 0 0 0 
0 0 0 0 0 0 0 0 1 0 0 0 0 0 
0 0 1 1 -2 1 0 0 1 -1 0 0 0 -2*s123+3*s12 
0 0 1 1 -1 -1 1 0 1 0 -1 0 0 2*s123+s12+s34-2*s56 
0 0 1 1 -1 0 -1 1 1 0 0 -1 0 s345+s12-s34+2*s56+mt2 
0 0 0 0 0 0 0 0 0 0 0 0 1 0 

0
0 117
0 117
0 0 1 0 0 0 0 0 0 0 0 0 0 0 
1 -1 1 0 0 0 0 0 0 0 0 0 0 -s12 
1 0 0 0 0 0 0 0 0 0 0 0 0 0 
1 0 1 -1 1 0 0 0 1 0 0 0 0 -s12 
0 0 0 0 1 0 0 0 0 0 0 0 0 0 
0 0 0 0 0 1 0 0 0 0 0 0 0 0 
0 0 0 0 0 0 1 0 0 0 0 0 0 0 
0 0 0 0 0 0 0 1 0 0 0 0 0 0 
0 0 0 0 0 0 0 0 1 0 0 0 0 0 
1 0 1 0 0 0 0 0 0 -1 0 0 0 -s123+s12 
1 0 1 0 0 0 0 0 0 0 -1 0 0 s123+s34-s56 
1 0 1 0 0 0 0 0 0 0 0 -1 0 s345-s34+s56+mt2 
0 0 0 0 0 0 0 0 0 0 0 0 1 0 

1
0 117
0 117
1 0 0 0 0 0 0 0 0 0 0 0 0 0 
0 1 0 0 0 0 0 0 0 0 0 0 0 0 
0 0 1 0 0 0 0 0 0 0 0 0 0 0 
0 1 0 0 0 0 0 0 0 0 0 0 0 0 
0 0 0 0 0 0 1 0 0 0 0 0 0 0 
0 0 0 0 0 1 0 0 0 0 0 0 0 0 
0 0 0 0 1 0 0 0 0 0 0 0 0 0 
0 1 0 0 0 0 0 0 0 0 0 0 0 0 
0 1 0 0 0 0 0 0 0 0 0 0 0 0 
0 1 0 0 0 0 0 0 0 0 0 0 0 0 
0 1 0 0 0 0 0 0 0 0 0 0 0 0 
0 1 0 0 0 0 0 0 0 0 0 0 0 0 
0 1 0 0 0 0 0 0 0 0 0 0 0 0 

1
0 117
0 117
0 0 1 0 0 0 0 0 0 0 0 0 0 0 
0 1 0 0 0 0 0 0 0 0 0 0 0 0 
1 0 0 0 0 0 0 0 0 0 0 0 0 0 
0 1 0 0 0 0 0 0 0 0 0 0 0 0 
0 0 0 0 0 0 1 0 0 0 0 0 0 0 
0 0 0 0 0 1 0 0 0 0 0 0 0 0 
0 0 0 0 1 0 0 0 0 0 0 0 0 0 
0 1 0 0 0 0 0 0 0 0 0 0 0 0 
0 1 0 0 0 0 0 0 0 0 0 0 0 0 
0 1 0 0 0 0 0 0 0 0 0 0 0 0 
0 1 0 0 0 0 0 0 0 0 0 0 0 0 
0 1 0 0 0 0 0 0 0 0 0 0 0 0 
0 1 0 0 0 0 0 0 0 0 0 0 0 0 

1
0 119
0 119
0 0 1 0 0 0 0 0 0 0 0 0 0 0 
0 1 0 0 0 0 0 0 0 0 0 0 0 0 
1 0 0 0 0 0 0 0 0 0 0 0 0 0 
0 0 0 1 0 0 0 0 0 0 0 0 0 0 
0 0 0 0 1 0 0 0 0 0 0 0 0 0 
0 0 0 0 0 1 0 0 0 0 0 0 0 0 
0 0 0 0 0 0 1 0 0 0 0 0 0 0 
0 0 0 1 0 0 0 0 0 0 0 0 0 0 
0 0 0 1 0 0 0 0 0 0 0 0 0 0 
0 0 0 1 0 0 0 0 0 0 0 0 0 0 
0 0 0 1 0 0 0 0 0 0 0 0 0 0 
0 0 0 1 0 0 0 0 0 0 0 0 0 0 
0 0 0 1 0 0 0 0 0 0 0 0 0 0 

1
0 119
0 119
0 0 1 0 0 0 0 0 0 0 0 0 0 0 
0 1 0 0 0 0 0 0 0 0 0 0 0 0 
1 0 0 0 0 0 0 0 0 0 0 0 0 0 
0 0 0 1 0 0 0 0 0 0 0 0 0 0 
0 0 0 0 0 0 1 0 0 0 0 0 0 0 
0 0 0 0 0 1 0 0 0 0 0 0 0 0 
0 0 0 0 1 0 0 0 0 0 0 0 0 0 
0 0 0 1 0 0 0 0 0 0 0 0 0 0 
0 0 0 1 0 0 0 0 0 0 0 0 0 0 
0 0 0 1 0 0 0 0 0 0 0 0 0 0 
0 0 0 1 0 0 0 0 0 0 0 0 0 0 
0 0 0 1 0 0 0 0 0 0 0 0 0 0 
0 0 0 1 0 0 0 0 0 0 0 0 0 0 

1
0 119
0 119
1 0 0 0 0 0 0 0 0 0 0 0 0 0 
0 1 0 0 0 0 0 0 0 0 0 0 0 0 
0 0 1 0 0 0 0 0 0 0 0 0 0 0 
0 0 0 1 0 0 0 0 0 0 0 0 0 0 
0 0 0 0 0 0 1 0 0 0 0 0 0 0 
0 0 0 0 0 1 0 0 0 0 0 0 0 0 
0 0 0 0 1 0 0 0 0 0 0 0 0 0 
0 0 0 1 0 0 0 0 0 0 0 0 0 0 
0 0 0 1 0 0 0 0 0 0 0 0 0 0 
0 0 0 1 0 0 0 0 0 0 0 0 0 0 
0 0 0 1 0 0 0 0 0 0 0 0 0 0 
0 0 0 1 0 0 0 0 0 0 0 0 0 0 
0 0 0 1 0 0 0 0 0 0 0 0 0 0 

0
0 121
0 121
0 0 0 1 0 0 0 0 0 0 0 0 0 0 
1 -1 0 1 0 0 0 0 -1 0 0 0 1 0 
1 0 -1 1 1 0 0 0 -1 0 0 0 0 s12 
1 0 0 0 0 0 0 0 0 0 0 0 0 0 
0 0 0 0 1 0 0 0 0 0 0 0 0 0 
0 0 0 0 0 1 0 0 0 0 0 0 0 0 
0 0 0 0 0 0 1 0 0 0 0 0 0 0 
0 0 0 0 0 0 0 1 0 0 0 0 0 0 
0 0 0 0 0 0 0 0 1 0 0 0 0 0 
1 0 0 1 -1 1 0 0 0 -1 0 0 0 -s123+s12 
1 0 0 1 0 -1 1 0 0 0 -1 0 0 s123-s56 
1 0 0 1 0 0 -1 1 0 0 0 -1 0 s56+2*mt2 
0 0 0 0 0 0 0 0 0 0 0 0 1 0 

0
0 122
0 122
-1 1 0 1 0 0 0 0 1 0 0 0 -1 0 
0 0 0 1 0 0 0 0 0 0 0 0 0 0 
0 1 -1 1 1 0 0 0 0 0 0 0 -1 0 
0 1 0 0 0 0 0 0 0 0 0 0 0 0 
0 0 0 0 1 0 0 0 0 0 0 0 0 0 
0 0 0 0 0 1 0 0 0 0 0 0 0 0 
0 0 0 0 0 0 1 0 0 0 0 0 0 0 
0 0 0 0 0 0 0 1 0 0 0 0 0 0 
0 0 0 0 0 0 0 0 1 0 0 0 0 0 
0 1 0 1 -1 1 0 0 1 -1 0 0 -1 s23-2*s123+2*s12 
0 1 0 1 0 -1 1 0 1 0 -1 0 -1 -s23+2*s123+s234-2*s56 
0 1 0 1 0 0 -1 1 1 0 0 -1 -1 s16-s234+2*s56+mt2 
0 0 0 0 0 0 0 0 0 0 0 0 1 0 

0
0 124
0 124
-1 0 1 1 -1 0 0 0 1 0 0 0 0 s12 
0 -1 1 1 -1 0 0 0 0 0 0 0 1 0 
0 0 0 1 0 0 0 0 0 0 0 0 0 0 
0 0 1 0 0 0 0 0 0 0 0 0 0 0 
0 0 0 0 1 0 0 0 0 0 0 0 0 0 
0 0 0 0 0 1 0 0 0 0 0 0 0 0 
0 0 0 0 0 0 1 0 0 0 0 0 0 0 
0 0 0 0 0 0 0 1 0 0 0 0 0 0 
0 0 0 0 0 0 0 0 1 0 0 0 0 0 
0 0 1 1 -2 1 0 0 1 -1 0 0 0 -2*s123+3*s12 
0 0 1 1 -1 -1 1 0 1 0 -1 0 0 2*s123+s12+s34-2*s56 
0 0 1 1 -1 0 -1 1 1 0 0 -1 0 s345+s12-s34+2*s56+mt2 
0 0 0 0 0 0 0 0 0 0 0 0 1 0 

0
0 133
0 133
0 0 1 0 0 0 0 0 0 0 0 0 0 0 
1 -1 1 0 0 0 0 0 0 0 0 0 0 -s12 
1 0 0 0 0 0 0 0 0 0 0 0 0 0 
1 0 1 -1 1 0 0 0 1 0 0 0 0 -s12 
0 0 0 0 1 0 0 0 0 0 0 0 0 0 
0 0 0 0 0 1 0 0 0 0 0 0 0 0 
0 0 0 0 0 0 1 0 0 0 0 0 0 0 
0 0 0 0 0 0 0 1 0 0 0 0 0 0 
0 0 0 0 0 0 0 0 1 0 0 0 0 0 
1 0 1 0 0 0 0 0 0 -1 0 0 0 -s123+s12 
1 0 1 0 0 0 0 0 0 0 -1 0 0 s123+s34-s56 
1 0 1 0 0 0 0 0 0 0 0 -1 0 s345-s34+s56+mt2 
0 0 0 0 0 0 0 0 0 0 0 0 1 0 

1
0 135
0 135
0 0 1 0 0 0 0 0 0 0 0 0 0 0 
0 1 0 0 0 0 0 0 0 0 0 0 0 0 
1 0 0 0 0 0 0 0 0 0 0 0 0 0 
0 0 0 1 0 0 0 0 0 0 0 0 0 0 
0 0 0 1 0 0 0 0 0 0 0 0 0 0 
0 0 0 1 0 0 0 0 0 0 0 0 0 0 
0 0 0 1 0 0 0 0 0 0 0 0 0 0 
0 0 0 0 0 0 0 1 0 0 0 0 0 0 
0 0 0 1 0 0 0 0 0 0 0 0 0 0 
0 0 0 1 0 0 0 0 0 0 0 0 0 0 
0 0 0 1 0 0 0 0 0 0 0 0 0 0 
0 0 0 1 0 0 0 0 0 0 0 0 0 0 
0 0 0 1 0 0 0 0 0 0 0 0 0 0 

0
0 137
0 137
0 0 0 1 0 0 0 0 0 0 0 0 0 0 
1 -1 0 1 0 0 0 0 -1 0 0 0 1 0 
1 0 -1 1 1 0 0 0 -1 0 0 0 0 s12 
1 0 0 0 0 0 0 0 0 0 0 0 0 0 
0 0 0 0 1 0 0 0 0 0 0 0 0 0 
0 0 0 0 0 1 0 0 0 0 0 0 0 0 
0 0 0 0 0 0 1 0 0 0 0 0 0 0 
0 0 0 0 0 0 0 1 0 0 0 0 0 0 
0 0 0 0 0 0 0 0 1 0 0 0 0 0 
1 0 0 1 -1 1 0 0 0 -1 0 0 0 -s123+s12 
1 0 0 1 0 -1 1 0 0 0 -1 0 0 s123-s56 
1 0 0 1 0 0 -1 1 0 0 0 -1 0 s56+2*mt2 
0 0 0 0 0 0 0 0 0 0 0 0 1 0 

0
0 138
0 138
-1 1 0 1 0 0 0 0 1 0 0 0 -1 0 
0 0 0 1 0 0 0 0 0 0 0 0 0 0 
0 1 -1 1 1 0 0 0 0 0 0 0 -1 0 
0 1 0 0 0 0 0 0 0 0 0 0 0 0 
0 0 0 0 1 0 0 0 0 0 0 0 0 0 
0 0 0 0 0 1 0 0 0 0 0 0 0 0 
0 0 0 0 0 0 1 0 0 0 0 0 0 0 
0 0 0 0 0 0 0 1 0 0 0 0 0 0 
0 0 0 0 0 0 0 0 1 0 0 0 0 0 
0 1 0 1 -1 1 0 0 1 -1 0 0 -1 s23-2*s123+2*s12 
0 1 0 1 0 -1 1 0 1 0 -1 0 -1 -s23+2*s123+s234-2*s56 
0 1 0 1 0 0 -1 1 1 0 0 -1 -1 s16-s234+2*s56+mt2 
0 0 0 0 0 0 0 0 0 0 0 0 1 0 

0
0 140
0 140
-1 0 1 1 -1 0 0 0 1 0 0 0 0 s12 
0 -1 1 1 -1 0 0 0 0 0 0 0 1 0 
0 0 0 1 0 0 0 0 0 0 0 0 0 0 
0 0 1 0 0 0 0 0 0 0 0 0 0 0 
0 0 0 0 1 0 0 0 0 0 0 0 0 0 
0 0 0 0 0 1 0 0 0 0 0 0 0 0 
0 0 0 0 0 0 1 0 0 0 0 0 0 0 
0 0 0 0 0 0 0 1 0 0 0 0 0 0 
0 0 0 0 0 0 0 0 1 0 0 0 0 0 
0 0 1 1 -2 1 0 0 1 -1 0 0 0 -2*s123+3*s12 
0 0 1 1 -1 -1 1 0 1 0 -1 0 0 2*s123+s12+s34-2*s56 
0 0 1 1 -1 0 -1 1 1 0 0 -1 0 s345+s12-s34+2*s56+mt2 
0 0 0 0 0 0 0 0 0 0 0 0 1 0 

0
0 149
0 149
0 0 1 0 0 0 0 0 0 0 0 0 0 0 
1 -1 1 0 0 0 0 0 0 0 0 0 0 -s12 
1 0 0 0 0 0 0 0 0 0 0 0 0 0 
1 0 1 -1 1 0 0 0 1 0 0 0 0 -s12 
0 0 0 0 1 0 0 0 0 0 0 0 0 0 
0 0 0 0 0 1 0 0 0 0 0 0 0 0 
0 0 0 0 0 0 1 0 0 0 0 0 0 0 
0 0 0 0 0 0 0 1 0 0 0 0 0 0 
0 0 0 0 0 0 0 0 1 0 0 0 0 0 
1 0 1 0 0 0 0 0 0 -1 0 0 0 -s123+s12 
1 0 1 0 0 0 0 0 0 0 -1 0 0 s123+s34-s56 
1 0 1 0 0 0 0 0 0 0 0 -1 0 s345-s34+s56+mt2 
0 0 0 0 0 0 0 0 0 0 0 0 1 0 

1
0 151
0 151
0 0 1 0 0 0 0 0 0 0 0 0 0 0 
0 1 0 0 0 0 0 0 0 0 0 0 0 0 
1 0 0 0 0 0 0 0 0 0 0 0 0 0 
0 0 0 1 0 0 0 0 0 0 0 0 0 0 
0 0 0 0 1 0 0 0 0 0 0 0 0 0 
0 0 0 1 0 0 0 0 0 0 0 0 0 0 
0 0 0 1 0 0 0 0 0 0 0 0 0 0 
0 0 0 0 0 0 0 1 0 0 0 0 0 0 
0 0 0 1 0 0 0 0 0 0 0 0 0 0 
0 0 0 1 0 0 0 0 0 0 0 0 0 0 
0 0 0 1 0 0 0 0 0 0 0 0 0 0 
0 0 0 1 0 0 0 0 0 0 0 0 0 0 
0 0 0 1 0 0 0 0 0 0 0 0 0 0 

0
0 153
0 153
0 0 0 1 0 0 0 0 0 0 0 0 0 0 
1 -1 0 1 0 0 0 0 -1 0 0 0 1 0 
1 0 -1 1 1 0 0 0 -1 0 0 0 0 s12 
1 0 0 0 0 0 0 0 0 0 0 0 0 0 
0 0 0 0 1 0 0 0 0 0 0 0 0 0 
0 0 0 0 0 1 0 0 0 0 0 0 0 0 
0 0 0 0 0 0 1 0 0 0 0 0 0 0 
0 0 0 0 0 0 0 1 0 0 0 0 0 0 
0 0 0 0 0 0 0 0 1 0 0 0 0 0 
1 0 0 1 -1 1 0 0 0 -1 0 0 0 -s123+s12 
1 0 0 1 0 -1 1 0 0 0 -1 0 0 s123-s56 
1 0 0 1 0 0 -1 1 0 0 0 -1 0 s56+2*mt2 
0 0 0 0 0 0 0 0 0 0 0 0 1 0 

0
0 154
0 154
-1 1 0 1 0 0 0 0 1 0 0 0 -1 0 
0 0 0 1 0 0 0 0 0 0 0 0 0 0 
0 1 -1 1 1 0 0 0 0 0 0 0 -1 0 
0 1 0 0 0 0 0 0 0 0 0 0 0 0 
0 0 0 0 1 0 0 0 0 0 0 0 0 0 
0 0 0 0 0 1 0 0 0 0 0 0 0 0 
0 0 0 0 0 0 1 0 0 0 0 0 0 0 
0 0 0 0 0 0 0 1 0 0 0 0 0 0 
0 0 0 0 0 0 0 0 1 0 0 0 0 0 
0 1 0 1 -1 1 0 0 1 -1 0 0 -1 s23-2*s123+2*s12 
0 1 0 1 0 -1 1 0 1 0 -1 0 -1 -s23+2*s123+s234-2*s56 
0 1 0 1 0 0 -1 1 1 0 0 -1 -1 s16-s234+2*s56+mt2 
0 0 0 0 0 0 0 0 0 0 0 0 1 0 

0
0 156
0 156
-1 0 1 1 -1 0 0 0 1 0 0 0 0 s12 
0 -1 1 1 -1 0 0 0 0 0 0 0 1 0 
0 0 0 1 0 0 0 0 0 0 0 0 0 0 
0 0 1 0 0 0 0 0 0 0 0 0 0 0 
0 0 0 0 1 0 0 0 0 0 0 0 0 0 
0 0 0 0 0 1 0 0 0 0 0 0 0 0 
0 0 0 0 0 0 1 0 0 0 0 0 0 0 
0 0 0 0 0 0 0 1 0 0 0 0 0 0 
0 0 0 0 0 0 0 0 1 0 0 0 0 0 
0 0 1 1 -2 1 0 0 1 -1 0 0 0 -2*s123+3*s12 
0 0 1 1 -1 -1 1 0 1 0 -1 0 0 2*s123+s12+s34-2*s56 
0 0 1 1 -1 0 -1 1 1 0 0 -1 0 s345+s12-s34+2*s56+mt2 
0 0 0 0 0 0 0 0 0 0 0 0 1 0 

0
0 165
0 165
0 0 1 0 0 0 0 0 0 0 0 0 0 0 
1 -1 1 0 0 0 0 0 0 0 0 0 0 -s12 
1 0 0 0 0 0 0 0 0 0 0 0 0 0 
1 0 1 -1 1 0 0 0 1 0 0 0 0 -s12 
0 0 0 0 1 0 0 0 0 0 0 0 0 0 
0 0 0 0 0 1 0 0 0 0 0 0 0 0 
0 0 0 0 0 0 1 0 0 0 0 0 0 0 
0 0 0 0 0 0 0 1 0 0 0 0 0 0 
0 0 0 0 0 0 0 0 1 0 0 0 0 0 
1 0 1 0 0 0 0 0 0 -1 0 0 0 -s123+s12 
1 0 1 0 0 0 0 0 0 0 -1 0 0 s123+s34-s56 
1 0 1 0 0 0 0 0 0 0 0 -1 0 s345-s34+s56+mt2 
0 0 0 0 0 0 0 0 0 0 0 0 1 0 

1
0 167
0 167
0 0 1 0 0 0 0 0 0 0 0 0 0 0 
0 1 0 0 0 0 0 0 0 0 0 0 0 0 
1 0 0 0 0 0 0 0 0 0 0 0 0 0 
0 0 0 1 0 0 0 0 0 0 0 0 0 0 
0 0 0 1 0 0 0 0 0 0 0 0 0 0 
0 0 0 0 0 1 0 0 0 0 0 0 0 0 
0 0 0 1 0 0 0 0 0 0 0 0 0 0 
0 0 0 0 0 0 0 1 0 0 0 0 0 0 
0 0 0 1 0 0 0 0 0 0 0 0 0 0 
0 0 0 1 0 0 0 0 0 0 0 0 0 0 
0 0 0 1 0 0 0 0 0 0 0 0 0 0 
0 0 0 1 0 0 0 0 0 0 0 0 0 0 
0 0 0 1 0 0 0 0 0 0 0 0 0 0 

0
0 169
0 169
0 0 0 1 0 0 0 0 0 0 0 0 0 0 
1 -1 0 1 0 0 0 0 -1 0 0 0 1 0 
1 0 -1 1 1 0 0 0 -1 0 0 0 0 s12 
1 0 0 0 0 0 0 0 0 0 0 0 0 0 
0 0 0 0 1 0 0 0 0 0 0 0 0 0 
0 0 0 0 0 1 0 0 0 0 0 0 0 0 
0 0 0 0 0 0 1 0 0 0 0 0 0 0 
0 0 0 0 0 0 0 1 0 0 0 0 0 0 
0 0 0 0 0 0 0 0 1 0 0 0 0 0 
1 0 0 1 -1 1 0 0 0 -1 0 0 0 -s123+s12 
1 0 0 1 0 -1 1 0 0 0 -1 0 0 s123-s56 
1 0 0 1 0 0 -1 1 0 0 0 -1 0 s56+2*mt2 
0 0 0 0 0 0 0 0 0 0 0 0 1 0 

0
0 170
0 170
-1 1 0 1 0 0 0 0 1 0 0 0 -1 0 
0 0 0 1 0 0 0 0 0 0 0 0 0 0 
0 1 -1 1 1 0 0 0 0 0 0 0 -1 0 
0 1 0 0 0 0 0 0 0 0 0 0 0 0 
0 0 0 0 1 0 0 0 0 0 0 0 0 0 
0 0 0 0 0 1 0 0 0 0 0 0 0 0 
0 0 0 0 0 0 1 0 0 0 0 0 0 0 
0 0 0 0 0 0 0 1 0 0 0 0 0 0 
0 0 0 0 0 0 0 0 1 0 0 0 0 0 
0 1 0 1 -1 1 0 0 1 -1 0 0 -1 s23-2*s123+2*s12 
0 1 0 1 0 -1 1 0 1 0 -1 0 -1 -s23+2*s123+s234-2*s56 
0 1 0 1 0 0 -1 1 1 0 0 -1 -1 s16-s234+2*s56+mt2 
0 0 0 0 0 0 0 0 0 0 0 0 1 0 

0
0 172
0 172
-1 0 1 1 -1 0 0 0 1 0 0 0 0 s12 
0 -1 1 1 -1 0 0 0 0 0 0 0 1 0 
0 0 0 1 0 0 0 0 0 0 0 0 0 0 
0 0 1 0 0 0 0 0 0 0 0 0 0 0 
0 0 0 0 1 0 0 0 0 0 0 0 0 0 
0 0 0 0 0 1 0 0 0 0 0 0 0 0 
0 0 0 0 0 0 1 0 0 0 0 0 0 0 
0 0 0 0 0 0 0 1 0 0 0 0 0 0 
0 0 0 0 0 0 0 0 1 0 0 0 0 0 
0 0 1 1 -2 1 0 0 1 -1 0 0 0 -2*s123+3*s12 
0 0 1 1 -1 -1 1 0 1 0 -1 0 0 2*s123+s12+s34-2*s56 
0 0 1 1 -1 0 -1 1 1 0 0 -1 0 s345+s12-s34+2*s56+mt2 
0 0 0 0 0 0 0 0 0 0 0 0 1 0 

0
0 181
0 181
0 0 1 0 0 0 0 0 0 0 0 0 0 0 
1 -1 1 0 0 0 0 0 0 0 0 0 0 -s12 
1 0 0 0 0 0 0 0 0 0 0 0 0 0 
1 0 1 -1 1 0 0 0 1 0 0 0 0 -s12 
0 0 0 0 1 0 0 0 0 0 0 0 0 0 
0 0 0 0 0 1 0 0 0 0 0 0 0 0 
0 0 0 0 0 0 1 0 0 0 0 0 0 0 
0 0 0 0 0 0 0 1 0 0 0 0 0 0 
0 0 0 0 0 0 0 0 1 0 0 0 0 0 
1 0 1 0 0 0 0 0 0 -1 0 0 0 -s123+s12 
1 0 1 0 0 0 0 0 0 0 -1 0 0 s123+s34-s56 
1 0 1 0 0 0 0 0 0 0 0 -1 0 s345-s34+s56+mt2 
0 0 0 0 0 0 0 0 0 0 0 0 1 0 

1
0 183
0 183
0 0 1 0 0 0 0 0 0 0 0 0 0 0 
0 1 0 0 0 0 0 0 0 0 0 0 0 0 
1 0 0 0 0 0 0 0 0 0 0 0 0 0 
0 0 0 1 0 0 0 0 0 0 0 0 0 0 
0 0 0 0 1 0 0 0 0 0 0 0 0 0 
0 0 0 0 0 1 0 0 0 0 0 0 0 0 
0 0 0 1 0 0 0 0 0 0 0 0 0 0 
0 0 0 0 0 0 0 1 0 0 0 0 0 0 
0 0 0 1 0 0 0 0 0 0 0 0 0 0 
0 0 0 1 0 0 0 0 0 0 0 0 0 0 
0 0 0 1 0 0 0 0 0 0 0 0 0 0 
0 0 0 1 0 0 0 0 0 0 0 0 0 0 
0 0 0 1 0 0 0 0 0 0 0 0 0 0 

0
0 185
0 185
0 0 0 1 0 0 0 0 0 0 0 0 0 0 
1 -1 0 1 0 0 0 0 -1 0 0 0 1 0 
1 0 -1 1 1 0 0 0 -1 0 0 0 0 s12 
1 0 0 0 0 0 0 0 0 0 0 0 0 0 
0 0 0 0 1 0 0 0 0 0 0 0 0 0 
0 0 0 0 0 1 0 0 0 0 0 0 0 0 
0 0 0 0 0 0 1 0 0 0 0 0 0 0 
0 0 0 0 0 0 0 1 0 0 0 0 0 0 
0 0 0 0 0 0 0 0 1 0 0 0 0 0 
1 0 0 1 -1 1 0 0 0 -1 0 0 0 -s123+s12 
1 0 0 1 0 -1 1 0 0 0 -1 0 0 s123-s56 
1 0 0 1 0 0 -1 1 0 0 0 -1 0 s56+2*mt2 
0 0 0 0 0 0 0 0 0 0 0 0 1 0 

0
0 186
0 186
-1 1 0 1 0 0 0 0 1 0 0 0 -1 0 
0 0 0 1 0 0 0 0 0 0 0 0 0 0 
0 1 -1 1 1 0 0 0 0 0 0 0 -1 0 
0 1 0 0 0 0 0 0 0 0 0 0 0 0 
0 0 0 0 1 0 0 0 0 0 0 0 0 0 
0 0 0 0 0 1 0 0 0 0 0 0 0 0 
0 0 0 0 0 0 1 0 0 0 0 0 0 0 
0 0 0 0 0 0 0 1 0 0 0 0 0 0 
0 0 0 0 0 0 0 0 1 0 0 0 0 0 
0 1 0 1 -1 1 0 0 1 -1 0 0 -1 s23-2*s123+2*s12 
0 1 0 1 0 -1 1 0 1 0 -1 0 -1 -s23+2*s123+s234-2*s56 
0 1 0 1 0 0 -1 1 1 0 0 -1 -1 s16-s234+2*s56+mt2 
0 0 0 0 0 0 0 0 0 0 0 0 1 0 

0
0 188
0 188
-1 0 1 1 -1 0 0 0 1 0 0 0 0 s12 
0 -1 1 1 -1 0 0 0 0 0 0 0 1 0 
0 0 0 1 0 0 0 0 0 0 0 0 0 0 
0 0 1 0 0 0 0 0 0 0 0 0 0 0 
0 0 0 0 1 0 0 0 0 0 0 0 0 0 
0 0 0 0 0 1 0 0 0 0 0 0 0 0 
0 0 0 0 0 0 1 0 0 0 0 0 0 0 
0 0 0 0 0 0 0 1 0 0 0 0 0 0 
0 0 0 0 0 0 0 0 1 0 0 0 0 0 
0 0 1 1 -2 1 0 0 1 -1 0 0 0 -2*s123+3*s12 
0 0 1 1 -1 -1 1 0 1 0 -1 0 0 2*s123+s12+s34-2*s56 
0 0 1 1 -1 0 -1 1 1 0 0 -1 0 s345+s12-s34+2*s56+mt2 
0 0 0 0 0 0 0 0 0 0 0 0 1 0 

0
0 201
0 201
0 0 0 1 0 0 0 0 0 0 0 0 0 0 
1 -1 0 1 0 0 0 0 -1 0 0 0 1 0 
1 0 -1 1 1 0 0 0 -1 0 0 0 0 s12 
1 0 0 0 0 0 0 0 0 0 0 0 0 0 
0 0 0 0 1 0 0 0 0 0 0 0 0 0 
0 0 0 0 0 1 0 0 0 0 0 0 0 0 
0 0 0 0 0 0 1 0 0 0 0 0 0 0 
0 0 0 0 0 0 0 1 0 0 0 0 0 0 
0 0 0 0 0 0 0 0 1 0 0 0 0 0 
1 0 0 1 -1 1 0 0 0 -1 0 0 0 -s123+s12 
1 0 0 1 0 -1 1 0 0 0 -1 0 0 s123-s56 
1 0 0 1 0 0 -1 1 0 0 0 -1 0 s56+2*mt2 
0 0 0 0 0 0 0 0 0 0 0 0 1 0 

0
0 202
0 202
-1 1 0 1 0 0 0 0 1 0 0 0 -1 0 
0 0 0 1 0 0 0 0 0 0 0 0 0 0 
0 1 -1 1 1 0 0 0 0 0 0 0 -1 0 
0 1 0 0 0 0 0 0 0 0 0 0 0 0 
0 0 0 0 1 0 0 0 0 0 0 0 0 0 
0 0 0 0 0 1 0 0 0 0 0 0 0 0 
0 0 0 0 0 0 1 0 0 0 0 0 0 0 
0 0 0 0 0 0 0 1 0 0 0 0 0 0 
0 0 0 0 0 0 0 0 1 0 0 0 0 0 
0 1 0 1 -1 1 0 0 1 -1 0 0 -1 s23-2*s123+2*s12 
0 1 0 1 0 -1 1 0 1 0 -1 0 -1 -s23+2*s123+s234-2*s56 
0 1 0 1 0 0 -1 1 1 0 0 -1 -1 s16-s234+2*s56+mt2 
0 0 0 0 0 0 0 0 0 0 0 0 1 0 

0
0 204
0 204
-1 0 1 1 -1 0 0 0 1 0 0 0 0 s12 
0 -1 1 1 -1 0 0 0 0 0 0 0 1 0 
0 0 0 1 0 0 0 0 0 0 0 0 0 0 
0 0 1 0 0 0 0 0 0 0 0 0 0 0 
0 0 0 0 1 0 0 0 0 0 0 0 0 0 
0 0 0 0 0 1 0 0 0 0 0 0 0 0 
0 0 0 0 0 0 1 0 0 0 0 0 0 0 
0 0 0 0 0 0 0 1 0 0 0 0 0 0 
0 0 0 0 0 0 0 0 1 0 0 0 0 0 
0 0 1 1 -2 1 0 0 1 -1 0 0 0 -2*s123+3*s12 
0 0 1 1 -1 -1 1 0 1 0 -1 0 0 2*s123+s12+s34-2*s56 
0 0 1 1 -1 0 -1 1 1 0 0 -1 0 s345+s12-s34+2*s56+mt2 
0 0 0 0 0 0 0 0 0 0 0 0 1 0 

0
0 213
0 213
0 0 1 0 0 0 0 0 0 0 0 0 0 0 
1 -1 1 0 0 0 0 0 0 0 0 0 0 -s12 
1 0 0 0 0 0 0 0 0 0 0 0 0 0 
1 0 1 -1 1 0 0 0 1 0 0 0 0 -s12 
0 0 0 0 1 0 0 0 0 0 0 0 0 0 
0 0 0 0 0 1 0 0 0 0 0 0 0 0 
0 0 0 0 0 0 1 0 0 0 0 0 0 0 
0 0 0 0 0 0 0 1 0 0 0 0 0 0 
0 0 0 0 0 0 0 0 1 0 0 0 0 0 
1 0 1 0 0 0 0 0 0 -1 0 0 0 -s123+s12 
1 0 1 0 0 0 0 0 0 0 -1 0 0 s123+s34-s56 
1 0 1 0 0 0 0 0 0 0 0 -1 0 s345-s34+s56+mt2 
0 0 0 0 0 0 0 0 0 0 0 0 1 0 

1
0 215
0 215
0 0 1 0 0 0 0 0 0 0 0 0 0 0 
0 1 0 0 0 0 0 0 0 0 0 0 0 0 
1 0 0 0 0 0 0 0 0 0 0 0 0 0 
0 0 0 1 0 0 0 0 0 0 0 0 0 0 
0 0 0 0 1 0 0 0 0 0 0 0 0 0 
0 0 0 1 0 0 0 0 0 0 0 0 0 0 
0 0 0 0 0 0 1 0 0 0 0 0 0 0 
0 0 0 0 0 0 0 1 0 0 0 0 0 0 
0 0 0 1 0 0 0 0 0 0 0 0 0 0 
0 0 0 1 0 0 0 0 0 0 0 0 0 0 
0 0 0 1 0 0 0 0 0 0 0 0 0 0 
0 0 0 1 0 0 0 0 0 0 0 0 0 0 
0 0 0 1 0 0 0 0 0 0 0 0 0 0 

0
0 217
0 217
0 0 0 1 0 0 0 0 0 0 0 0 0 0 
1 -1 0 1 0 0 0 0 -1 0 0 0 1 0 
1 0 -1 1 1 0 0 0 -1 0 0 0 0 s12 
1 0 0 0 0 0 0 0 0 0 0 0 0 0 
0 0 0 0 1 0 0 0 0 0 0 0 0 0 
0 0 0 0 0 1 0 0 0 0 0 0 0 0 
0 0 0 0 0 0 1 0 0 0 0 0 0 0 
0 0 0 0 0 0 0 1 0 0 0 0 0 0 
0 0 0 0 0 0 0 0 1 0 0 0 0 0 
1 0 0 1 -1 1 0 0 0 -1 0 0 0 -s123+s12 
1 0 0 1 0 -1 1 0 0 0 -1 0 0 s123-s56 
1 0 0 1 0 0 -1 1 0 0 0 -1 0 s56+2*mt2 
0 0 0 0 0 0 0 0 0 0 0 0 1 0 

0
0 218
0 218
-1 1 0 1 0 0 0 0 1 0 0 0 -1 0 
0 0 0 1 0 0 0 0 0 0 0 0 0 0 
0 1 -1 1 1 0 0 0 0 0 0 0 -1 0 
0 1 0 0 0 0 0 0 0 0 0 0 0 0 
0 0 0 0 1 0 0 0 0 0 0 0 0 0 
0 0 0 0 0 1 0 0 0 0 0 0 0 0 
0 0 0 0 0 0 1 0 0 0 0 0 0 0 
0 0 0 0 0 0 0 1 0 0 0 0 0 0 
0 0 0 0 0 0 0 0 1 0 0 0 0 0 
0 1 0 1 -1 1 0 0 1 -1 0 0 -1 s23-2*s123+2*s12 
0 1 0 1 0 -1 1 0 1 0 -1 0 -1 -s23+2*s123+s234-2*s56 
0 1 0 1 0 0 -1 1 1 0 0 -1 -1 s16-s234+2*s56+mt2 
0 0 0 0 0 0 0 0 0 0 0 0 1 0 

0
0 220
0 220
-1 0 1 1 -1 0 0 0 1 0 0 0 0 s12 
0 -1 1 1 -1 0 0 0 0 0 0 0 1 0 
0 0 0 1 0 0 0 0 0 0 0 0 0 0 
0 0 1 0 0 0 0 0 0 0 0 0 0 0 
0 0 0 0 1 0 0 0 0 0 0 0 0 0 
0 0 0 0 0 1 0 0 0 0 0 0 0 0 
0 0 0 0 0 0 1 0 0 0 0 0 0 0 
0 0 0 0 0 0 0 1 0 0 0 0 0 0 
0 0 0 0 0 0 0 0 1 0 0 0 0 0 
0 0 1 1 -2 1 0 0 1 -1 0 0 0 -2*s123+3*s12 
0 0 1 1 -1 -1 1 0 1 0 -1 0 0 2*s123+s12+s34-2*s56 
0 0 1 1 -1 0 -1 1 1 0 0 -1 0 s345+s12-s34+2*s56+mt2 
0 0 0 0 0 0 0 0 0 0 0 0 1 0 

0
0 229
0 229
0 0 1 0 0 0 0 0 0 0 0 0 0 0 
1 -1 1 0 0 0 0 0 0 0 0 0 0 -s12 
1 0 0 0 0 0 0 0 0 0 0 0 0 0 
1 0 1 -1 1 0 0 0 1 0 0 0 0 -s12 
0 0 0 0 1 0 0 0 0 0 0 0 0 0 
0 0 0 0 0 1 0 0 0 0 0 0 0 0 
0 0 0 0 0 0 1 0 0 0 0 0 0 0 
0 0 0 0 0 0 0 1 0 0 0 0 0 0 
0 0 0 0 0 0 0 0 1 0 0 0 0 0 
1 0 1 0 0 0 0 0 0 -1 0 0 0 -s123+s12 
1 0 1 0 0 0 0 0 0 0 -1 0 0 s123+s34-s56 
1 0 1 0 0 0 0 0 0 0 0 -1 0 s345-s34+s56+mt2 
0 0 0 0 0 0 0 0 0 0 0 0 1 0 

1
0 231
0 231
0 0 1 0 0 0 0 0 0 0 0 0 0 0 
0 1 0 0 0 0 0 0 0 0 0 0 0 0 
1 0 0 0 0 0 0 0 0 0 0 0 0 0 
0 0 0 1 0 0 0 0 0 0 0 0 0 0 
0 0 0 1 0 0 0 0 0 0 0 0 0 0 
0 0 0 0 0 1 0 0 0 0 0 0 0 0 
0 0 0 0 0 0 1 0 0 0 0 0 0 0 
0 0 0 0 0 0 0 1 0 0 0 0 0 0 
0 0 0 1 0 0 0 0 0 0 0 0 0 0 
0 0 0 1 0 0 0 0 0 0 0 0 0 0 
0 0 0 1 0 0 0 0 0 0 0 0 0 0 
0 0 0 1 0 0 0 0 0 0 0 0 0 0 
0 0 0 1 0 0 0 0 0 0 0 0 0 0 

0
0 233
0 233
0 0 0 1 0 0 0 0 0 0 0 0 0 0 
1 -1 0 1 0 0 0 0 -1 0 0 0 1 0 
1 0 -1 1 1 0 0 0 -1 0 0 0 0 s12 
1 0 0 0 0 0 0 0 0 0 0 0 0 0 
0 0 0 0 1 0 0 0 0 0 0 0 0 0 
0 0 0 0 0 1 0 0 0 0 0 0 0 0 
0 0 0 0 0 0 1 0 0 0 0 0 0 0 
0 0 0 0 0 0 0 1 0 0 0 0 0 0 
0 0 0 0 0 0 0 0 1 0 0 0 0 0 
1 0 0 1 -1 1 0 0 0 -1 0 0 0 -s123+s12 
1 0 0 1 0 -1 1 0 0 0 -1 0 0 s123-s56 
1 0 0 1 0 0 -1 1 0 0 0 -1 0 s56+2*mt2 
0 0 0 0 0 0 0 0 0 0 0 0 1 0 

0
0 234
0 234
-1 1 0 1 0 0 0 0 1 0 0 0 -1 0 
0 0 0 1 0 0 0 0 0 0 0 0 0 0 
0 1 -1 1 1 0 0 0 0 0 0 0 -1 0 
0 1 0 0 0 0 0 0 0 0 0 0 0 0 
0 0 0 0 1 0 0 0 0 0 0 0 0 0 
0 0 0 0 0 1 0 0 0 0 0 0 0 0 
0 0 0 0 0 0 1 0 0 0 0 0 0 0 
0 0 0 0 0 0 0 1 0 0 0 0 0 0 
0 0 0 0 0 0 0 0 1 0 0 0 0 0 
0 1 0 1 -1 1 0 0 1 -1 0 0 -1 s23-2*s123+2*s12 
0 1 0 1 0 -1 1 0 1 0 -1 0 -1 -s23+2*s123+s234-2*s56 
0 1 0 1 0 0 -1 1 1 0 0 -1 -1 s16-s234+2*s56+mt2 
0 0 0 0 0 0 0 0 0 0 0 0 1 0 

0
0 236
0 236
-1 0 1 1 -1 0 0 0 1 0 0 0 0 s12 
0 -1 1 1 -1 0 0 0 0 0 0 0 1 0 
0 0 0 1 0 0 0 0 0 0 0 0 0 0 
0 0 1 0 0 0 0 0 0 0 0 0 0 0 
0 0 0 0 1 0 0 0 0 0 0 0 0 0 
0 0 0 0 0 1 0 0 0 0 0 0 0 0 
0 0 0 0 0 0 1 0 0 0 0 0 0 0 
0 0 0 0 0 0 0 1 0 0 0 0 0 0 
0 0 0 0 0 0 0 0 1 0 0 0 0 0 
0 0 1 1 -2 1 0 0 1 -1 0 0 0 -2*s123+3*s12 
0 0 1 1 -1 -1 1 0 1 0 -1 0 0 2*s123+s12+s34-2*s56 
0 0 1 1 -1 0 -1 1 1 0 0 -1 0 s345+s12-s34+2*s56+mt2 
0 0 0 0 0 0 0 0 0 0 0 0 1 0 

0
0 245
0 245
0 0 1 0 0 0 0 0 0 0 0 0 0 0 
1 -1 1 0 0 0 0 0 0 0 0 0 0 -s12 
1 0 0 0 0 0 0 0 0 0 0 0 0 0 
1 0 1 -1 1 0 0 0 1 0 0 0 0 -s12 
0 0 0 0 1 0 0 0 0 0 0 0 0 0 
0 0 0 0 0 1 0 0 0 0 0 0 0 0 
0 0 0 0 0 0 1 0 0 0 0 0 0 0 
0 0 0 0 0 0 0 1 0 0 0 0 0 0 
0 0 0 0 0 0 0 0 1 0 0 0 0 0 
1 0 1 0 0 0 0 0 0 -1 0 0 0 -s123+s12 
1 0 1 0 0 0 0 0 0 0 -1 0 0 s123+s34-s56 
1 0 1 0 0 0 0 0 0 0 0 -1 0 s345-s34+s56+mt2 
0 0 0 0 0 0 0 0 0 0 0 0 1 0 

1
0 247
0 247
0 0 1 0 0 0 0 0 0 0 0 0 0 0 
0 1 0 0 0 0 0 0 0 0 0 0 0 0 
1 0 0 0 0 0 0 0 0 0 0 0 0 0 
0 0 0 1 0 0 0 0 0 0 0 0 0 0 
0 0 0 0 1 0 0 0 0 0 0 0 0 0 
0 0 0 0 0 1 0 0 0 0 0 0 0 0 
0 0 0 0 0 0 1 0 0 0 0 0 0 0 
0 0 0 0 0 0 0 1 0 0 0 0 0 0 
0 0 0 1 0 0 0 0 0 0 0 0 0 0 
0 0 0 1 0 0 0 0 0 0 0 0 0 0 
0 0 0 1 0 0 0 0 0 0 0 0 0 0 
0 0 0 1 0 0 0 0 0 0 0 0 0 0 
0 0 0 1 0 0 0 0 0 0 0 0 0 0 

0
0 249
0 249
0 0 0 1 0 0 0 0 0 0 0 0 0 0 
1 -1 0 1 0 0 0 0 -1 0 0 0 1 0 
1 0 -1 1 1 0 0 0 -1 0 0 0 0 s12 
1 0 0 0 0 0 0 0 0 0 0 0 0 0 
0 0 0 0 1 0 0 0 0 0 0 0 0 0 
0 0 0 0 0 1 0 0 0 0 0 0 0 0 
0 0 0 0 0 0 1 0 0 0 0 0 0 0 
0 0 0 0 0 0 0 1 0 0 0 0 0 0 
0 0 0 0 0 0 0 0 1 0 0 0 0 0 
1 0 0 1 -1 1 0 0 0 -1 0 0 0 -s123+s12 
1 0 0 1 0 -1 1 0 0 0 -1 0 0 s123-s56 
1 0 0 1 0 0 -1 1 0 0 0 -1 0 s56+2*mt2 
0 0 0 0 0 0 0 0 0 0 0 0 1 0 

0
0 250
0 250
-1 1 0 1 0 0 0 0 1 0 0 0 -1 0 
0 0 0 1 0 0 0 0 0 0 0 0 0 0 
0 1 -1 1 1 0 0 0 0 0 0 0 -1 0 
0 1 0 0 0 0 0 0 0 0 0 0 0 0 
0 0 0 0 1 0 0 0 0 0 0 0 0 0 
0 0 0 0 0 1 0 0 0 0 0 0 0 0 
0 0 0 0 0 0 1 0 0 0 0 0 0 0 
0 0 0 0 0 0 0 1 0 0 0 0 0 0 
0 0 0 0 0 0 0 0 1 0 0 0 0 0 
0 1 0 1 -1 1 0 0 1 -1 0 0 -1 s23-2*s123+2*s12 
0 1 0 1 0 -1 1 0 1 0 -1 0 -1 -s23+2*s123+s234-2*s56 
0 1 0 1 0 0 -1 1 1 0 0 -1 -1 s16-s234+2*s56+mt2 
0 0 0 0 0 0 0 0 0 0 0 0 1 0 

0
0 252
0 252
-1 0 1 1 -1 0 0 0 1 0 0 0 0 s12 
0 -1 1 1 -1 0 0 0 0 0 0 0 1 0 
0 0 0 1 0 0 0 0 0 0 0 0 0 0 
0 0 1 0 0 0 0 0 0 0 0 0 0 0 
0 0 0 0 1 0 0 0 0 0 0 0 0 0 
0 0 0 0 0 1 0 0 0 0 0 0 0 0 
0 0 0 0 0 0 1 0 0 0 0 0 0 0 
0 0 0 0 0 0 0 1 0 0 0 0 0 0 
0 0 0 0 0 0 0 0 1 0 0 0 0 0 
0 0 1 1 -2 1 0 0 1 -1 0 0 0 -2*s123+3*s12 
0 0 1 1 -1 -1 1 0 1 0 -1 0 0 2*s123+s12+s34-2*s56 
0 0 1 1 -1 0 -1 1 1 0 0 -1 0 s345+s12-s34+2*s56+mt2 
0 0 0 0 0 0 0 0 0 0 0 0 1 0 

0
0 268
0 268
1 0 0 0 0 0 0 0 0 0 0 0 0 0 
0 1 0 0 0 0 0 0 0 0 0 0 0 0 
0 0 1 0 0 0 0 0 0 0 0 0 0 0 
0 0 0 0 0 0 0 0 1 0 0 0 0 0 
-1 0 1 1 -1 0 0 0 1 0 0 0 0 s12 
-2 0 1 1 0 -1 0 0 1 1 0 0 0 2*s123-s12 
-3 0 1 1 0 0 -1 0 1 1 1 0 0 -s12+2*s56 
-4 0 1 1 0 0 0 -1 1 1 1 1 0 -s12-mt2 
0 0 0 1 0 0 0 0 0 0 0 0 0 0 
0 0 0 0 0 0 0 0 0 1 0 0 0 0 
0 0 0 0 0 0 0 0 0 0 1 0 0 0 
0 0 0 0 0 0 0 0 0 0 0 1 0 0 
-1 1 0 1 0 0 0 0 1 0 0 0 -1 0 

0
0 268
0 268
-1 0 1 1 -1 0 0 0 1 0 0 0 0 s12 
0 -1 1 1 -1 0 0 0 0 0 0 0 1 0 
0 0 0 1 0 0 0 0 0 0 0 0 0 0 
0 0 1 0 0 0 0 0 0 0 0 0 0 0 
0 0 0 0 1 0 0 0 0 0 0 0 0 0 
0 0 0 0 0 1 0 0 0 0 0 0 0 0 
0 0 0 0 0 0 1 0 0 0 0 0 0 0 
0 0 0 0 0 0 0 1 0 0 0 0 0 0 
0 0 0 0 0 0 0 0 1 0 0 0 0 0 
0 0 1 1 -2 1 0 0 1 -1 0 0 0 -2*s123+3*s12 
0 0 1 1 -1 -1 1 0 1 0 -1 0 0 2*s123+s12+s34-2*s56 
0 0 1 1 -1 0 -1 1 1 0 0 -1 0 s345+s12-s34+2*s56+mt2 
0 0 0 0 0 0 0 0 0 0 0 0 1 0 

0
0 268
0 268
-1 0 1 1 -1 0 0 0 1 0 0 0 0 s12 
0 -1 1 1 -1 0 0 0 0 0 0 0 1 0 
0 0 0 1 0 0 0 0 0 0 0 0 0 0 
0 0 0 0 0 0 0 0 1 0 0 0 0 0 
1 0 0 0 0 0 0 0 0 0 0 0 0 0 
2 0 0 0 0 0 0 0 0 -1 0 0 0 0 
3 0 0 0 0 0 0 0 0 -1 -1 0 0 s34 
4 0 0 0 0 0 0 0 0 -1 -1 -1 0 s345 
0 0 1 0 0 0 0 0 0 0 0 0 0 0 
0 0 1 1 -2 1 0 0 1 -1 0 0 0 -2*s123+3*s12 
0 0 1 1 -1 -1 1 0 1 0 -1 0 0 2*s123+s12+s34-2*s56 
0 0 1 1 -1 0 -1 1 1 0 0 -1 0 s345+s12-s34+2*s56+mt2 
1 -1 1 0 0 0 0 0 0 0 0 0 0 -s12 

0
0 268
0 268
0 0 0 0 1 0 0 0 0 0 0 0 0 0 
0 0 0 0 1 0 0 0 1 0 0 0 -1 -s12 
0 0 0 0 0 0 0 0 1 0 0 0 0 0 
0 0 0 1 0 0 0 0 0 0 0 0 0 0 
1 0 0 0 0 0 0 0 0 0 0 0 0 0 
2 0 0 0 0 0 0 0 0 -1 0 0 0 0 
3 0 0 0 0 0 0 0 0 -1 -1 0 0 s34 
4 0 0 0 0 0 0 0 0 -1 -1 -1 0 s345 
0 0 1 0 0 0 0 0 0 0 0 0 0 0 
0 0 0 0 2 -1 0 0 0 0 0 0 0 0 
0 0 0 0 1 1 -1 0 0 0 0 0 0 s34 
0 0 0 0 1 0 1 -1 0 0 0 0 0 s345-s34 
1 -1 1 0 0 0 0 0 0 0 0 0 0 -s12 

0
0 268
0 268
0 0 0 0 1 0 0 0 0 0 0 0 0 0 
0 0 0 0 1 0 0 0 1 0 0 0 -1 -s12 
0 0 0 0 0 0 0 0 1 0 0 0 0 0 
0 0 1 0 0 0 0 0 0 0 0 0 0 0 
-1 0 1 1 -1 0 0 0 1 0 0 0 0 s12 
-2 0 1 1 0 -1 0 0 1 1 0 0 0 2*s123-s12 
-3 0 1 1 0 0 -1 0 1 1 1 0 0 -s12+2*s56 
-4 0 1 1 0 0 0 -1 1 1 1 1 0 -s12-mt2 
0 0 0 1 0 0 0 0 0 0 0 0 0 0 
0 0 0 0 2 -1 0 0 0 0 0 0 0 0 
0 0 0 0 1 1 -1 0 0 0 0 0 0 s34 
0 0 0 0 1 0 1 -1 0 0 0 0 0 s345-s34 
-1 1 0 1 0 0 0 0 1 0 0 0 -1 0 

0
0 269
0 269
1 0 0 0 0 0 0 0 0 0 0 0 0 0 
0 1 0 0 0 0 0 0 0 0 0 0 0 0 
0 0 1 0 0 0 0 0 0 0 0 0 0 0 
0 0 0 0 0 0 0 0 1 0 0 0 0 0 
-1 0 1 1 -1 0 0 0 1 0 0 0 0 s12 
-2 0 1 1 0 -1 0 0 1 1 0 0 0 2*s123-s12 
-3 0 1 1 0 0 -1 0 1 1 1 0 0 -s12+2*s56 
-4 0 1 1 0 0 0 -1 1 1 1 1 0 -s12-mt2 
0 0 0 1 0 0 0 0 0 0 0 0 0 0 
0 0 0 0 0 0 0 0 0 1 0 0 0 0 
0 0 0 0 0 0 0 0 0 0 1 0 0 0 
0 0 0 0 0 0 0 0 0 0 0 1 0 0 
-1 1 0 1 0 0 0 0 1 0 0 0 -1 0 

0
0 270
0 270
1 0 0 0 0 0 0 0 0 0 0 0 0 0 
0 1 0 0 0 0 0 0 0 0 0 0 0 0 
0 0 1 0 0 0 0 0 0 0 0 0 0 0 
0 0 0 0 0 0 0 0 1 0 0 0 0 0 
-1 0 1 1 -1 0 0 0 1 0 0 0 0 s12 
-2 0 1 1 0 -1 0 0 1 1 0 0 0 2*s123-s12 
-3 0 1 1 0 0 -1 0 1 1 1 0 0 -s12+2*s56 
-4 0 1 1 0 0 0 -1 1 1 1 1 0 -s12-mt2 
0 0 0 1 0 0 0 0 0 0 0 0 0 0 
0 0 0 0 0 0 0 0 0 1 0 0 0 0 
0 0 0 0 0 0 0 0 0 0 1 0 0 0 
0 0 0 0 0 0 0 0 0 0 0 1 0 0 
-1 1 0 1 0 0 0 0 1 0 0 0 -1 0 

0
0 271
0 271
1 0 0 0 0 0 0 0 0 0 0 0 0 0 
0 1 0 0 0 0 0 0 0 0 0 0 0 0 
0 0 1 0 0 0 0 0 0 0 0 0 0 0 
0 0 0 0 0 0 0 0 1 0 0 0 0 0 
-1 0 1 1 -1 0 0 0 1 0 0 0 0 s12 
-2 0 1 1 0 -1 0 0 1 1 0 0 0 2*s123-s12 
-3 0 1 1 0 0 -1 0 1 1 1 0 0 -s12+2*s56 
-4 0 1 1 0 0 0 -1 1 1 1 1 0 -s12-mt2 
0 0 0 1 0 0 0 0 0 0 0 0 0 0 
0 0 0 0 0 0 0 0 0 1 0 0 0 0 
0 0 0 0 0 0 0 0 0 0 1 0 0 0 
0 0 0 0 0 0 0 0 0 0 0 1 0 0 
-1 1 0 1 0 0 0 0 1 0 0 0 -1 0 

0
0 277
0 277
1 0 0 0 0 0 0 0 0 0 0 0 0 0 
0 1 0 0 0 0 0 0 0 0 0 0 0 0 
0 0 1 0 0 0 0 0 0 0 0 0 0 0 
1 0 1 -1 1 0 0 0 1 0 0 0 0 -s12 
0 0 0 0 0 0 0 0 1 0 0 0 0 0 
0 0 0 0 1 -1 0 0 1 0 0 0 0 s123-s12 
0 0 0 0 1 0 -1 0 1 0 0 0 0 -s12+s34+s56 
0 0 0 0 1 0 0 -1 1 0 0 0 0 s345-s12-mt2 
0 0 0 0 1 0 0 0 0 0 0 0 0 0 
0 0 0 0 0 0 0 0 0 1 0 0 0 0 
0 0 0 0 0 0 0 0 0 0 1 0 0 0 
0 0 0 0 0 0 0 0 0 0 0 1 0 0 
0 0 0 0 1 0 0 0 1 0 0 0 -1 -s12 

0
0 277
0 277
0 0 1 0 0 0 0 0 0 0 0 0 0 0 
1 -1 1 0 0 0 0 0 0 0 0 0 0 -s12 
1 0 0 0 0 0 0 0 0 0 0 0 0 0 
1 0 1 -1 1 0 0 0 1 0 0 0 0 -s12 
0 0 0 0 1 0 0 0 0 0 0 0 0 0 
0 0 0 0 0 1 0 0 0 0 0 0 0 0 
0 0 0 0 0 0 1 0 0 0 0 0 0 0 
0 0 0 0 0 0 0 1 0 0 0 0 0 0 
0 0 0 0 0 0 0 0 1 0 0 0 0 0 
1 0 1 0 0 0 0 0 0 -1 0 0 0 -s123+s12 
1 0 1 0 0 0 0 0 0 0 -1 0 0 s123+s34-s56 
1 0 1 0 0 0 0 0 0 0 0 -1 0 s345-s34+s56+mt2 
0 0 0 0 0 0 0 0 0 0 0 0 1 0 

0
0 277
0 277
0 0 1 0 0 0 0 0 0 0 0 0 0 0 
1 -1 1 0 0 0 0 0 0 0 0 0 0 -s12 
1 0 0 0 0 0 0 0 0 0 0 0 0 0 
0 0 0 1 0 0 0 0 0 0 0 0 0 0 
0 0 0 0 0 0 0 0 1 0 0 0 0 0 
0 0 0 0 1 -1 0 0 1 0 0 0 0 s123-s12 
0 0 0 0 1 0 -1 0 1 0 0 0 0 -s12+s34+s56 
0 0 0 0 1 0 0 -1 1 0 0 0 0 s345-s12-mt2 
0 0 0 0 1 0 0 0 0 0 0 0 0 0 
1 0 1 0 0 0 0 0 0 -1 0 0 0 -s123+s12 
1 0 1 0 0 0 0 0 0 0 -1 0 0 s123+s34-s56 
1 0 1 0 0 0 0 0 0 0 0 -1 0 s345-s34+s56+mt2 
0 0 0 0 1 0 0 0 1 0 0 0 -1 -s12 

0
0 277
0 277
0 0 0 0 1 0 0 0 0 0 0 0 0 0 
0 0 0 0 1 0 0 0 1 0 0 0 -1 -s12 
0 0 0 0 0 0 0 0 1 0 0 0 0 0 
0 0 0 1 0 0 0 0 0 0 0 0 0 0 
1 0 0 0 0 0 0 0 0 0 0 0 0 0 
2 0 0 0 0 0 0 0 0 -1 0 0 0 0 
3 0 0 0 0 0 0 0 0 -1 -1 0 0 s34 
4 0 0 0 0 0 0 0 0 -1 -1 -1 0 s345 
0 0 1 0 0 0 0 0 0 0 0 0 0 0 
0 0 0 0 2 -1 0 0 0 0 0 0 0 0 
0 0 0 0 1 1 -1 0 0 0 0 0 0 s34 
0 0 0 0 1 0 1 -1 0 0 0 0 0 s345-s34 
1 -1 1 0 0 0 0 0 0 0 0 0 0 -s12 

0
0 277
0 277
0 0 0 0 1 0 0 0 0 0 0 0 0 0 
0 0 0 0 1 0 0 0 1 0 0 0 -1 -s12 
0 0 0 0 0 0 0 0 1 0 0 0 0 0 
1 0 1 -1 1 0 0 0 1 0 0 0 0 -s12 
0 0 1 0 0 0 0 0 0 0 0 0 0 0 
-1 0 1 0 0 0 0 0 0 1 0 0 0 s123-s12 
-2 0 1 0 0 0 0 0 0 1 1 0 0 -s12+s56 
-3 0 1 0 0 0 0 0 0 1 1 1 0 -s12-mt2 
1 0 0 0 0 0 0 0 0 0 0 0 0 0 
0 0 0 0 2 -1 0 0 0 0 0 0 0 0 
0 0 0 0 1 1 -1 0 0 0 0 0 0 s34 
0 0 0 0 1 0 1 -1 0 0 0 0 0 s345-s34 
0 1 0 0 0 0 0 0 0 0 0 0 0 0 

0
0 277
0 277
0 0 0 0 0 0 0 0 1 0 0 0 0 0 
0 0 0 0 0 0 0 0 0 0 0 0 1 0 
0 0 0 0 1 0 0 0 0 0 0 0 0 0 
0 0 0 1 0 0 0 0 0 0 0 0 0 0 
0 0 1 0 0 0 0 0 0 0 0 0 0 0 
-1 0 1 0 0 0 0 0 0 1 0 0 0 s123-s12 
-2 0 1 0 0 0 0 0 0 1 1 0 0 -s12+s56 
-3 0 1 0 0 0 0 0 0 1 1 1 0 -s12-mt2 
1 0 0 0 0 0 0 0 0 0 0 0 0 0 
0 0 0 0 -1 1 0 0 1 0 0 0 0 -s123+s12 
0 0 0 0 0 -1 1 0 1 0 0 0 0 s123-s56 
0 0 0 0 0 0 -1 1 1 0 0 0 0 s56+mt2 
0 1 0 0 0 0 0 0 0 0 0 0 0 0 

0
0 277
0 277
0 0 0 0 0 0 0 0 1 0 0 0 0 0 
0 0 0 0 0 0 0 0 0 0 0 0 1 0 
0 0 0 0 1 0 0 0 0 0 0 0 0 0 
1 0 1 -1 1 0 0 0 1 0 0 0 0 -s12 
1 0 0 0 0 0 0 0 0 0 0 0 0 0 
2 0 0 0 0 0 0 0 0 -1 0 0 0 0 
3 0 0 0 0 0 0 0 0 -1 -1 0 0 s34 
4 0 0 0 0 0 0 0 0 -1 -1 -1 0 s345 
0 0 1 0 0 0 0 0 0 0 0 0 0 0 
0 0 0 0 -1 1 0 0 1 0 0 0 0 -s123+s12 
0 0 0 0 0 -1 1 0 1 0 0 0 0 s123-s56 
0 0 0 0 0 0 -1 1 1 0 0 0 0 s56+mt2 
1 -1 1 0 0 0 0 0 0 0 0 0 0 -s12 

0
0 279
0 279
1 0 0 0 0 0 0 0 0 0 0 0 0 0 
0 1 0 0 0 0 0 0 0 0 0 0 0 0 
0 0 1 0 0 0 0 0 0 0 0 0 0 0 
1 0 1 -1 1 0 0 0 1 0 0 0 0 -s12 
0 0 0 0 0 0 0 0 1 0 0 0 0 0 
0 0 0 0 1 -1 0 0 1 0 0 0 0 s123-s12 
0 0 0 0 1 0 -1 0 1 0 0 0 0 -s12+s34+s56 
0 0 0 0 1 0 0 -1 1 0 0 0 0 s345-s12-mt2 
0 0 0 0 1 0 0 0 0 0 0 0 0 0 
0 0 0 0 0 0 0 0 0 1 0 0 0 0 
0 0 0 0 0 0 0 0 0 0 1 0 0 0 
0 0 0 0 0 0 0 0 0 0 0 1 0 0 
0 0 0 0 1 0 0 0 1 0 0 0 -1 -s12 

1
0 279
0 279
0 0 1 0 0 0 0 0 0 0 0 0 0 0 
0 1 0 0 0 0 0 0 0 0 0 0 0 0 
1 0 0 0 0 0 0 0 0 0 0 0 0 0 
0 0 0 1 0 0 0 0 0 0 0 0 0 0 
0 0 0 0 1 0 0 0 0 0 0 0 0 0 
0 0 0 1 0 0 0 0 0 0 0 0 0 0 
0 0 0 1 0 0 0 0 0 0 0 0 0 0 
0 0 0 1 0 0 0 0 0 0 0 0 0 0 
0 0 0 0 0 0 0 0 1 0 0 0 0 0 
0 0 0 1 0 0 0 0 0 0 0 0 0 0 
0 0 0 1 0 0 0 0 0 0 0 0 0 0 
0 0 0 1 0 0 0 0 0 0 0 0 0 0 
0 0 0 1 0 0 0 0 0 0 0 0 0 0 

1
0 279
0 279
0 0 1 0 0 0 0 0 0 0 0 0 0 0 
0 1 0 0 0 0 0 0 0 0 0 0 0 0 
1 0 0 0 0 0 0 0 0 0 0 0 0 0 
0 0 0 1 0 0 0 0 0 0 0 0 0 0 
0 0 0 0 0 0 0 0 1 0 0 0 0 0 
0 0 0 1 0 0 0 0 0 0 0 0 0 0 
0 0 0 1 0 0 0 0 0 0 0 0 0 0 
0 0 0 1 0 0 0 0 0 0 0 0 0 0 
0 0 0 0 1 0 0 0 0 0 0 0 0 0 
0 0 0 1 0 0 0 0 0 0 0 0 0 0 
0 0 0 1 0 0 0 0 0 0 0 0 0 0 
0 0 0 1 0 0 0 0 0 0 0 0 0 0 
0 0 0 1 0 0 0 0 0 0 0 0 0 0 

0
0 282
0 282
-1 1 0 1 0 0 0 0 1 0 0 0 -1 0 
0 0 0 1 0 0 0 0 0 0 0 0 0 0 
0 1 -1 1 1 0 0 0 0 0 0 0 -1 0 
0 1 0 0 0 0 0 0 0 0 0 0 0 0 
0 0 0 0 1 0 0 0 0 0 0 0 0 0 
0 0 0 0 0 1 0 0 0 0 0 0 0 0 
0 0 0 0 0 0 1 0 0 0 0 0 0 0 
0 0 0 0 0 0 0 1 0 0 0 0 0 0 
0 0 0 0 0 0 0 0 1 0 0 0 0 0 
0 1 0 1 -1 1 0 0 1 -1 0 0 -1 s23-2*s123+2*s12 
0 1 0 1 0 -1 1 0 1 0 -1 0 -1 -s23+2*s123+s234-2*s56 
0 1 0 1 0 0 -1 1 1 0 0 -1 -1 s16-s234+2*s56+mt2 
0 0 0 0 0 0 0 0 0 0 0 0 1 0 

1
0 282
0 282
1 0 0 0 0 0 0 0 0 0 0 0 0 0 
0 1 0 0 0 0 0 0 0 0 0 0 0 0 
1 0 0 0 0 0 0 0 0 0 0 0 0 0 
0 0 0 1 0 0 0 0 0 0 0 0 0 0 
0 0 0 0 0 0 0 0 1 0 0 0 0 0 
1 0 0 0 0 0 0 0 0 0 0 0 0 0 
1 0 0 0 0 0 0 0 0 0 0 0 0 0 
1 0 0 0 0 0 0 0 0 0 0 0 0 0 
0 0 0 0 1 0 0 0 0 0 0 0 0 0 
1 0 0 0 0 0 0 0 0 0 0 0 0 0 
1 0 0 0 0 0 0 0 0 0 0 0 0 0 
1 0 0 0 0 0 0 0 0 0 0 0 0 0 
1 0 0 0 0 0 0 0 0 0 0 0 0 0 

1
0 282
0 282
1 0 0 0 0 0 0 0 0 0 0 0 0 0 
0 0 0 1 0 0 0 0 0 0 0 0 0 0 
1 0 0 0 0 0 0 0 0 0 0 0 0 0 
0 1 0 0 0 0 0 0 0 0 0 0 0 0 
0 0 0 0 0 0 0 0 1 0 0 0 0 0 
1 0 0 0 0 0 0 0 0 0 0 0 0 0 
1 0 0 0 0 0 0 0 0 0 0 0 0 0 
1 0 0 0 0 0 0 0 0 0 0 0 0 0 
0 0 0 0 1 0 0 0 0 0 0 0 0 0 
1 0 0 0 0 0 0 0 0 0 0 0 0 0 
1 0 0 0 0 0 0 0 0 0 0 0 0 0 
1 0 0 0 0 0 0 0 0 0 0 0 0 0 
1 0 0 0 0 0 0 0 0 0 0 0 0 0 

0
0 285
0 285
0 0 1 0 0 0 0 0 0 0 0 0 0 0 
1 -1 1 0 0 0 0 0 0 0 0 0 0 -s12 
1 0 0 0 0 0 0 0 0 0 0 0 0 0 
0 0 0 1 0 0 0 0 0 0 0 0 0 0 
0 0 0 0 0 0 0 0 1 0 0 0 0 0 
0 0 0 0 1 -1 0 0 1 0 0 0 0 s123-s12 
0 0 0 0 1 0 -1 0 1 0 0 0 0 -s12+s34+s56 
0 0 0 0 1 0 0 -1 1 0 0 0 0 s345-s12-mt2 
0 0 0 0 1 0 0 0 0 0 0 0 0 0 
1 0 1 0 0 0 0 0 0 -1 0 0 0 -s123+s12 
1 0 1 0 0 0 0 0 0 0 -1 0 0 s123+s34-s56 
1 0 1 0 0 0 0 0 0 0 0 -1 0 s345-s34+s56+mt2 
0 0 0 0 1 0 0 0 1 0 0 0 -1 -s12 

0
0 285
0 285
0 0 0 0 0 0 0 0 1 0 0 0 0 0 
0 0 0 0 0 0 0 0 0 0 0 0 1 0 
0 0 0 0 1 0 0 0 0 0 0 0 0 0 
0 0 0 1 0 0 0 0 0 0 0 0 0 0 
0 0 1 0 0 0 0 0 0 0 0 0 0 0 
-1 0 1 0 0 0 0 0 0 1 0 0 0 s123-s12 
-2 0 1 0 0 0 0 0 0 1 1 0 0 -s12+s56 
-3 0 1 0 0 0 0 0 0 1 1 1 0 -s12-mt2 
1 0 0 0 0 0 0 0 0 0 0 0 0 0 
0 0 0 0 -1 1 0 0 1 0 0 0 0 -s123+s12 
0 0 0 0 0 -1 1 0 1 0 0 0 0 s123-s56 
0 0 0 0 0 0 -1 1 1 0 0 0 0 s56+mt2 
0 1 0 0 0 0 0 0 0 0 0 0 0 0 

0
0 285
0 285
0 0 0 0 1 0 0 0 0 0 0 0 0 0 
0 0 0 0 1 0 0 0 1 0 0 0 -1 -s12 
0 0 0 0 0 0 0 0 1 0 0 0 0 0 
0 0 0 1 0 0 0 0 0 0 0 0 0 0 
1 0 0 0 0 0 0 0 0 0 0 0 0 0 
2 0 0 0 0 0 0 0 0 -1 0 0 0 0 
3 0 0 0 0 0 0 0 0 -1 -1 0 0 s34 
4 0 0 0 0 0 0 0 0 -1 -1 -1 0 s345 
0 0 1 0 0 0 0 0 0 0 0 0 0 0 
0 0 0 0 2 -1 0 0 0 0 0 0 0 0 
0 0 0 0 1 1 -1 0 0 0 0 0 0 s34 
0 0 0 0 1 0 1 -1 0 0 0 0 0 s345-s34 
1 -1 1 0 0 0 0 0 0 0 0 0 0 -s12 

1
0 287
0 287
0 0 1 0 0 0 0 0 0 0 0 0 0 0 
0 1 0 0 0 0 0 0 0 0 0 0 0 0 
1 0 0 0 0 0 0 0 0 0 0 0 0 0 
0 0 0 1 0 0 0 0 0 0 0 0 0 0 
0 0 0 0 0 0 0 0 1 0 0 0 0 0 
0 0 0 0 0 1 0 0 0 0 0 0 0 0 
0 0 0 0 0 1 0 0 0 0 0 0 0 0 
0 0 0 0 0 1 0 0 0 0 0 0 0 0 
0 0 0 0 1 0 0 0 0 0 0 0 0 0 
0 0 0 0 0 1 0 0 0 0 0 0 0 0 
0 0 0 0 0 1 0 0 0 0 0 0 0 0 
0 0 0 0 0 1 0 0 0 0 0 0 0 0 
0 0 0 0 0 1 0 0 0 0 0 0 0 0 

0
0 293
0 293
0 0 1 0 0 0 0 0 0 0 0 0 0 0 
1 -1 1 0 0 0 0 0 0 0 0 0 0 -s12 
1 0 0 0 0 0 0 0 0 0 0 0 0 0 
1 0 1 -1 1 0 0 0 1 0 0 0 0 -s12 
0 0 0 0 1 0 0 0 0 0 0 0 0 0 
0 0 0 0 0 1 0 0 0 0 0 0 0 0 
0 0 0 0 0 0 1 0 0 0 0 0 0 0 
0 0 0 0 0 0 0 1 0 0 0 0 0 0 
0 0 0 0 0 0 0 0 1 0 0 0 0 0 
1 0 1 0 0 0 0 0 0 -1 0 0 0 -s123+s12 
1 0 1 0 0 0 0 0 0 0 -1 0 0 s123+s34-s56 
1 0 1 0 0 0 0 0 0 0 0 -1 0 s345-s34+s56+mt2 
0 0 0 0 0 0 0 0 0 0 0 0 1 0 

0
0 293
0 293
0 0 1 0 0 0 0 0 0 0 0 0 0 0 
1 -1 1 0 0 0 0 0 0 0 0 0 0 -s12 
1 0 0 0 0 0 0 0 0 0 0 0 0 0 
1 0 0 1 -1 1 0 0 0 -1 0 0 0 -s123+s12 
0 0 0 0 -1 1 0 0 1 0 0 0 0 -s123+s12 
0 0 0 0 0 0 0 0 1 0 0 0 0 0 
0 0 0 0 0 1 -1 0 1 0 0 0 0 -s123+s56 
0 0 0 0 0 1 0 -1 1 0 0 0 0 -s123+s45-mt2 
0 0 0 0 0 1 0 0 0 0 0 0 0 0 
1 0 1 0 0 0 0 0 0 -1 0 0 0 -s123+s12 
1 0 1 0 0 0 0 0 0 0 -1 0 0 s123+s34-s56 
1 0 1 0 0 0 0 0 0 0 0 -1 0 s345-s34+s56+mt2 
0 0 0 0 0 1 0 0 1 0 0 0 -1 s23-s123 

0
0 293
0 293
1 0 0 0 0 0 0 0 0 0 0 0 0 0 
0 1 0 0 0 0 0 0 0 0 0 0 0 0 
0 0 1 0 0 0 0 0 0 0 0 0 0 0 
0 0 1 -1 0 1 0 0 1 1 0 0 0 -s12 
0 0 0 0 -1 1 0 0 1 0 0 0 0 -s123+s12 
0 0 0 0 0 0 0 0 1 0 0 0 0 0 
0 0 0 0 0 1 -1 0 1 0 0 0 0 -s123+s56 
0 0 0 0 0 1 0 -1 1 0 0 0 0 -s123+s45-mt2 
0 0 0 0 0 1 0 0 0 0 0 0 0 0 
0 0 0 0 0 0 0 0 0 1 0 0 0 0 
0 0 0 0 0 0 0 0 0 0 1 0 0 0 
0 0 0 0 0 0 0 0 0 0 0 1 0 0 
0 0 0 0 0 1 0 0 1 0 0 0 -1 s23-s123 

0
0 295
0 295
1 0 0 0 0 0 0 0 0 0 0 0 0 0 
0 1 0 0 0 0 0 0 0 0 0 0 0 0 
0 0 1 0 0 0 0 0 0 0 0 0 0 0 
0 0 1 -1 0 1 0 0 1 1 0 0 0 -s12 
0 0 0 0 -1 1 0 0 1 0 0 0 0 -s123+s12 
0 0 0 0 0 0 0 0 1 0 0 0 0 0 
0 0 0 0 0 1 -1 0 1 0 0 0 0 -s123+s56 
0 0 0 0 0 1 0 -1 1 0 0 0 0 -s123+s45-mt2 
0 0 0 0 0 1 0 0 0 0 0 0 0 0 
0 0 0 0 0 0 0 0 0 1 0 0 0 0 
0 0 0 0 0 0 0 0 0 0 1 0 0 0 
0 0 0 0 0 0 0 0 0 0 0 1 0 0 
0 0 0 0 0 1 0 0 1 0 0 0 -1 s23-s123 

1
0 295
0 295
0 0 1 0 0 0 0 0 0 0 0 0 0 0 
0 1 0 0 0 0 0 0 0 0 0 0 0 0 
1 0 0 0 0 0 0 0 0 0 0 0 0 0 
0 0 0 1 0 0 0 0 0 0 0 0 0 0 
0 0 0 1 0 0 0 0 0 0 0 0 0 0 
0 0 0 0 0 1 0 0 0 0 0 0 0 0 
0 0 0 1 0 0 0 0 0 0 0 0 0 0 
0 0 0 1 0 0 0 0 0 0 0 0 0 0 
0 0 0 0 0 0 0 0 1 0 0 0 0 0 
0 0 0 1 0 0 0 0 0 0 0 0 0 0 
0 0 0 1 0 0 0 0 0 0 0 0 0 0 
0 0 0 1 0 0 0 0 0 0 0 0 0 0 
0 0 0 1 0 0 0 0 0 0 0 0 0 0 

1
0 295
0 295
0 0 1 0 0 0 0 0 0 0 0 0 0 0 
0 1 0 0 0 0 0 0 0 0 0 0 0 0 
1 0 0 0 0 0 0 0 0 0 0 0 0 0 
0 0 0 1 0 0 0 0 0 0 0 0 0 0 
0 0 0 1 0 0 0 0 0 0 0 0 0 0 
0 0 0 0 0 0 0 0 1 0 0 0 0 0 
0 0 0 1 0 0 0 0 0 0 0 0 0 0 
0 0 0 1 0 0 0 0 0 0 0 0 0 0 
0 0 0 0 0 1 0 0 0 0 0 0 0 0 
0 0 0 1 0 0 0 0 0 0 0 0 0 0 
0 0 0 1 0 0 0 0 0 0 0 0 0 0 
0 0 0 1 0 0 0 0 0 0 0 0 0 0 
0 0 0 1 0 0 0 0 0 0 0 0 0 0 

0
0 297
0 297
0 0 0 1 0 0 0 0 0 0 0 0 0 0 
1 -1 0 1 0 0 0 0 -1 0 0 0 1 0 
1 0 -1 1 1 0 0 0 -1 0 0 0 0 s12 
1 0 0 0 0 0 0 0 0 0 0 0 0 0 
0 0 0 0 1 0 0 0 0 0 0 0 0 0 
0 0 0 0 0 1 0 0 0 0 0 0 0 0 
0 0 0 0 0 0 1 0 0 0 0 0 0 0 
0 0 0 0 0 0 0 1 0 0 0 0 0 0 
0 0 0 0 0 0 0 0 1 0 0 0 0 0 
1 0 0 1 -1 1 0 0 0 -1 0 0 0 -s123+s12 
1 0 0 1 0 -1 1 0 0 0 -1 0 0 s123-s56 
1 0 0 1 0 0 -1 1 0 0 0 -1 0 s56+2*mt2 
0 0 0 0 0 0 0 0 0 0 0 0 1 0 

0
0 298
0 298
-1 1 0 1 0 0 0 0 1 0 0 0 -1 0 
0 0 0 1 0 0 0 0 0 0 0 0 0 0 
0 1 -1 1 1 0 0 0 0 0 0 0 -1 0 
0 1 0 0 0 0 0 0 0 0 0 0 0 0 
0 0 0 0 1 0 0 0 0 0 0 0 0 0 
0 0 0 0 0 1 0 0 0 0 0 0 0 0 
0 0 0 0 0 0 1 0 0 0 0 0 0 0 
0 0 0 0 0 0 0 1 0 0 0 0 0 0 
0 0 0 0 0 0 0 0 1 0 0 0 0 0 
0 1 0 1 -1 1 0 0 1 -1 0 0 -1 s23-2*s123+2*s12 
0 1 0 1 0 -1 1 0 1 0 -1 0 -1 -s23+2*s123+s234-2*s56 
0 1 0 1 0 0 -1 1 1 0 0 -1 -1 s16-s234+2*s56+mt2 
0 0 0 0 0 0 0 0 0 0 0 0 1 0 

0
0 300
0 300
-1 0 1 1 -1 0 0 0 1 0 0 0 0 s12 
0 -1 1 1 -1 0 0 0 0 0 0 0 1 0 
0 0 0 1 0 0 0 0 0 0 0 0 0 0 
0 0 1 0 0 0 0 0 0 0 0 0 0 0 
0 0 0 0 1 0 0 0 0 0 0 0 0 0 
0 0 0 0 0 1 0 0 0 0 0 0 0 0 
0 0 0 0 0 0 1 0 0 0 0 0 0 0 
0 0 0 0 0 0 0 1 0 0 0 0 0 0 
0 0 0 0 0 0 0 0 1 0 0 0 0 0 
0 0 1 1 -2 1 0 0 1 -1 0 0 0 -2*s123+3*s12 
0 0 1 1 -1 -1 1 0 1 0 -1 0 0 2*s123+s12+s34-2*s56 
0 0 1 1 -1 0 -1 1 1 0 0 -1 0 s345+s12-s34+2*s56+mt2 
0 0 0 0 0 0 0 0 0 0 0 0 1 0 

0
0 309
0 309
0 0 1 0 0 0 0 0 0 0 0 0 0 0 
1 -1 1 0 0 0 0 0 0 0 0 0 0 -s12 
1 0 0 0 0 0 0 0 0 0 0 0 0 0 
1 0 1 -1 1 0 0 0 1 0 0 0 0 -s12 
0 0 0 0 1 0 0 0 0 0 0 0 0 0 
0 0 0 0 0 1 0 0 0 0 0 0 0 0 
0 0 0 0 0 0 1 0 0 0 0 0 0 0 
0 0 0 0 0 0 0 1 0 0 0 0 0 0 
0 0 0 0 0 0 0 0 1 0 0 0 0 0 
1 0 1 0 0 0 0 0 0 -1 0 0 0 -s123+s12 
1 0 1 0 0 0 0 0 0 0 -1 0 0 s123+s34-s56 
1 0 1 0 0 0 0 0 0 0 0 -1 0 s345-s34+s56+mt2 
0 0 0 0 0 0 0 0 0 0 0 0 1 0 

1
0 311
0 311
0 0 1 0 0 0 0 0 0 0 0 0 0 0 
0 1 0 0 0 0 0 0 0 0 0 0 0 0 
1 0 0 0 0 0 0 0 0 0 0 0 0 0 
0 0 0 1 0 0 0 0 0 0 0 0 0 0 
0 0 0 0 1 0 0 0 0 0 0 0 0 0 
0 0 0 0 0 1 0 0 0 0 0 0 0 0 
0 0 0 1 0 0 0 0 0 0 0 0 0 0 
0 0 0 1 0 0 0 0 0 0 0 0 0 0 
0 0 0 0 0 0 0 0 1 0 0 0 0 0 
0 0 0 1 0 0 0 0 0 0 0 0 0 0 
0 0 0 1 0 0 0 0 0 0 0 0 0 0 
0 0 0 1 0 0 0 0 0 0 0 0 0 0 
0 0 0 1 0 0 0 0 0 0 0 0 0 0 

0
0 313
0 313
0 0 0 1 0 0 0 0 0 0 0 0 0 0 
1 -1 0 1 0 0 0 0 -1 0 0 0 1 0 
1 0 -1 1 1 0 0 0 -1 0 0 0 0 s12 
1 0 0 0 0 0 0 0 0 0 0 0 0 0 
0 0 0 0 1 0 0 0 0 0 0 0 0 0 
0 0 0 0 0 1 0 0 0 0 0 0 0 0 
0 0 0 0 0 0 1 0 0 0 0 0 0 0 
0 0 0 0 0 0 0 1 0 0 0 0 0 0 
0 0 0 0 0 0 0 0 1 0 0 0 0 0 
1 0 0 1 -1 1 0 0 0 -1 0 0 0 -s123+s12 
1 0 0 1 0 -1 1 0 0 0 -1 0 0 s123-s56 
1 0 0 1 0 0 -1 1 0 0 0 -1 0 s56+2*mt2 
0 0 0 0 0 0 0 0 0 0 0 0 1 0 

0
0 314
0 314
-1 1 0 1 0 0 0 0 1 0 0 0 -1 0 
0 0 0 1 0 0 0 0 0 0 0 0 0 0 
0 1 -1 1 1 0 0 0 0 0 0 0 -1 0 
0 1 0 0 0 0 0 0 0 0 0 0 0 0 
0 0 0 0 1 0 0 0 0 0 0 0 0 0 
0 0 0 0 0 1 0 0 0 0 0 0 0 0 
0 0 0 0 0 0 1 0 0 0 0 0 0 0 
0 0 0 0 0 0 0 1 0 0 0 0 0 0 
0 0 0 0 0 0 0 0 1 0 0 0 0 0 
0 1 0 1 -1 1 0 0 1 -1 0 0 -1 s23-2*s123+2*s12 
0 1 0 1 0 -1 1 0 1 0 -1 0 -1 -s23+2*s123+s234-2*s56 
0 1 0 1 0 0 -1 1 1 0 0 -1 -1 s16-s234+2*s56+mt2 
0 0 0 0 0 0 0 0 0 0 0 0 1 0 

0
0 316
0 316
-1 0 1 1 -1 0 0 0 1 0 0 0 0 s12 
0 -1 1 1 -1 0 0 0 0 0 0 0 1 0 
0 0 0 1 0 0 0 0 0 0 0 0 0 0 
0 0 1 0 0 0 0 0 0 0 0 0 0 0 
0 0 0 0 1 0 0 0 0 0 0 0 0 0 
0 0 0 0 0 1 0 0 0 0 0 0 0 0 
0 0 0 0 0 0 1 0 0 0 0 0 0 0 
0 0 0 0 0 0 0 1 0 0 0 0 0 0 
0 0 0 0 0 0 0 0 1 0 0 0 0 0 
0 0 1 1 -2 1 0 0 1 -1 0 0 0 -2*s123+3*s12 
0 0 1 1 -1 -1 1 0 1 0 -1 0 0 2*s123+s12+s34-2*s56 
0 0 1 1 -1 0 -1 1 1 0 0 -1 0 s345+s12-s34+2*s56+mt2 
0 0 0 0 0 0 0 0 0 0 0 0 1 0 

0
0 325
0 325
1 0 0 0 0 0 0 0 0 0 0 0 0 0 
0 1 0 0 0 0 0 0 0 0 0 0 0 0 
0 0 1 0 0 0 0 0 0 0 0 0 0 0 
-1 0 1 -1 0 0 1 0 1 1 1 0 0 -s12 
0 0 0 0 -1 0 1 0 1 0 0 0 0 s12+s34-s56 
0 0 0 0 0 -1 1 0 1 0 0 0 0 s123-s56 
0 0 0 0 0 0 0 0 1 0 0 0 0 0 
0 0 0 0 0 0 1 -1 1 0 0 0 0 -s56 
0 0 0 0 0 0 1 0 0 0 0 0 0 0 
0 0 0 0 0 0 0 0 0 1 0 0 0 0 
0 0 0 0 0 0 0 0 0 0 1 0 0 0 
0 0 0 0 0 0 0 0 0 0 0 1 0 0 
0 0 0 0 0 0 1 0 1 0 0 0 -1 s234-s56 

0
0 325
0 325
0 0 1 0 0 0 0 0 0 0 0 0 0 0 
1 -1 1 0 0 0 0 0 0 0 0 0 0 -s12 
1 0 0 0 0 0 0 0 0 0 0 0 0 0 
1 0 1 -1 1 0 0 0 1 0 0 0 0 -s12 
0 0 0 0 1 0 0 0 0 0 0 0 0 0 
0 0 0 0 0 1 0 0 0 0 0 0 0 0 
0 0 0 0 0 0 1 0 0 0 0 0 0 0 
0 0 0 0 0 0 0 1 0 0 0 0 0 0 
0 0 0 0 0 0 0 0 1 0 0 0 0 0 
1 0 1 0 0 0 0 0 0 -1 0 0 0 -s123+s12 
1 0 1 0 0 0 0 0 0 0 -1 0 0 s123+s34-s56 
1 0 1 0 0 0 0 0 0 0 0 -1 0 s345-s34+s56+mt2 
0 0 0 0 0 0 0 0 0 0 0 0 1 0 

0
0 325
0 325
0 0 1 0 0 0 0 0 0 0 0 0 0 0 
1 -1 1 0 0 0 0 0 0 0 0 0 0 -s12 
1 0 0 0 0 0 0 0 0 0 0 0 0 0 
2 0 0 1 -1 0 1 0 0 -1 -1 0 0 s12+s34-s56 
0 0 0 0 -1 0 1 0 1 0 0 0 0 s12+s34-s56 
0 0 0 0 0 -1 1 0 1 0 0 0 0 s123-s56 
0 0 0 0 0 0 0 0 1 0 0 0 0 0 
0 0 0 0 0 0 1 -1 1 0 0 0 0 -s56 
0 0 0 0 0 0 1 0 0 0 0 0 0 0 
1 0 1 0 0 0 0 0 0 -1 0 0 0 -s123+s12 
1 0 1 0 0 0 0 0 0 0 -1 0 0 s123+s34-s56 
1 0 1 0 0 0 0 0 0 0 0 -1 0 s345-s34+s56+mt2 
0 0 0 0 0 0 1 0 1 0 0 0 -1 s234-s56 

0
0 327
0 327
1 0 0 0 0 0 0 0 0 0 0 0 0 0 
0 1 0 0 0 0 0 0 0 0 0 0 0 0 
0 0 1 0 0 0 0 0 0 0 0 0 0 0 
-1 0 1 -1 0 0 1 0 1 1 1 0 0 -s12 
0 0 0 0 -1 0 1 0 1 0 0 0 0 s12+s34-s56 
0 0 0 0 0 -1 1 0 1 0 0 0 0 s123-s56 
0 0 0 0 0 0 0 0 1 0 0 0 0 0 
0 0 0 0 0 0 1 -1 1 0 0 0 0 -s56 
0 0 0 0 0 0 1 0 0 0 0 0 0 0 
0 0 0 0 0 0 0 0 0 1 0 0 0 0 
0 0 0 0 0 0 0 0 0 0 1 0 0 0 
0 0 0 0 0 0 0 0 0 0 0 1 0 0 
0 0 0 0 0 0 1 0 1 0 0 0 -1 s234-s56 

1
0 327
0 327
0 0 1 0 0 0 0 0 0 0 0 0 0 0 
0 1 0 0 0 0 0 0 0 0 0 0 0 0 
1 0 0 0 0 0 0 0 0 0 0 0 0 0 
0 0 0 1 0 0 0 0 0 0 0 0 0 0 
0 0 0 1 0 0 0 0 0 0 0 0 0 0 
0 0 0 1 0 0 0 0 0 0 0 0 0 0 
0 0 0 0 0 0 1 0 0 0 0 0 0 0 
0 0 0 1 0 0 0 0 0 0 0 0 0 0 
0 0 0 0 0 0 0 0 1 0 0 0 0 0 
0 0 0 1 0 0 0 0 0 0 0 0 0 0 
0 0 0 1 0 0 0 0 0 0 0 0 0 0 
0 0 0 1 0 0 0 0 0 0 0 0 0 0 
0 0 0 1 0 0 0 0 0 0 0 0 0 0 

1
0 327
0 327
0 0 1 0 0 0 0 0 0 0 0 0 0 0 
0 1 0 0 0 0 0 0 0 0 0 0 0 0 
1 0 0 0 0 0 0 0 0 0 0 0 0 0 
0 0 0 1 0 0 0 0 0 0 0 0 0 0 
0 0 0 1 0 0 0 0 0 0 0 0 0 0 
0 0 0 1 0 0 0 0 0 0 0 0 0 0 
0 0 0 0 0 0 0 0 1 0 0 0 0 0 
0 0 0 1 0 0 0 0 0 0 0 0 0 0 
0 0 0 0 0 0 1 0 0 0 0 0 0 0 
0 0 0 1 0 0 0 0 0 0 0 0 0 0 
0 0 0 1 0 0 0 0 0 0 0 0 0 0 
0 0 0 1 0 0 0 0 0 0 0 0 0 0 
0 0 0 1 0 0 0 0 0 0 0 0 0 0 

0
0 329
0 329
0 0 0 1 0 0 0 0 0 0 0 0 0 0 
1 -1 0 1 0 0 0 0 -1 0 0 0 1 0 
1 0 -1 1 1 0 0 0 -1 0 0 0 0 s12 
1 0 0 0 0 0 0 0 0 0 0 0 0 0 
0 0 0 0 1 0 0 0 0 0 0 0 0 0 
0 0 0 0 0 1 0 0 0 0 0 0 0 0 
0 0 0 0 0 0 1 0 0 0 0 0 0 0 
0 0 0 0 0 0 0 1 0 0 0 0 0 0 
0 0 0 0 0 0 0 0 1 0 0 0 0 0 
1 0 0 1 -1 1 0 0 0 -1 0 0 0 -s123+s12 
1 0 0 1 0 -1 1 0 0 0 -1 0 0 s123-s56 
1 0 0 1 0 0 -1 1 0 0 0 -1 0 s56+2*mt2 
0 0 0 0 0 0 0 0 0 0 0 0 1 0 

0
0 330
0 330
-1 1 0 1 0 0 0 0 1 0 0 0 -1 0 
0 0 0 1 0 0 0 0 0 0 0 0 0 0 
0 1 -1 1 1 0 0 0 0 0 0 0 -1 0 
0 1 0 0 0 0 0 0 0 0 0 0 0 0 
0 0 0 0 1 0 0 0 0 0 0 0 0 0 
0 0 0 0 0 1 0 0 0 0 0 0 0 0 
0 0 0 0 0 0 1 0 0 0 0 0 0 0 
0 0 0 0 0 0 0 1 0 0 0 0 0 0 
0 0 0 0 0 0 0 0 1 0 0 0 0 0 
0 1 0 1 -1 1 0 0 1 -1 0 0 -1 s23-2*s123+2*s12 
0 1 0 1 0 -1 1 0 1 0 -1 0 -1 -s23+2*s123+s234-2*s56 
0 1 0 1 0 0 -1 1 1 0 0 -1 -1 s16-s234+2*s56+mt2 
0 0 0 0 0 0 0 0 0 0 0 0 1 0 

0
0 332
0 332
-1 0 1 1 -1 0 0 0 1 0 0 0 0 s12 
0 -1 1 1 -1 0 0 0 0 0 0 0 1 0 
0 0 0 1 0 0 0 0 0 0 0 0 0 0 
0 0 1 0 0 0 0 0 0 0 0 0 0 0 
0 0 0 0 1 0 0 0 0 0 0 0 0 0 
0 0 0 0 0 1 0 0 0 0 0 0 0 0 
0 0 0 0 0 0 1 0 0 0 0 0 0 0 
0 0 0 0 0 0 0 1 0 0 0 0 0 0 
0 0 0 0 0 0 0 0 1 0 0 0 0 0 
0 0 1 1 -2 1 0 0 1 -1 0 0 0 -2*s123+3*s12 
0 0 1 1 -1 -1 1 0 1 0 -1 0 0 2*s123+s12+s34-2*s56 
0 0 1 1 -1 0 -1 1 1 0 0 -1 0 s345+s12-s34+2*s56+mt2 
0 0 0 0 0 0 0 0 0 0 0 0 1 0 

0
0 341
0 341
0 0 1 0 0 0 0 0 0 0 0 0 0 0 
1 -1 1 0 0 0 0 0 0 0 0 0 0 -s12 
1 0 0 0 0 0 0 0 0 0 0 0 0 0 
1 0 1 -1 1 0 0 0 1 0 0 0 0 -s12 
0 0 0 0 1 0 0 0 0 0 0 0 0 0 
0 0 0 0 0 1 0 0 0 0 0 0 0 0 
0 0 0 0 0 0 1 0 0 0 0 0 0 0 
0 0 0 0 0 0 0 1 0 0 0 0 0 0 
0 0 0 0 0 0 0 0 1 0 0 0 0 0 
1 0 1 0 0 0 0 0 0 -1 0 0 0 -s123+s12 
1 0 1 0 0 0 0 0 0 0 -1 0 0 s123+s34-s56 
1 0 1 0 0 0 0 0 0 0 0 -1 0 s345-s34+s56+mt2 
0 0 0 0 0 0 0 0 0 0 0 0 1 0 

1
0 343
0 343
0 0 1 0 0 0 0 0 0 0 0 0 0 0 
0 1 0 0 0 0 0 0 0 0 0 0 0 0 
1 0 0 0 0 0 0 0 0 0 0 0 0 0 
0 0 0 1 0 0 0 0 0 0 0 0 0 0 
0 0 0 0 1 0 0 0 0 0 0 0 0 0 
0 0 0 1 0 0 0 0 0 0 0 0 0 0 
0 0 0 0 0 0 1 0 0 0 0 0 0 0 
0 0 0 1 0 0 0 0 0 0 0 0 0 0 
0 0 0 0 0 0 0 0 1 0 0 0 0 0 
0 0 0 1 0 0 0 0 0 0 0 0 0 0 
0 0 0 1 0 0 0 0 0 0 0 0 0 0 
0 0 0 1 0 0 0 0 0 0 0 0 0 0 
0 0 0 1 0 0 0 0 0 0 0 0 0 0 

0
0 345
0 345
0 0 0 1 0 0 0 0 0 0 0 0 0 0 
1 -1 0 1 0 0 0 0 -1 0 0 0 1 0 
1 0 -1 1 1 0 0 0 -1 0 0 0 0 s12 
1 0 0 0 0 0 0 0 0 0 0 0 0 0 
0 0 0 0 1 0 0 0 0 0 0 0 0 0 
0 0 0 0 0 1 0 0 0 0 0 0 0 0 
0 0 0 0 0 0 1 0 0 0 0 0 0 0 
0 0 0 0 0 0 0 1 0 0 0 0 0 0 
0 0 0 0 0 0 0 0 1 0 0 0 0 0 
1 0 0 1 -1 1 0 0 0 -1 0 0 0 -s123+s12 
1 0 0 1 0 -1 1 0 0 0 -1 0 0 s123-s56 
1 0 0 1 0 0 -1 1 0 0 0 -1 0 s56+2*mt2 
0 0 0 0 0 0 0 0 0 0 0 0 1 0 

0
0 346
0 346
-1 1 0 1 0 0 0 0 1 0 0 0 -1 0 
0 0 0 1 0 0 0 0 0 0 0 0 0 0 
0 1 -1 1 1 0 0 0 0 0 0 0 -1 0 
0 1 0 0 0 0 0 0 0 0 0 0 0 0 
0 0 0 0 1 0 0 0 0 0 0 0 0 0 
0 0 0 0 0 1 0 0 0 0 0 0 0 0 
0 0 0 0 0 0 1 0 0 0 0 0 0 0 
0 0 0 0 0 0 0 1 0 0 0 0 0 0 
0 0 0 0 0 0 0 0 1 0 0 0 0 0 
0 1 0 1 -1 1 0 0 1 -1 0 0 -1 s23-2*s123+2*s12 
0 1 0 1 0 -1 1 0 1 0 -1 0 -1 -s23+2*s123+s234-2*s56 
0 1 0 1 0 0 -1 1 1 0 0 -1 -1 s16-s234+2*s56+mt2 
0 0 0 0 0 0 0 0 0 0 0 0 1 0 

0
0 348
0 348
-1 0 1 1 -1 0 0 0 1 0 0 0 0 s12 
0 -1 1 1 -1 0 0 0 0 0 0 0 1 0 
0 0 0 1 0 0 0 0 0 0 0 0 0 0 
0 0 1 0 0 0 0 0 0 0 0 0 0 0 
0 0 0 0 1 0 0 0 0 0 0 0 0 0 
0 0 0 0 0 1 0 0 0 0 0 0 0 0 
0 0 0 0 0 0 1 0 0 0 0 0 0 0 
0 0 0 0 0 0 0 1 0 0 0 0 0 0 
0 0 0 0 0 0 0 0 1 0 0 0 0 0 
0 0 1 1 -2 1 0 0 1 -1 0 0 0 -2*s123+3*s12 
0 0 1 1 -1 -1 1 0 1 0 -1 0 0 2*s123+s12+s34-2*s56 
0 0 1 1 -1 0 -1 1 1 0 0 -1 0 s345+s12-s34+2*s56+mt2 
0 0 0 0 0 0 0 0 0 0 0 0 1 0 

0
0 357
0 357
0 0 1 0 0 0 0 0 0 0 0 0 0 0 
1 -1 1 0 0 0 0 0 0 0 0 0 0 -s12 
1 0 0 0 0 0 0 0 0 0 0 0 0 0 
1 0 1 -1 1 0 0 0 1 0 0 0 0 -s12 
0 0 0 0 1 0 0 0 0 0 0 0 0 0 
0 0 0 0 0 1 0 0 0 0 0 0 0 0 
0 0 0 0 0 0 1 0 0 0 0 0 0 0 
0 0 0 0 0 0 0 1 0 0 0 0 0 0 
0 0 0 0 0 0 0 0 1 0 0 0 0 0 
1 0 1 0 0 0 0 0 0 -1 0 0 0 -s123+s12 
1 0 1 0 0 0 0 0 0 0 -1 0 0 s123+s34-s56 
1 0 1 0 0 0 0 0 0 0 0 -1 0 s345-s34+s56+mt2 
0 0 0 0 0 0 0 0 0 0 0 0 1 0 

1
0 359
0 359
0 0 1 0 0 0 0 0 0 0 0 0 0 0 
0 1 0 0 0 0 0 0 0 0 0 0 0 0 
1 0 0 0 0 0 0 0 0 0 0 0 0 0 
0 0 0 1 0 0 0 0 0 0 0 0 0 0 
0 0 0 1 0 0 0 0 0 0 0 0 0 0 
0 0 0 0 0 1 0 0 0 0 0 0 0 0 
0 0 0 0 0 0 1 0 0 0 0 0 0 0 
0 0 0 1 0 0 0 0 0 0 0 0 0 0 
0 0 0 0 0 0 0 0 1 0 0 0 0 0 
0 0 0 1 0 0 0 0 0 0 0 0 0 0 
0 0 0 1 0 0 0 0 0 0 0 0 0 0 
0 0 0 1 0 0 0 0 0 0 0 0 0 0 
0 0 0 1 0 0 0 0 0 0 0 0 0 0 

0
0 361
0 361
0 0 0 1 0 0 0 0 0 0 0 0 0 0 
1 -1 0 1 0 0 0 0 -1 0 0 0 1 0 
1 0 -1 1 1 0 0 0 -1 0 0 0 0 s12 
1 0 0 0 0 0 0 0 0 0 0 0 0 0 
0 0 0 0 1 0 0 0 0 0 0 0 0 0 
0 0 0 0 0 1 0 0 0 0 0 0 0 0 
0 0 0 0 0 0 1 0 0 0 0 0 0 0 
0 0 0 0 0 0 0 1 0 0 0 0 0 0 
0 0 0 0 0 0 0 0 1 0 0 0 0 0 
1 0 0 1 -1 1 0 0 0 -1 0 0 0 -s123+s12 
1 0 0 1 0 -1 1 0 0 0 -1 0 0 s123-s56 
1 0 0 1 0 0 -1 1 0 0 0 -1 0 s56+2*mt2 
0 0 0 0 0 0 0 0 0 0 0 0 1 0 

0
0 362
0 362
-1 1 0 1 0 0 0 0 1 0 0 0 -1 0 
0 0 0 1 0 0 0 0 0 0 0 0 0 0 
0 1 -1 1 1 0 0 0 0 0 0 0 -1 0 
0 1 0 0 0 0 0 0 0 0 0 0 0 0 
0 0 0 0 1 0 0 0 0 0 0 0 0 0 
0 0 0 0 0 1 0 0 0 0 0 0 0 0 
0 0 0 0 0 0 1 0 0 0 0 0 0 0 
0 0 0 0 0 0 0 1 0 0 0 0 0 0 
0 0 0 0 0 0 0 0 1 0 0 0 0 0 
0 1 0 1 -1 1 0 0 1 -1 0 0 -1 s23-2*s123+2*s12 
0 1 0 1 0 -1 1 0 1 0 -1 0 -1 -s23+2*s123+s234-2*s56 
0 1 0 1 0 0 -1 1 1 0 0 -1 -1 s16-s234+2*s56+mt2 
0 0 0 0 0 0 0 0 0 0 0 0 1 0 

0
0 364
0 364
-1 0 1 1 -1 0 0 0 1 0 0 0 0 s12 
0 -1 1 1 -1 0 0 0 0 0 0 0 1 0 
0 0 0 1 0 0 0 0 0 0 0 0 0 0 
0 0 1 0 0 0 0 0 0 0 0 0 0 0 
0 0 0 0 1 0 0 0 0 0 0 0 0 0 
0 0 0 0 0 1 0 0 0 0 0 0 0 0 
0 0 0 0 0 0 1 0 0 0 0 0 0 0 
0 0 0 0 0 0 0 1 0 0 0 0 0 0 
0 0 0 0 0 0 0 0 1 0 0 0 0 0 
0 0 1 1 -2 1 0 0 1 -1 0 0 0 -2*s123+3*s12 
0 0 1 1 -1 -1 1 0 1 0 -1 0 0 2*s123+s12+s34-2*s56 
0 0 1 1 -1 0 -1 1 1 0 0 -1 0 s345+s12-s34+2*s56+mt2 
0 0 0 0 0 0 0 0 0 0 0 0 1 0 

0
0 373
0 373
0 0 1 0 0 0 0 0 0 0 0 0 0 0 
1 -1 1 0 0 0 0 0 0 0 0 0 0 -s12 
1 0 0 0 0 0 0 0 0 0 0 0 0 0 
1 0 1 -1 1 0 0 0 1 0 0 0 0 -s12 
0 0 0 0 1 0 0 0 0 0 0 0 0 0 
0 0 0 0 0 1 0 0 0 0 0 0 0 0 
0 0 0 0 0 0 1 0 0 0 0 0 0 0 
0 0 0 0 0 0 0 1 0 0 0 0 0 0 
0 0 0 0 0 0 0 0 1 0 0 0 0 0 
1 0 1 0 0 0 0 0 0 -1 0 0 0 -s123+s12 
1 0 1 0 0 0 0 0 0 0 -1 0 0 s123+s34-s56 
1 0 1 0 0 0 0 0 0 0 0 -1 0 s345-s34+s56+mt2 
0 0 0 0 0 0 0 0 0 0 0 0 1 0 

1
0 375
0 375
0 0 1 0 0 0 0 0 0 0 0 0 0 0 
0 1 0 0 0 0 0 0 0 0 0 0 0 0 
1 0 0 0 0 0 0 0 0 0 0 0 0 0 
0 0 0 1 0 0 0 0 0 0 0 0 0 0 
0 0 0 0 1 0 0 0 0 0 0 0 0 0 
0 0 0 0 0 1 0 0 0 0 0 0 0 0 
0 0 0 0 0 0 1 0 0 0 0 0 0 0 
0 0 0 1 0 0 0 0 0 0 0 0 0 0 
0 0 0 0 0 0 0 0 1 0 0 0 0 0 
0 0 0 1 0 0 0 0 0 0 0 0 0 0 
0 0 0 1 0 0 0 0 0 0 0 0 0 0 
0 0 0 1 0 0 0 0 0 0 0 0 0 0 
0 0 0 1 0 0 0 0 0 0 0 0 0 0 

0
0 377
0 377
0 0 0 1 0 0 0 0 0 0 0 0 0 0 
1 -1 0 1 0 0 0 0 -1 0 0 0 1 0 
1 0 -1 1 1 0 0 0 -1 0 0 0 0 s12 
1 0 0 0 0 0 0 0 0 0 0 0 0 0 
0 0 0 0 1 0 0 0 0 0 0 0 0 0 
0 0 0 0 0 1 0 0 0 0 0 0 0 0 
0 0 0 0 0 0 1 0 0 0 0 0 0 0 
0 0 0 0 0 0 0 1 0 0 0 0 0 0 
0 0 0 0 0 0 0 0 1 0 0 0 0 0 
1 0 0 1 -1 1 0 0 0 -1 0 0 0 -s123+s12 
1 0 0 1 0 -1 1 0 0 0 -1 0 0 s123-s56 
1 0 0 1 0 0 -1 1 0 0 0 -1 0 s56+2*mt2 
0 0 0 0 0 0 0 0 0 0 0 0 1 0 

0
0 378
0 378
-1 1 0 1 0 0 0 0 1 0 0 0 -1 0 
0 0 0 1 0 0 0 0 0 0 0 0 0 0 
0 1 -1 1 1 0 0 0 0 0 0 0 -1 0 
0 1 0 0 0 0 0 0 0 0 0 0 0 0 
0 0 0 0 1 0 0 0 0 0 0 0 0 0 
0 0 0 0 0 1 0 0 0 0 0 0 0 0 
0 0 0 0 0 0 1 0 0 0 0 0 0 0 
0 0 0 0 0 0 0 1 0 0 0 0 0 0 
0 0 0 0 0 0 0 0 1 0 0 0 0 0 
0 1 0 1 -1 1 0 0 1 -1 0 0 -1 s23-2*s123+2*s12 
0 1 0 1 0 -1 1 0 1 0 -1 0 -1 -s23+2*s123+s234-2*s56 
0 1 0 1 0 0 -1 1 1 0 0 -1 -1 s16-s234+2*s56+mt2 
0 0 0 0 0 0 0 0 0 0 0 0 1 0 

0
0 380
0 380
-1 0 1 1 -1 0 0 0 1 0 0 0 0 s12 
0 -1 1 1 -1 0 0 0 0 0 0 0 1 0 
0 0 0 1 0 0 0 0 0 0 0 0 0 0 
0 0 1 0 0 0 0 0 0 0 0 0 0 0 
0 0 0 0 1 0 0 0 0 0 0 0 0 0 
0 0 0 0 0 1 0 0 0 0 0 0 0 0 
0 0 0 0 0 0 1 0 0 0 0 0 0 0 
0 0 0 0 0 0 0 1 0 0 0 0 0 0 
0 0 0 0 0 0 0 0 1 0 0 0 0 0 
0 0 1 1 -2 1 0 0 1 -1 0 0 0 -2*s123+3*s12 
0 0 1 1 -1 -1 1 0 1 0 -1 0 0 2*s123+s12+s34-2*s56 
0 0 1 1 -1 0 -1 1 1 0 0 -1 0 s345+s12-s34+2*s56+mt2 
0 0 0 0 0 0 0 0 0 0 0 0 1 0 

0
0 389
0 389
0 0 1 0 0 0 0 0 0 0 0 0 0 0 
1 -1 1 0 0 0 0 0 0 0 0 0 0 -s12 
1 0 0 0 0 0 0 0 0 0 0 0 0 0 
1 0 1 -1 1 0 0 0 1 0 0 0 0 -s12 
0 0 0 0 1 0 0 0 0 0 0 0 0 0 
0 0 0 0 0 1 0 0 0 0 0 0 0 0 
0 0 0 0 0 0 1 0 0 0 0 0 0 0 
0 0 0 0 0 0 0 1 0 0 0 0 0 0 
0 0 0 0 0 0 0 0 1 0 0 0 0 0 
1 0 1 0 0 0 0 0 0 -1 0 0 0 -s123+s12 
1 0 1 0 0 0 0 0 0 0 -1 0 0 s123+s34-s56 
1 0 1 0 0 0 0 0 0 0 0 -1 0 s345-s34+s56+mt2 
0 0 0 0 0 0 0 0 0 0 0 0 1 0 

1
0 391
0 391
0 0 1 0 0 0 0 0 0 0 0 0 0 0 
0 1 0 0 0 0 0 0 0 0 0 0 0 0 
1 0 0 0 0 0 0 0 0 0 0 0 0 0 
0 0 0 1 0 0 0 0 0 0 0 0 0 0 
0 0 0 1 0 0 0 0 0 0 0 0 0 0 
0 0 0 1 0 0 0 0 0 0 0 0 0 0 
0 0 0 1 0 0 0 0 0 0 0 0 0 0 
0 0 0 0 0 0 0 1 0 0 0 0 0 0 
0 0 0 0 0 0 0 0 1 0 0 0 0 0 
0 0 0 1 0 0 0 0 0 0 0 0 0 0 
0 0 0 1 0 0 0 0 0 0 0 0 0 0 
0 0 0 1 0 0 0 0 0 0 0 0 0 0 
0 0 0 1 0 0 0 0 0 0 0 0 0 0 

0
0 393
0 393
0 0 0 1 0 0 0 0 0 0 0 0 0 0 
1 -1 0 1 0 0 0 0 -1 0 0 0 1 0 
1 0 -1 1 1 0 0 0 -1 0 0 0 0 s12 
1 0 0 0 0 0 0 0 0 0 0 0 0 0 
0 0 0 0 1 0 0 0 0 0 0 0 0 0 
0 0 0 0 0 1 0 0 0 0 0 0 0 0 
0 0 0 0 0 0 1 0 0 0 0 0 0 0 
0 0 0 0 0 0 0 1 0 0 0 0 0 0 
0 0 0 0 0 0 0 0 1 0 0 0 0 0 
1 0 0 1 -1 1 0 0 0 -1 0 0 0 -s123+s12 
1 0 0 1 0 -1 1 0 0 0 -1 0 0 s123-s56 
1 0 0 1 0 0 -1 1 0 0 0 -1 0 s56+2*mt2 
0 0 0 0 0 0 0 0 0 0 0 0 1 0 

0
0 394
0 394
-1 1 0 1 0 0 0 0 1 0 0 0 -1 0 
0 0 0 1 0 0 0 0 0 0 0 0 0 0 
0 1 -1 1 1 0 0 0 0 0 0 0 -1 0 
0 1 0 0 0 0 0 0 0 0 0 0 0 0 
0 0 0 0 1 0 0 0 0 0 0 0 0 0 
0 0 0 0 0 1 0 0 0 0 0 0 0 0 
0 0 0 0 0 0 1 0 0 0 0 0 0 0 
0 0 0 0 0 0 0 1 0 0 0 0 0 0 
0 0 0 0 0 0 0 0 1 0 0 0 0 0 
0 1 0 1 -1 1 0 0 1 -1 0 0 -1 s23-2*s123+2*s12 
0 1 0 1 0 -1 1 0 1 0 -1 0 -1 -s23+2*s123+s234-2*s56 
0 1 0 1 0 0 -1 1 1 0 0 -1 -1 s16-s234+2*s56+mt2 
0 0 0 0 0 0 0 0 0 0 0 0 1 0 

0
0 396
0 396
-1 0 1 1 -1 0 0 0 1 0 0 0 0 s12 
0 -1 1 1 -1 0 0 0 0 0 0 0 1 0 
0 0 0 1 0 0 0 0 0 0 0 0 0 0 
0 0 1 0 0 0 0 0 0 0 0 0 0 0 
0 0 0 0 1 0 0 0 0 0 0 0 0 0 
0 0 0 0 0 1 0 0 0 0 0 0 0 0 
0 0 0 0 0 0 1 0 0 0 0 0 0 0 
0 0 0 0 0 0 0 1 0 0 0 0 0 0 
0 0 0 0 0 0 0 0 1 0 0 0 0 0 
0 0 1 1 -2 1 0 0 1 -1 0 0 0 -2*s123+3*s12 
0 0 1 1 -1 -1 1 0 1 0 -1 0 0 2*s123+s12+s34-2*s56 
0 0 1 1 -1 0 -1 1 1 0 0 -1 0 s345+s12-s34+2*s56+mt2 
0 0 0 0 0 0 0 0 0 0 0 0 1 0 

0
0 405
0 405
0 0 1 0 0 0 0 0 0 0 0 0 0 0 
1 -1 1 0 0 0 0 0 0 0 0 0 0 -s12 
1 0 0 0 0 0 0 0 0 0 0 0 0 0 
1 0 1 -1 1 0 0 0 1 0 0 0 0 -s12 
0 0 0 0 1 0 0 0 0 0 0 0 0 0 
0 0 0 0 0 1 0 0 0 0 0 0 0 0 
0 0 0 0 0 0 1 0 0 0 0 0 0 0 
0 0 0 0 0 0 0 1 0 0 0 0 0 0 
0 0 0 0 0 0 0 0 1 0 0 0 0 0 
1 0 1 0 0 0 0 0 0 -1 0 0 0 -s123+s12 
1 0 1 0 0 0 0 0 0 0 -1 0 0 s123+s34-s56 
1 0 1 0 0 0 0 0 0 0 0 -1 0 s345-s34+s56+mt2 
0 0 0 0 0 0 0 0 0 0 0 0 1 0 

1
0 407
0 407
0 0 1 0 0 0 0 0 0 0 0 0 0 0 
0 1 0 0 0 0 0 0 0 0 0 0 0 0 
1 0 0 0 0 0 0 0 0 0 0 0 0 0 
0 0 0 1 0 0 0 0 0 0 0 0 0 0 
0 0 0 0 1 0 0 0 0 0 0 0 0 0 
0 0 0 1 0 0 0 0 0 0 0 0 0 0 
0 0 0 1 0 0 0 0 0 0 0 0 0 0 
0 0 0 0 0 0 0 1 0 0 0 0 0 0 
0 0 0 0 0 0 0 0 1 0 0 0 0 0 
0 0 0 1 0 0 0 0 0 0 0 0 0 0 
0 0 0 1 0 0 0 0 0 0 0 0 0 0 
0 0 0 1 0 0 0 0 0 0 0 0 0 0 
0 0 0 1 0 0 0 0 0 0 0 0 0 0 

0
0 409
0 409
0 0 0 1 0 0 0 0 0 0 0 0 0 0 
1 -1 0 1 0 0 0 0 -1 0 0 0 1 0 
1 0 -1 1 1 0 0 0 -1 0 0 0 0 s12 
1 0 0 0 0 0 0 0 0 0 0 0 0 0 
0 0 0 0 1 0 0 0 0 0 0 0 0 0 
0 0 0 0 0 1 0 0 0 0 0 0 0 0 
0 0 0 0 0 0 1 0 0 0 0 0 0 0 
0 0 0 0 0 0 0 1 0 0 0 0 0 0 
0 0 0 0 0 0 0 0 1 0 0 0 0 0 
1 0 0 1 -1 1 0 0 0 -1 0 0 0 -s123+s12 
1 0 0 1 0 -1 1 0 0 0 -1 0 0 s123-s56 
1 0 0 1 0 0 -1 1 0 0 0 -1 0 s56+2*mt2 
0 0 0 0 0 0 0 0 0 0 0 0 1 0 

0
0 410
0 410
-1 1 0 1 0 0 0 0 1 0 0 0 -1 0 
0 0 0 1 0 0 0 0 0 0 0 0 0 0 
0 1 -1 1 1 0 0 0 0 0 0 0 -1 0 
0 1 0 0 0 0 0 0 0 0 0 0 0 0 
0 0 0 0 1 0 0 0 0 0 0 0 0 0 
0 0 0 0 0 1 0 0 0 0 0 0 0 0 
0 0 0 0 0 0 1 0 0 0 0 0 0 0 
0 0 0 0 0 0 0 1 0 0 0 0 0 0 
0 0 0 0 0 0 0 0 1 0 0 0 0 0 
0 1 0 1 -1 1 0 0 1 -1 0 0 -1 s23-2*s123+2*s12 
0 1 0 1 0 -1 1 0 1 0 -1 0 -1 -s23+2*s123+s234-2*s56 
0 1 0 1 0 0 -1 1 1 0 0 -1 -1 s16-s234+2*s56+mt2 
0 0 0 0 0 0 0 0 0 0 0 0 1 0 

0
0 412
0 412
-1 0 1 1 -1 0 0 0 1 0 0 0 0 s12 
0 -1 1 1 -1 0 0 0 0 0 0 0 1 0 
0 0 0 1 0 0 0 0 0 0 0 0 0 0 
0 0 1 0 0 0 0 0 0 0 0 0 0 0 
0 0 0 0 1 0 0 0 0 0 0 0 0 0 
0 0 0 0 0 1 0 0 0 0 0 0 0 0 
0 0 0 0 0 0 1 0 0 0 0 0 0 0 
0 0 0 0 0 0 0 1 0 0 0 0 0 0 
0 0 0 0 0 0 0 0 1 0 0 0 0 0 
0 0 1 1 -2 1 0 0 1 -1 0 0 0 -2*s123+3*s12 
0 0 1 1 -1 -1 1 0 1 0 -1 0 0 2*s123+s12+s34-2*s56 
0 0 1 1 -1 0 -1 1 1 0 0 -1 0 s345+s12-s34+2*s56+mt2 
0 0 0 0 0 0 0 0 0 0 0 0 1 0 

0
0 421
0 421
0 0 1 0 0 0 0 0 0 0 0 0 0 0 
1 -1 1 0 0 0 0 0 0 0 0 0 0 -s12 
1 0 0 0 0 0 0 0 0 0 0 0 0 0 
1 0 1 -1 1 0 0 0 1 0 0 0 0 -s12 
0 0 0 0 1 0 0 0 0 0 0 0 0 0 
0 0 0 0 0 1 0 0 0 0 0 0 0 0 
0 0 0 0 0 0 1 0 0 0 0 0 0 0 
0 0 0 0 0 0 0 1 0 0 0 0 0 0 
0 0 0 0 0 0 0 0 1 0 0 0 0 0 
1 0 1 0 0 0 0 0 0 -1 0 0 0 -s123+s12 
1 0 1 0 0 0 0 0 0 0 -1 0 0 s123+s34-s56 
1 0 1 0 0 0 0 0 0 0 0 -1 0 s345-s34+s56+mt2 
0 0 0 0 0 0 0 0 0 0 0 0 1 0 

1
0 423
0 423
0 0 1 0 0 0 0 0 0 0 0 0 0 0 
0 1 0 0 0 0 0 0 0 0 0 0 0 0 
1 0 0 0 0 0 0 0 0 0 0 0 0 0 
0 0 0 1 0 0 0 0 0 0 0 0 0 0 
0 0 0 1 0 0 0 0 0 0 0 0 0 0 
0 0 0 0 0 1 0 0 0 0 0 0 0 0 
0 0 0 1 0 0 0 0 0 0 0 0 0 0 
0 0 0 0 0 0 0 1 0 0 0 0 0 0 
0 0 0 0 0 0 0 0 1 0 0 0 0 0 
0 0 0 1 0 0 0 0 0 0 0 0 0 0 
0 0 0 1 0 0 0 0 0 0 0 0 0 0 
0 0 0 1 0 0 0 0 0 0 0 0 0 0 
0 0 0 1 0 0 0 0 0 0 0 0 0 0 

0
0 425
0 425
0 0 0 1 0 0 0 0 0 0 0 0 0 0 
1 -1 0 1 0 0 0 0 -1 0 0 0 1 0 
1 0 -1 1 1 0 0 0 -1 0 0 0 0 s12 
1 0 0 0 0 0 0 0 0 0 0 0 0 0 
0 0 0 0 1 0 0 0 0 0 0 0 0 0 
0 0 0 0 0 1 0 0 0 0 0 0 0 0 
0 0 0 0 0 0 1 0 0 0 0 0 0 0 
0 0 0 0 0 0 0 1 0 0 0 0 0 0 
0 0 0 0 0 0 0 0 1 0 0 0 0 0 
1 0 0 1 -1 1 0 0 0 -1 0 0 0 -s123+s12 
1 0 0 1 0 -1 1 0 0 0 -1 0 0 s123-s56 
1 0 0 1 0 0 -1 1 0 0 0 -1 0 s56+2*mt2 
0 0 0 0 0 0 0 0 0 0 0 0 1 0 

0
0 426
0 426
-1 1 0 1 0 0 0 0 1 0 0 0 -1 0 
0 0 0 1 0 0 0 0 0 0 0 0 0 0 
0 1 -1 1 1 0 0 0 0 0 0 0 -1 0 
0 1 0 0 0 0 0 0 0 0 0 0 0 0 
0 0 0 0 1 0 0 0 0 0 0 0 0 0 
0 0 0 0 0 1 0 0 0 0 0 0 0 0 
0 0 0 0 0 0 1 0 0 0 0 0 0 0 
0 0 0 0 0 0 0 1 0 0 0 0 0 0 
0 0 0 0 0 0 0 0 1 0 0 0 0 0 
0 1 0 1 -1 1 0 0 1 -1 0 0 -1 s23-2*s123+2*s12 
0 1 0 1 0 -1 1 0 1 0 -1 0 -1 -s23+2*s123+s234-2*s56 
0 1 0 1 0 0 -1 1 1 0 0 -1 -1 s16-s234+2*s56+mt2 
0 0 0 0 0 0 0 0 0 0 0 0 1 0 

0
0 428
0 428
-1 0 1 1 -1 0 0 0 1 0 0 0 0 s12 
0 -1 1 1 -1 0 0 0 0 0 0 0 1 0 
0 0 0 1 0 0 0 0 0 0 0 0 0 0 
0 0 1 0 0 0 0 0 0 0 0 0 0 0 
0 0 0 0 1 0 0 0 0 0 0 0 0 0 
0 0 0 0 0 1 0 0 0 0 0 0 0 0 
0 0 0 0 0 0 1 0 0 0 0 0 0 0 
0 0 0 0 0 0 0 1 0 0 0 0 0 0 
0 0 0 0 0 0 0 0 1 0 0 0 0 0 
0 0 1 1 -2 1 0 0 1 -1 0 0 0 -2*s123+3*s12 
0 0 1 1 -1 -1 1 0 1 0 -1 0 0 2*s123+s12+s34-2*s56 
0 0 1 1 -1 0 -1 1 1 0 0 -1 0 s345+s12-s34+2*s56+mt2 
0 0 0 0 0 0 0 0 0 0 0 0 1 0 

0
0 437
0 437
0 0 1 0 0 0 0 0 0 0 0 0 0 0 
1 -1 1 0 0 0 0 0 0 0 0 0 0 -s12 
1 0 0 0 0 0 0 0 0 0 0 0 0 0 
1 0 1 -1 1 0 0 0 1 0 0 0 0 -s12 
0 0 0 0 1 0 0 0 0 0 0 0 0 0 
0 0 0 0 0 1 0 0 0 0 0 0 0 0 
0 0 0 0 0 0 1 0 0 0 0 0 0 0 
0 0 0 0 0 0 0 1 0 0 0 0 0 0 
0 0 0 0 0 0 0 0 1 0 0 0 0 0 
1 0 1 0 0 0 0 0 0 -1 0 0 0 -s123+s12 
1 0 1 0 0 0 0 0 0 0 -1 0 0 s123+s34-s56 
1 0 1 0 0 0 0 0 0 0 0 -1 0 s345-s34+s56+mt2 
0 0 0 0 0 0 0 0 0 0 0 0 1 0 

1
0 439
0 439
0 0 1 0 0 0 0 0 0 0 0 0 0 0 
0 1 0 0 0 0 0 0 0 0 0 0 0 0 
1 0 0 0 0 0 0 0 0 0 0 0 0 0 
0 0 0 1 0 0 0 0 0 0 0 0 0 0 
0 0 0 0 1 0 0 0 0 0 0 0 0 0 
0 0 0 0 0 1 0 0 0 0 0 0 0 0 
0 0 0 1 0 0 0 0 0 0 0 0 0 0 
0 0 0 0 0 0 0 1 0 0 0 0 0 0 
0 0 0 0 0 0 0 0 1 0 0 0 0 0 
0 0 0 1 0 0 0 0 0 0 0 0 0 0 
0 0 0 1 0 0 0 0 0 0 0 0 0 0 
0 0 0 1 0 0 0 0 0 0 0 0 0 0 
0 0 0 1 0 0 0 0 0 0 0 0 0 0 

0
0 441
0 441
0 0 0 1 0 0 0 0 0 0 0 0 0 0 
1 -1 0 1 0 0 0 0 -1 0 0 0 1 0 
1 0 -1 1 1 0 0 0 -1 0 0 0 0 s12 
1 0 0 0 0 0 0 0 0 0 0 0 0 0 
0 0 0 0 1 0 0 0 0 0 0 0 0 0 
0 0 0 0 0 1 0 0 0 0 0 0 0 0 
0 0 0 0 0 0 1 0 0 0 0 0 0 0 
0 0 0 0 0 0 0 1 0 0 0 0 0 0 
0 0 0 0 0 0 0 0 1 0 0 0 0 0 
1 0 0 1 -1 1 0 0 0 -1 0 0 0 -s123+s12 
1 0 0 1 0 -1 1 0 0 0 -1 0 0 s123-s56 
1 0 0 1 0 0 -1 1 0 0 0 -1 0 s56+2*mt2 
0 0 0 0 0 0 0 0 0 0 0 0 1 0 

0
0 442
0 442
-1 1 0 1 0 0 0 0 1 0 0 0 -1 0 
0 0 0 1 0 0 0 0 0 0 0 0 0 0 
0 1 -1 1 1 0 0 0 0 0 0 0 -1 0 
0 1 0 0 0 0 0 0 0 0 0 0 0 0 
0 0 0 0 1 0 0 0 0 0 0 0 0 0 
0 0 0 0 0 1 0 0 0 0 0 0 0 0 
0 0 0 0 0 0 1 0 0 0 0 0 0 0 
0 0 0 0 0 0 0 1 0 0 0 0 0 0 
0 0 0 0 0 0 0 0 1 0 0 0 0 0 
0 1 0 1 -1 1 0 0 1 -1 0 0 -1 s23-2*s123+2*s12 
0 1 0 1 0 -1 1 0 1 0 -1 0 -1 -s23+2*s123+s234-2*s56 
0 1 0 1 0 0 -1 1 1 0 0 -1 -1 s16-s234+2*s56+mt2 
0 0 0 0 0 0 0 0 0 0 0 0 1 0 

0
0 444
0 444
-1 0 1 1 -1 0 0 0 1 0 0 0 0 s12 
0 -1 1 1 -1 0 0 0 0 0 0 0 1 0 
0 0 0 1 0 0 0 0 0 0 0 0 0 0 
0 0 1 0 0 0 0 0 0 0 0 0 0 0 
0 0 0 0 1 0 0 0 0 0 0 0 0 0 
0 0 0 0 0 1 0 0 0 0 0 0 0 0 
0 0 0 0 0 0 1 0 0 0 0 0 0 0 
0 0 0 0 0 0 0 1 0 0 0 0 0 0 
0 0 0 0 0 0 0 0 1 0 0 0 0 0 
0 0 1 1 -2 1 0 0 1 -1 0 0 0 -2*s123+3*s12 
0 0 1 1 -1 -1 1 0 1 0 -1 0 0 2*s123+s12+s34-2*s56 
0 0 1 1 -1 0 -1 1 1 0 0 -1 0 s345+s12-s34+2*s56+mt2 
0 0 0 0 0 0 0 0 0 0 0 0 1 0 

0
0 453
0 453
0 0 1 0 0 0 0 0 0 0 0 0 0 0 
1 -1 1 0 0 0 0 0 0 0 0 0 0 -s12 
1 0 0 0 0 0 0 0 0 0 0 0 0 0 
1 0 1 -1 1 0 0 0 1 0 0 0 0 -s12 
0 0 0 0 1 0 0 0 0 0 0 0 0 0 
0 0 0 0 0 1 0 0 0 0 0 0 0 0 
0 0 0 0 0 0 1 0 0 0 0 0 0 0 
0 0 0 0 0 0 0 1 0 0 0 0 0 0 
0 0 0 0 0 0 0 0 1 0 0 0 0 0 
1 0 1 0 0 0 0 0 0 -1 0 0 0 -s123+s12 
1 0 1 0 0 0 0 0 0 0 -1 0 0 s123+s34-s56 
1 0 1 0 0 0 0 0 0 0 0 -1 0 s345-s34+s56+mt2 
0 0 0 0 0 0 0 0 0 0 0 0 1 0 

1
0 453
0 453
1 0 0 0 0 0 0 0 0 0 0 0 0 0 
0 1 0 0 0 0 0 0 0 0 0 0 0 0 
0 0 1 0 0 0 0 0 0 0 0 0 0 0 
0 1 0 0 0 0 0 0 0 0 0 0 0 0 
0 1 0 0 0 0 0 0 0 0 0 0 0 0 
0 1 0 0 0 0 0 0 0 0 0 0 0 0 
0 0 0 0 0 0 0 0 1 0 0 0 0 0 
0 0 0 0 0 0 0 1 0 0 0 0 0 0 
0 0 0 0 0 0 1 0 0 0 0 0 0 0 
0 1 0 0 0 0 0 0 0 0 0 0 0 0 
0 1 0 0 0 0 0 0 0 0 0 0 0 0 
0 1 0 0 0 0 0 0 0 0 0 0 0 0 
0 1 0 0 0 0 0 0 0 0 0 0 0 0 

1
0 453
0 453
0 0 1 0 0 0 0 0 0 0 0 0 0 0 
0 1 0 0 0 0 0 0 0 0 0 0 0 0 
1 0 0 0 0 0 0 0 0 0 0 0 0 0 
0 1 0 0 0 0 0 0 0 0 0 0 0 0 
0 1 0 0 0 0 0 0 0 0 0 0 0 0 
0 1 0 0 0 0 0 0 0 0 0 0 0 0 
0 0 0 0 0 0 0 0 1 0 0 0 0 0 
0 0 0 0 0 0 0 1 0 0 0 0 0 0 
0 0 0 0 0 0 1 0 0 0 0 0 0 0 
0 1 0 0 0 0 0 0 0 0 0 0 0 0 
0 1 0 0 0 0 0 0 0 0 0 0 0 0 
0 1 0 0 0 0 0 0 0 0 0 0 0 0 
0 1 0 0 0 0 0 0 0 0 0 0 0 0 

1
0 455
0 455
0 0 1 0 0 0 0 0 0 0 0 0 0 0 
0 1 0 0 0 0 0 0 0 0 0 0 0 0 
1 0 0 0 0 0 0 0 0 0 0 0 0 0 
0 0 0 1 0 0 0 0 0 0 0 0 0 0 
0 0 0 1 0 0 0 0 0 0 0 0 0 0 
0 0 0 1 0 0 0 0 0 0 0 0 0 0 
0 0 0 0 0 0 1 0 0 0 0 0 0 0 
0 0 0 0 0 0 0 1 0 0 0 0 0 0 
0 0 0 0 0 0 0 0 1 0 0 0 0 0 
0 0 0 1 0 0 0 0 0 0 0 0 0 0 
0 0 0 1 0 0 0 0 0 0 0 0 0 0 
0 0 0 1 0 0 0 0 0 0 0 0 0 0 
0 0 0 1 0 0 0 0 0 0 0 0 0 0 

1
0 455
0 455
0 0 1 0 0 0 0 0 0 0 0 0 0 0 
0 1 0 0 0 0 0 0 0 0 0 0 0 0 
1 0 0 0 0 0 0 0 0 0 0 0 0 0 
0 0 0 1 0 0 0 0 0 0 0 0 0 0 
0 0 0 1 0 0 0 0 0 0 0 0 0 0 
0 0 0 1 0 0 0 0 0 0 0 0 0 0 
0 0 0 0 0 0 0 0 1 0 0 0 0 0 
0 0 0 0 0 0 0 1 0 0 0 0 0 0 
0 0 0 0 0 0 1 0 0 0 0 0 0 0 
0 0 0 1 0 0 0 0 0 0 0 0 0 0 
0 0 0 1 0 0 0 0 0 0 0 0 0 0 
0 0 0 1 0 0 0 0 0 0 0 0 0 0 
0 0 0 1 0 0 0 0 0 0 0 0 0 0 

1
0 455
0 455
1 0 0 0 0 0 0 0 0 0 0 0 0 0 
0 1 0 0 0 0 0 0 0 0 0 0 0 0 
0 0 1 0 0 0 0 0 0 0 0 0 0 0 
0 0 0 1 0 0 0 0 0 0 0 0 0 0 
0 0 0 1 0 0 0 0 0 0 0 0 0 0 
0 0 0 1 0 0 0 0 0 0 0 0 0 0 
0 0 0 0 0 0 0 0 1 0 0 0 0 0 
0 0 0 0 0 0 0 1 0 0 0 0 0 0 
0 0 0 0 0 0 1 0 0 0 0 0 0 0 
0 0 0 1 0 0 0 0 0 0 0 0 0 0 
0 0 0 1 0 0 0 0 0 0 0 0 0 0 
0 0 0 1 0 0 0 0 0 0 0 0 0 0 
0 0 0 1 0 0 0 0 0 0 0 0 0 0 

0
0 457
0 457
0 0 0 1 0 0 0 0 0 0 0 0 0 0 
1 -1 0 1 0 0 0 0 -1 0 0 0 1 0 
1 0 -1 1 1 0 0 0 -1 0 0 0 0 s12 
1 0 0 0 0 0 0 0 0 0 0 0 0 0 
0 0 0 0 1 0 0 0 0 0 0 0 0 0 
0 0 0 0 0 1 0 0 0 0 0 0 0 0 
0 0 0 0 0 0 1 0 0 0 0 0 0 0 
0 0 0 0 0 0 0 1 0 0 0 0 0 0 
0 0 0 0 0 0 0 0 1 0 0 0 0 0 
1 0 0 1 -1 1 0 0 0 -1 0 0 0 -s123+s12 
1 0 0 1 0 -1 1 0 0 0 -1 0 0 s123-s56 
1 0 0 1 0 0 -1 1 0 0 0 -1 0 s56+2*mt2 
0 0 0 0 0 0 0 0 0 0 0 0 1 0 

0
0 458
0 458
-1 1 0 1 0 0 0 0 1 0 0 0 -1 0 
0 0 0 1 0 0 0 0 0 0 0 0 0 0 
0 1 -1 1 1 0 0 0 0 0 0 0 -1 0 
0 1 0 0 0 0 0 0 0 0 0 0 0 0 
0 0 0 0 1 0 0 0 0 0 0 0 0 0 
0 0 0 0 0 1 0 0 0 0 0 0 0 0 
0 0 0 0 0 0 1 0 0 0 0 0 0 0 
0 0 0 0 0 0 0 1 0 0 0 0 0 0 
0 0 0 0 0 0 0 0 1 0 0 0 0 0 
0 1 0 1 -1 1 0 0 1 -1 0 0 -1 s23-2*s123+2*s12 
0 1 0 1 0 -1 1 0 1 0 -1 0 -1 -s23+2*s123+s234-2*s56 
0 1 0 1 0 0 -1 1 1 0 0 -1 -1 s16-s234+2*s56+mt2 
0 0 0 0 0 0 0 0 0 0 0 0 1 0 

0
0 460
0 460
-1 0 1 1 -1 0 0 0 1 0 0 0 0 s12 
0 -1 1 1 -1 0 0 0 0 0 0 0 1 0 
0 0 0 1 0 0 0 0 0 0 0 0 0 0 
0 0 1 0 0 0 0 0 0 0 0 0 0 0 
0 0 0 0 1 0 0 0 0 0 0 0 0 0 
0 0 0 0 0 1 0 0 0 0 0 0 0 0 
0 0 0 0 0 0 1 0 0 0 0 0 0 0 
0 0 0 0 0 0 0 1 0 0 0 0 0 0 
0 0 0 0 0 0 0 0 1 0 0 0 0 0 
0 0 1 1 -2 1 0 0 1 -1 0 0 0 -2*s123+3*s12 
0 0 1 1 -1 -1 1 0 1 0 -1 0 0 2*s123+s12+s34-2*s56 
0 0 1 1 -1 0 -1 1 1 0 0 -1 0 s345+s12-s34+2*s56+mt2 
0 0 0 0 0 0 0 0 0 0 0 0 1 0 

0
0 469
0 469
0 0 1 0 0 0 0 0 0 0 0 0 0 0 
1 -1 1 0 0 0 0 0 0 0 0 0 0 -s12 
1 0 0 0 0 0 0 0 0 0 0 0 0 0 
1 0 1 -1 1 0 0 0 1 0 0 0 0 -s12 
0 0 0 0 1 0 0 0 0 0 0 0 0 0 
0 0 0 0 0 1 0 0 0 0 0 0 0 0 
0 0 0 0 0 0 1 0 0 0 0 0 0 0 
0 0 0 0 0 0 0 1 0 0 0 0 0 0 
0 0 0 0 0 0 0 0 1 0 0 0 0 0 
1 0 1 0 0 0 0 0 0 -1 0 0 0 -s123+s12 
1 0 1 0 0 0 0 0 0 0 -1 0 0 s123+s34-s56 
1 0 1 0 0 0 0 0 0 0 0 -1 0 s345-s34+s56+mt2 
0 0 0 0 0 0 0 0 0 0 0 0 1 0 

1
0 471
0 471
0 0 1 0 0 0 0 0 0 0 0 0 0 0 
0 1 0 0 0 0 0 0 0 0 0 0 0 0 
1 0 0 0 0 0 0 0 0 0 0 0 0 0 
0 0 0 1 0 0 0 0 0 0 0 0 0 0 
0 0 0 0 1 0 0 0 0 0 0 0 0 0 
0 0 0 1 0 0 0 0 0 0 0 0 0 0 
0 0 0 0 0 0 1 0 0 0 0 0 0 0 
0 0 0 0 0 0 0 1 0 0 0 0 0 0 
0 0 0 0 0 0 0 0 1 0 0 0 0 0 
0 0 0 1 0 0 0 0 0 0 0 0 0 0 
0 0 0 1 0 0 0 0 0 0 0 0 0 0 
0 0 0 1 0 0 0 0 0 0 0 0 0 0 
0 0 0 1 0 0 0 0 0 0 0 0 0 0 

0
0 473
0 473
0 0 0 1 0 0 0 0 0 0 0 0 0 0 
1 -1 0 1 0 0 0 0 -1 0 0 0 1 0 
1 0 -1 1 1 0 0 0 -1 0 0 0 0 s12 
1 0 0 0 0 0 0 0 0 0 0 0 0 0 
0 0 0 0 1 0 0 0 0 0 0 0 0 0 
0 0 0 0 0 1 0 0 0 0 0 0 0 0 
0 0 0 0 0 0 1 0 0 0 0 0 0 0 
0 0 0 0 0 0 0 1 0 0 0 0 0 0 
0 0 0 0 0 0 0 0 1 0 0 0 0 0 
1 0 0 1 -1 1 0 0 0 -1 0 0 0 -s123+s12 
1 0 0 1 0 -1 1 0 0 0 -1 0 0 s123-s56 
1 0 0 1 0 0 -1 1 0 0 0 -1 0 s56+2*mt2 
0 0 0 0 0 0 0 0 0 0 0 0 1 0 

0
0 474
0 474
-1 1 0 1 0 0 0 0 1 0 0 0 -1 0 
0 0 0 1 0 0 0 0 0 0 0 0 0 0 
0 1 -1 1 1 0 0 0 0 0 0 0 -1 0 
0 1 0 0 0 0 0 0 0 0 0 0 0 0 
0 0 0 0 1 0 0 0 0 0 0 0 0 0 
0 0 0 0 0 1 0 0 0 0 0 0 0 0 
0 0 0 0 0 0 1 0 0 0 0 0 0 0 
0 0 0 0 0 0 0 1 0 0 0 0 0 0 
0 0 0 0 0 0 0 0 1 0 0 0 0 0 
0 1 0 1 -1 1 0 0 1 -1 0 0 -1 s23-2*s123+2*s12 
0 1 0 1 0 -1 1 0 1 0 -1 0 -1 -s23+2*s123+s234-2*s56 
0 1 0 1 0 0 -1 1 1 0 0 -1 -1 s16-s234+2*s56+mt2 
0 0 0 0 0 0 0 0 0 0 0 0 1 0 

0
0 476
0 476
-1 0 1 1 -1 0 0 0 1 0 0 0 0 s12 
0 -1 1 1 -1 0 0 0 0 0 0 0 1 0 
0 0 0 1 0 0 0 0 0 0 0 0 0 0 
0 0 1 0 0 0 0 0 0 0 0 0 0 0 
0 0 0 0 1 0 0 0 0 0 0 0 0 0 
0 0 0 0 0 1 0 0 0 0 0 0 0 0 
0 0 0 0 0 0 1 0 0 0 0 0 0 0 
0 0 0 0 0 0 0 1 0 0 0 0 0 0 
0 0 0 0 0 0 0 0 1 0 0 0 0 0 
0 0 1 1 -2 1 0 0 1 -1 0 0 0 -2*s123+3*s12 
0 0 1 1 -1 -1 1 0 1 0 -1 0 0 2*s123+s12+s34-2*s56 
0 0 1 1 -1 0 -1 1 1 0 0 -1 0 s345+s12-s34+2*s56+mt2 
0 0 0 0 0 0 0 0 0 0 0 0 1 0 

0
0 485
0 485
0 0 1 0 0 0 0 0 0 0 0 0 0 0 
1 -1 1 0 0 0 0 0 0 0 0 0 0 -s12 
1 0 0 0 0 0 0 0 0 0 0 0 0 0 
1 0 1 -1 1 0 0 0 1 0 0 0 0 -s12 
0 0 0 0 1 0 0 0 0 0 0 0 0 0 
0 0 0 0 0 1 0 0 0 0 0 0 0 0 
0 0 0 0 0 0 1 0 0 0 0 0 0 0 
0 0 0 0 0 0 0 1 0 0 0 0 0 0 
0 0 0 0 0 0 0 0 1 0 0 0 0 0 
1 0 1 0 0 0 0 0 0 -1 0 0 0 -s123+s12 
1 0 1 0 0 0 0 0 0 0 -1 0 0 s123+s34-s56 
1 0 1 0 0 0 0 0 0 0 0 -1 0 s345-s34+s56+mt2 
0 0 0 0 0 0 0 0 0 0 0 0 1 0 

1
0 487
0 487
0 0 1 0 0 0 0 0 0 0 0 0 0 0 
0 1 0 0 0 0 0 0 0 0 0 0 0 0 
1 0 0 0 0 0 0 0 0 0 0 0 0 0 
0 0 0 1 0 0 0 0 0 0 0 0 0 0 
0 0 0 1 0 0 0 0 0 0 0 0 0 0 
0 0 0 0 0 1 0 0 0 0 0 0 0 0 
0 0 0 0 0 0 1 0 0 0 0 0 0 0 
0 0 0 0 0 0 0 1 0 0 0 0 0 0 
0 0 0 0 0 0 0 0 1 0 0 0 0 0 
0 0 0 1 0 0 0 0 0 0 0 0 0 0 
0 0 0 1 0 0 0 0 0 0 0 0 0 0 
0 0 0 1 0 0 0 0 0 0 0 0 0 0 
0 0 0 1 0 0 0 0 0 0 0 0 0 0 

0
0 489
0 489
0 0 0 1 0 0 0 0 0 0 0 0 0 0 
1 -1 0 1 0 0 0 0 -1 0 0 0 1 0 
1 0 -1 1 1 0 0 0 -1 0 0 0 0 s12 
1 0 0 0 0 0 0 0 0 0 0 0 0 0 
0 0 0 0 1 0 0 0 0 0 0 0 0 0 
0 0 0 0 0 1 0 0 0 0 0 0 0 0 
0 0 0 0 0 0 1 0 0 0 0 0 0 0 
0 0 0 0 0 0 0 1 0 0 0 0 0 0 
0 0 0 0 0 0 0 0 1 0 0 0 0 0 
1 0 0 1 -1 1 0 0 0 -1 0 0 0 -s123+s12 
1 0 0 1 0 -1 1 0 0 0 -1 0 0 s123-s56 
1 0 0 1 0 0 -1 1 0 0 0 -1 0 s56+2*mt2 
0 0 0 0 0 0 0 0 0 0 0 0 1 0 

0
0 490
0 490
-1 1 0 1 0 0 0 0 1 0 0 0 -1 0 
0 0 0 1 0 0 0 0 0 0 0 0 0 0 
0 1 -1 1 1 0 0 0 0 0 0 0 -1 0 
0 1 0 0 0 0 0 0 0 0 0 0 0 0 
0 0 0 0 1 0 0 0 0 0 0 0 0 0 
0 0 0 0 0 1 0 0 0 0 0 0 0 0 
0 0 0 0 0 0 1 0 0 0 0 0 0 0 
0 0 0 0 0 0 0 1 0 0 0 0 0 0 
0 0 0 0 0 0 0 0 1 0 0 0 0 0 
0 1 0 1 -1 1 0 0 1 -1 0 0 -1 s23-2*s123+2*s12 
0 1 0 1 0 -1 1 0 1 0 -1 0 -1 -s23+2*s123+s234-2*s56 
0 1 0 1 0 0 -1 1 1 0 0 -1 -1 s16-s234+2*s56+mt2 
0 0 0 0 0 0 0 0 0 0 0 0 1 0 

0
0 492
0 492
-1 0 1 1 -1 0 0 0 1 0 0 0 0 s12 
0 -1 1 1 -1 0 0 0 0 0 0 0 1 0 
0 0 0 1 0 0 0 0 0 0 0 0 0 0 
0 0 1 0 0 0 0 0 0 0 0 0 0 0 
0 0 0 0 1 0 0 0 0 0 0 0 0 0 
0 0 0 0 0 1 0 0 0 0 0 0 0 0 
0 0 0 0 0 0 1 0 0 0 0 0 0 0 
0 0 0 0 0 0 0 1 0 0 0 0 0 0 
0 0 0 0 0 0 0 0 1 0 0 0 0 0 
0 0 1 1 -2 1 0 0 1 -1 0 0 0 -2*s123+3*s12 
0 0 1 1 -1 -1 1 0 1 0 -1 0 0 2*s123+s12+s34-2*s56 
0 0 1 1 -1 0 -1 1 1 0 0 -1 0 s345+s12-s34+2*s56+mt2 
0 0 0 0 0 0 0 0 0 0 0 0 1 0 

0
0 501
0 501
0 0 1 0 0 0 0 0 0 0 0 0 0 0 
1 -1 1 0 0 0 0 0 0 0 0 0 0 -s12 
1 0 0 0 0 0 0 0 0 0 0 0 0 0 
1 0 1 -1 1 0 0 0 1 0 0 0 0 -s12 
0 0 0 0 1 0 0 0 0 0 0 0 0 0 
0 0 0 0 0 1 0 0 0 0 0 0 0 0 
0 0 0 0 0 0 1 0 0 0 0 0 0 0 
0 0 0 0 0 0 0 1 0 0 0 0 0 0 
0 0 0 0 0 0 0 0 1 0 0 0 0 0 
1 0 1 0 0 0 0 0 0 -1 0 0 0 -s123+s12 
1 0 1 0 0 0 0 0 0 0 -1 0 0 s123+s34-s56 
1 0 1 0 0 0 0 0 0 0 0 -1 0 s345-s34+s56+mt2 
0 0 0 0 0 0 0 0 0 0 0 0 1 0 

1
0 503
0 503
0 0 1 0 0 0 0 0 0 0 0 0 0 0 
0 1 0 0 0 0 0 0 0 0 0 0 0 0 
1 0 0 0 0 0 0 0 0 0 0 0 0 0 
0 0 0 1 0 0 0 0 0 0 0 0 0 0 
0 0 0 0 1 0 0 0 0 0 0 0 0 0 
0 0 0 0 0 1 0 0 0 0 0 0 0 0 
0 0 0 0 0 0 1 0 0 0 0 0 0 0 
0 0 0 0 0 0 0 1 0 0 0 0 0 0 
0 0 0 0 0 0 0 0 1 0 0 0 0 0 
0 0 0 1 0 0 0 0 0 0 0 0 0 0 
0 0 0 1 0 0 0 0 0 0 0 0 0 0 
0 0 0 1 0 0 0 0 0 0 0 0 0 0 
0 0 0 1 0 0 0 0 0 0 0 0 0 0 

0
0 505
0 505
0 0 0 1 0 0 0 0 0 0 0 0 0 0 
1 -1 0 1 0 0 0 0 -1 0 0 0 1 0 
1 0 -1 1 1 0 0 0 -1 0 0 0 0 s12 
1 0 0 0 0 0 0 0 0 0 0 0 0 0 
0 0 0 0 1 0 0 0 0 0 0 0 0 0 
0 0 0 0 0 1 0 0 0 0 0 0 0 0 
0 0 0 0 0 0 1 0 0 0 0 0 0 0 
0 0 0 0 0 0 0 1 0 0 0 0 0 0 
0 0 0 0 0 0 0 0 1 0 0 0 0 0 
1 0 0 1 -1 1 0 0 0 -1 0 0 0 -s123+s12 
1 0 0 1 0 -1 1 0 0 0 -1 0 0 s123-s56 
1 0 0 1 0 0 -1 1 0 0 0 -1 0 s56+2*mt2 
0 0 0 0 0 0 0 0 0 0 0 0 1 0 

0
0 506
0 506
-1 1 0 1 0 0 0 0 1 0 0 0 -1 0 
0 0 0 1 0 0 0 0 0 0 0 0 0 0 
0 1 -1 1 1 0 0 0 0 0 0 0 -1 0 
0 1 0 0 0 0 0 0 0 0 0 0 0 0 
0 0 0 0 1 0 0 0 0 0 0 0 0 0 
0 0 0 0 0 1 0 0 0 0 0 0 0 0 
0 0 0 0 0 0 1 0 0 0 0 0 0 0 
0 0 0 0 0 0 0 1 0 0 0 0 0 0 
0 0 0 0 0 0 0 0 1 0 0 0 0 0 
0 1 0 1 -1 1 0 0 1 -1 0 0 -1 s23-2*s123+2*s12 
0 1 0 1 0 -1 1 0 1 0 -1 0 -1 -s23+2*s123+s234-2*s56 
0 1 0 1 0 0 -1 1 1 0 0 -1 -1 s16-s234+2*s56+mt2 
0 0 0 0 0 0 0 0 0 0 0 0 1 0 

0
0 508
0 508
-1 0 1 1 -1 0 0 0 1 0 0 0 0 s12 
0 -1 1 1 -1 0 0 0 0 0 0 0 1 0 
0 0 0 1 0 0 0 0 0 0 0 0 0 0 
0 0 1 0 0 0 0 0 0 0 0 0 0 0 
0 0 0 0 1 0 0 0 0 0 0 0 0 0 
0 0 0 0 0 1 0 0 0 0 0 0 0 0 
0 0 0 0 0 0 1 0 0 0 0 0 0 0 
0 0 0 0 0 0 0 1 0 0 0 0 0 0 
0 0 0 0 0 0 0 0 1 0 0 0 0 0 
0 0 1 1 -2 1 0 0 1 -1 0 0 0 -2*s123+3*s12 
0 0 1 1 -1 -1 1 0 1 0 -1 0 0 2*s123+s12+s34-2*s56 
0 0 1 1 -1 0 -1 1 1 0 0 -1 0 s345+s12-s34+2*s56+mt2 
0 0 0 0 0 0 0 0 0 0 0 0 1 0 

