(2*ep^2*DB[1, 0, 0, 1, 0, 1, 0, 0, 0])/((1 - 4*ep)*mTsq) - (13*ep^3*DB[1, 0, 0, 1, 0, 1, 0, 0, 0])/((1 - 4*ep)*mTsq) + (27*ep^4*DB[1, 0, 0, 1, 0, 1, 0, 0, 0])/((1 - 4*ep)*mTsq) - (18*ep^5*DB[1, 0, 0, 1, 0, 1, 0, 0, 0])/((1 - 4*ep)*mTsq)
(2*ep*DB[1, 0, 0, 1, 1, 0, 0, 0, 0])/s12 - (13*ep^2*DB[1, 0, 0, 1, 1, 0, 0, 0, 0])/s12 + (27*ep^3*DB[1, 0, 0, 1, 1, 0, 0, 0, 0])/s12 - (18*ep^4*DB[1, 0, 0, 1, 1, 0, 0, 0, 0])/s12
ep^2*s16*DB[0, 2, 0, 1, 0, 2, 0, 0, 0]
2*ep^2*mTsq*DB[0, 2, 0, 1, 0, 2, 0, 0, 0] + ep^2*mTsq*DB[0, 2, 0, 2, 0, 1, 0, 0, 0] - ep^2*s16*DB[0, 2, 0, 2, 0, 1, 0, 0, 0]
ep^2*s345*DB[0, 0, 2, 1, 0, 2, 0, 0, 0]
2*ep^2*mTsq*DB[0, 0, 2, 1, 0, 2, 0, 0, 0] + ep^2*mTsq*DB[0, 0, 2, 2, 0, 1, 0, 0, 0] - ep^2*s345*DB[0, 0, 2, 2, 0, 1, 0, 0, 0]
(ep^2*DB[1, 0, 1, 0, 0, 1, 0, 0, 0])/mTsq - (3*ep^3*DB[1, 0, 1, 0, 0, 1, 0, 0, 0])/mTsq + (2*ep^4*DB[1, 0, 1, 0, 0, 1, 0, 0, 0])/mTsq
ep^3*DB[1, 0, 0, 2, 1, 1, 0, 0, 0]*root[-4*mTsq*s12 + (-mTsq - s12 + s345)^2]
ep^2*s345*DB[1, 0, 0, 1, 1, 2, 0, 0, 0] - 2*ep^3*s345*DB[1, 0, 0, 1, 1, 2, 0, 0, 0] + (ep^3*mTsq*DB[1, 0, 0, 2, 1, 1, 0, 0, 0])/2 - (ep^3*s12*DB[1, 0, 0, 2, 1, 1, 0, 0, 0])/2 - (ep^3*s345*DB[1, 0, 0, 2, 1, 1, 0, 0, 0])/2
ep^2*DB[0, 1, 0, 1, 1, 0, 1, 0, 0] - 5*ep^3*DB[0, 1, 0, 1, 1, 0, 1, 0, 0] + 6*ep^4*DB[0, 1, 0, 1, 1, 0, 1, 0, 0]
-(ep^3*s16*DB[0, 1, 0, 2, 1, 1, 0, 0, 0]) + ep^3*s345*DB[0, 1, 0, 2, 1, 1, 0, 0, 0]
ep^3*DB[0, 0, 1, 2, 0, 1, 1, 0, 0]*root[-4*mTsq*s12 + (-mTsq - s12 + s345)^2]
ep^2*DB[1, 0, 1, 0, 1, 0, 1, 0, 0] - 4*ep^3*DB[1, 0, 1, 0, 1, 0, 1, 0, 0] + 4*ep^4*DB[1, 0, 1, 0, 1, 0, 1, 0, 0]
ep^2*s345*DB[1, 0, 1, 0, 1, 2, 0, 0, 0] - 2*ep^3*s345*DB[1, 0, 1, 0, 1, 2, 0, 0, 0]
ep^3*DB[1, 0, 1, 1, 0, 2, 0, 0, 0]*root[-4*mTsq*s12 + (-mTsq - s12 + s345)^2]
ep^3*DB[1, 0, 1, 2, 0, 1, 0, 0, 0]*root[-4*mTsq*s12 + (-mTsq - s12 + s345)^2]
-(ep^3*mTsq*DB[1, 0, 1, 1, 0, 2, 0, 0, 0]) - ep^3*s12*DB[1, 0, 1, 1, 0, 2, 0, 0, 0] + ep^3*s345*DB[1, 0, 1, 1, 0, 2, 0, 0, 0] - (ep^3*mTsq*DB[1, 0, 1, 2, 0, 1, 0, 0, 0])/2 - (ep^3*s12*DB[1, 0, 1, 2, 0, 1, 0, 0, 0])/2 + (ep^3*s345*DB[1, 0, 1, 2, 0, 1, 0, 0, 0])/2 + ep^2*mTsq*s12*DB[2, 0, 1, 1, 0, 2, 0, 0, 0]
ep^3*DB[0, 1, 0, 1, 1, 1, 1, 0, 0]*root[-4*mTsq*s12 + (-mTsq - s12 + s345)^2] - 2*ep^4*DB[0, 1, 0, 1, 1, 1, 1, 0, 0]*root[-4*mTsq*s12 + (-mTsq - s12 + s345)^2]
-(ep^3*mTsq*s12*DB[0, 1, 0, 2, 1, 1, 1, 0, 0]) + ep^3*s12*s16*DB[0, 1, 0, 2, 1, 1, 1, 0, 0]
-(ep^4*mTsq*DB[1, 1, 0, 1, 1, 1, 0, 0, 0]) + ep^4*s12*DB[1, 1, 0, 1, 1, 1, 0, 0, 0] + ep^4*s16*DB[1, 1, 0, 1, 1, 1, 0, 0, 0]
-(ep^3*mTsq*s12*DB[1, 1, 0, 2, 1, 1, 0, 0, 0]) + ep^3*s12*s16*DB[1, 1, 0, 2, 1, 1, 0, 0, 0]
ep^3*DB[1, 0, 1, 0, 1, 1, 1, 0, 0]*root[-4*mTsq*s12 + (-mTsq - s12 + s345)^2] - 2*ep^4*DB[1, 0, 1, 0, 1, 1, 1, 0, 0]*root[-4*mTsq*s12 + (-mTsq - s12 + s345)^2]
ep^4*DB[1, 0, 1, 1, 1, 1, 0, 0, 0]*root[-4*mTsq*s12 + (-mTsq - s12 + s345)^2]
ep^4*s12*DB[0, 1, 1, 1, 0, 1, 1, 0, 0] + ep^4*s16*DB[0, 1, 1, 1, 0, 1, 1, 0, 0] - ep^4*s345*DB[0, 1, 1, 1, 0, 1, 1, 0, 0]
-(ep^3*mTsq*s12*DB[0, 1, 1, 2, 0, 1, 1, 0, 0]) + ep^3*s12*s16*DB[0, 1, 1, 2, 0, 1, 1, 0, 0]
ep^3*s12*s16*DB[1, 1, 1, 1, 0, 2, 0, 0, 0]
-(ep^3*mTsq*s12*DB[1, 1, 1, 1, 0, 2, 0, 0, 0]) - ep^3*mTsq*s12*DB[1, 1, 1, 2, 0, 1, 0, 0, 0] + ep^3*s12*s16*DB[1, 1, 1, 2, 0, 1, 0, 0, 0]
-(ep^4*s12*s16*DB[1, 1, 1, 1, 1, 1, 0, 0, 0]) + ep^4*s12*s345*DB[1, 1, 1, 1, 1, 1, 0, 0, 0]
-(ep^4*mTsq*s12^2*DB[1, 1, 1, 1, 1, 1, 1, 0, 0]) + ep^4*s12^2*s16*DB[1, 1, 1, 1, 1, 1, 1, 0, 0]
ep^4*s12*DB[1, 1, 1, 1, 0, 1, 1, 0, 0]*root[-4*mTsq*s12 + (-mTsq - s12 + s345)^2] - ep^4*s12*DB[1, 1, 1, 1, 1, 1, 0, 0, 0]*root[-4*mTsq*s12 + (-mTsq - s12 + s345)^2] + ep^4*s12*DB[1, 1, 1, 1, 1, 1, 1, -1, 0]*root[-4*mTsq*s12 + (-mTsq - s12 + s345)^2] - ep^4*s12^2*DB[1, 1, 1, 1, 1, 1, 1, 0, 0]*root[-4*mTsq*s12 + (-mTsq - s12 + s345)^2]
-(ep^3*mTsq*s12*DB[0, 1, 0, 2, 1, 1, 1, 0, 0]) + ep^3*s12*s345*DB[0, 1, 0, 2, 1, 1, 1, 0, 0] + (ep^3*mTsq*s12*DB[0, 1, 1, 2, 0, 1, 1, 0, 0])/2 - (ep^3*s12*s345*DB[0, 1, 1, 2, 0, 1, 1, 0, 0])/2 + ep^4*s12^2*DB[1, 1, 1, 1, 1, 1, 1, 0, -1] - ep^4*mTsq*s12^2*DB[1, 1, 1, 1, 1, 1, 1, 0, 0]