2006 10802152498150305269 1 8
4 1 8 2 6 9 10 7 

2012 2011599454759641807 1 8
4 8 2 3 10 6 9 7 

2010 867599183601508751 1 8
4 1 8 3 6 9 10 7 

2009 9622121987429921324 1 8
4 0 8 3 9 10 6 7 

2034 11763390962994504263 1 8
4 1 8 6 9 5 10 7 

1886 1719442761469743025 1 8
4 6 9 10 1 8 2 3 

2040 4732551592242402116 1 8
4 8 3 9 5 10 6 7 

1883 3924906069736776325 1 8
4 6 9 10 1 8 0 3 

2005 2557068616424799056 1 8
4 0 2 8 9 10 6 7 

2036 12937000618964668515 1 8
4 2 8 5 9 10 6 7 

1885 16096417022598764380 1 8
4 9 10 6 0 2 8 3 

1916 13072124666828507615 1 8
4 2 8 3 5 9 10 6 

1974 5666440112592956433 1 8
4 1 8 2 9 5 10 7 

2003 10561534857782373600 1 8
4 1 8 0 6 9 10 7 

1910 1602805484163229643 1 8
4 1 8 2 6 9 5 10 

1914 8695835331349537333 1 8
4 1 8 3 6 9 5 10 

2033 12883929701523979641 1 8
4 0 8 9 5 10 6 7 

1943 4834844171245980827 1 8
4 9 10 7 1 8 2 0 

1978 11893609287970035234 1 8
4 1 8 3 9 5 10 7 

1950 14463508521243792065 1 8
4 9 10 7 1 8 2 3 

1879 4446784216280295592 1 8
4 6 9 10 1 8 2 0 

1980 4721976450617693239 1 8
4 2 8 3 5 9 10 7 

1949 6230337800990327432 1 8
4 9 10 7 0 2 8 3 

1909 7274599510860028784 1 8
4 2 0 8 9 5 10 6 

1907 12399955386995622695 1 8
4 1 8 0 6 9 5 10 

1854 15340190414102336507 1 8
4 9 5 10 1 8 2 3 

1913 3438923412305325133 1 8
4 0 8 3 9 5 10 6 

1847 10971719336716522730 1 8
4 9 5 10 1 8 2 0 

1973 4233823954276804568 1 8
4 2 0 8 9 5 10 7 

1947 5561234898797286402 1 8
4 9 10 7 1 8 0 3 

1977 9467187729136494446 1 8
4 0 8 3 9 5 10 7 

1971 6123252408932070297 1 8
4 1 8 0 9 5 10 7 

1851 12913997698889365418 1 8
4 9 5 10 1 8 0 3 

1823 17193049660502828636 1 8
4 9 10 1 8 2 0 3 

1998 16680429603858056121 1 8
1 8 2 3 10 6 9 7 

1853 15814814089140943671 1 8
4 9 5 10 2 0 8 3 

1997 15511131967659450227 1 8
0 2 3 8 10 6 9 7 

2028 8736497490553713820 1 8
2 3 8 9 5 10 6 7 

1902 14140045587122388658 1 8
1 8 2 3 9 5 10 6 

2022 18120900907014639437 1 8
1 8 2 9 5 10 6 7 

1991 7585457735332988529 1 8
1 8 2 0 10 6 9 7 

2026 9469678060508822462 1 8
1 8 3 9 5 10 6 7 

1995 6231004601757576044 1 8
1 8 3 0 10 6 9 7 

1871 4842286192560039065 1 8
10 6 9 1 8 2 0 3 

1966 1554173505901497645 1 8
1 8 2 3 9 5 10 7 

1895 7459318626531575931 1 8
1 8 2 0 9 5 10 6 

2021 16074622009893987841 1 8
2 0 8 9 5 10 6 7 

2025 12725937861780903296 1 8
3 0 8 9 5 10 6 7 

2019 13097903825787280021 1 8
1 8 0 9 5 10 6 7 

1899 15252858147208211511 1 8
1 8 3 0 9 5 10 6 

1901 17487303018104573207 1 8
0 2 3 8 9 5 10 6 

1758 17176519336521944778 1 8
4 1 2 3 6 9 7 10 

1757 17696529272486837697 1 8
4 0 2 3 9 10 6 7 

1959 11374806286020456609 1 8
1 8 2 0 9 5 10 7 

1935 17613964579129619119 1 8
10 9 7 1 8 2 0 3 

1751 12671166000153267816 1 8
4 1 2 0 6 9 7 10 

1963 11336976107253505145 1 8
1 8 3 0 9 5 10 7 

1965 13227231956641888552 1 8
9 5 10 7 0 2 3 8 

1662 5963680597611290500 1 8
4 1 2 3 6 9 5 10 

1786 11643471740369915916 1 8
4 1 3 6 9 5 7 10 

1755 13216773928255676276 1 8
4 1 0 3 6 9 7 10 

1782 18010360123533384613 1 8
4 1 2 6 9 5 7 10 

1839 12898766323539583430 1 8
9 5 10 1 8 2 0 3 

1788 18370360230401247725 1 8
4 2 3 5 9 10 6 7 

1631 3950581516758620255 1 8
4 6 9 10 1 2 0 3 

1726 1126785762919781278 1 8
4 1 2 3 9 5 7 10 

1779 12248000089850243096 1 8
4 1 0 6 9 5 7 10 

1661 15149513994144825319 1 8
4 2 0 3 9 5 10 6 

1655 1364558680252908356 1 8
4 1 2 0 6 9 5 10 

1781 13056214103167156131 1 8
4 2 0 9 5 10 6 7 

1599 11238151630370472517 1 8
4 9 5 10 1 2 0 3 

1785 13295965620152204096 1 8
4 0 3 9 5 10 6 7 

1659 17936253993641090936 1 8
4 1 0 3 6 9 5 10 

1723 17077560591256078187 1 8
4 1 0 3 9 5 7 10 

1695 6190833132304780012 1 8
4 9 7 10 1 2 0 3 

1725 6389222097875530023 1 8
4 2 0 3 9 5 10 7 

1719 6253535214686228404 1 8
4 1 2 0 9 5 7 10 

1743 11191475599789009823 1 8
2 1 0 3 10 6 9 7 

1774 1114434680446765346 1 8
1 2 3 9 5 10 6 7 

1773 14741468765276340950 1 8
0 2 3 9 5 10 6 7 

1711 10708164700974309951 1 8
2 1 0 3 9 5 10 7 

1526 3895204491415668196 1 8
4 1 8 2 6 5 10 7 

1647 11903859644482398588 1 8
2 1 0 3 9 5 10 6 

1767 15660205664112698073 1 8
2 1 0 9 5 10 6 7 

1499 4677953452891779252 1 8
4 6 10 7 1 8 3 0 

1502 592014390405039883 1 8
4 6 10 7 1 8 2 3 

1771 5015980468086987712 1 8
3 1 0 9 5 10 6 7 

1532 15860778253550864969 1 8
4 2 8 3 5 10 6 7 

1495 7419080653588998894 1 8
4 6 10 7 1 8 2 0 

1530 16679933884358023222 1 8
4 1 8 3 6 10 7 5 

1529 14370352561808912943 1 8
4 8 3 0 10 6 7 5 

1470 14275823529811679496 1 8
4 5 10 7 1 8 2 3 

1501 1168395173916493422 1 8
4 10 6 7 2 0 8 3 

1375 16893497540390067049 1 8
4 6 10 1 8 2 0 3 

1406 2492511821554662407 1 8
4 6 5 10 1 8 2 3 

1405 10909844038939253565 1 8
4 5 10 6 2 0 8 3 

1399 6281884801242073436 1 8
4 6 5 10 1 8 2 0 

1523 14991644835826155437 1 8
4 1 8 0 6 10 7 5 

1463 8255874451089055738 1 8
4 5 10 7 1 8 2 0 

1525 7701743474036380405 1 8
4 2 0 8 5 10 6 7 

1403 10238820576662997471 1 8
4 6 10 5 1 8 3 0 

1518 384773644048237820 1 8
1 8 2 3 10 6 7 5 

1439 9540888096403456262 1 8
4 10 7 1 8 2 0 3 

1469 14357041531596623184 1 8
4 5 10 7 2 0 8 3 

1343 1316248996812869688 1 8
4 5 10 1 8 2 0 3 

1467 14317405458856169369 1 8
4 10 7 5 8 1 3 0 

1263 7370849790628067951 1 8
2 1 0 3 10 6 7 5 

1487 10907481027373197098 1 8
10 6 7 1 8 2 0 3 

1517 15139464091474925378 1 8
0 2 3 8 10 6 7 5 

990 17944543190568281830 1 8
4 6 9 7 1 8 2 3 

1247 13479569918521213665 1 8
4 6 7 10 1 2 0 3 

1455 11683811719113163404 1 8
7 5 10 1 8 2 0 3 

1151 12197216450226884741 1 8
4 6 5 10 1 2 0 3 

1271 10576567941601425183 1 8
4 1 2 0 6 5 7 10 

987 28973158323190899 1 8
4 6 9 7 1 8 0 3 

1511 10427733084075123467 1 8
1 8 2 0 10 6 7 5 

1391 4359911814845919097 1 8
10 6 5 1 8 2 0 3 

1515 15482402740157948790 1 8
1 8 3 0 10 6 7 5 

1278 3452204493934191739 1 8
4 1 2 3 6 5 7 10 

1277 9895883040975255412 1 8
4 2 0 3 5 10 6 7 

1018 17693124480408008988 1 8
4 1 8 3 6 9 5 7 

989 16487682989539743233 1 8
4 9 7 6 0 2 3 8 

1215 15957484355040247709 1 8
4 5 7 10 2 1 0 3 

1275 18292563440312056136 1 8
4 1 3 0 6 7 10 5 

983 13328379394587749790 1 8
4 6 9 7 1 8 2 0 

1020 4251933621957105250 1 8
4 2 3 8 5 9 7 6 

1014 16853674243006449767 1 8
4 1 8 2 6 9 5 7 

894 1933162732080743881 1 8
4 6 9 5 1 8 2 3 

1017 8637149935939454004 1 8
4 0 3 8 9 5 7 6 

1011 15768725103209391047 1 8
4 1 8 0 6 9 5 7 

958 5035836269021854172 1 8
4 9 5 7 1 8 2 3 

1013 17478777788914102065 1 8
4 0 2 8 5 9 7 6 

887 9074554418974899237 1 8
4 6 9 5 1 8 2 0 

863 18016194385485614539 1 8
4 6 9 1 8 2 0 3 

927 15303480015287383437 1 8
4 9 7 1 8 2 0 3 

957 10648215295935844983 1 8
4 5 9 7 0 2 3 8 

891 14517348305945614510 1 8
4 6 9 5 1 8 0 3 

955 6753054852894429424 1 8
4 9 5 7 1 8 0 3 

893 14579521563630189476 1 8
4 5 9 6 0 2 3 8 

951 10610025932253848270 1 8
4 9 5 7 1 8 2 0 

759 13655406773851852142 1 8
4 1 2 0 6 9 5 7 

735 17423758325735440675 1 8
4 6 9 7 1 2 0 3 

751 17163326184740671361 1 8
2 1 0 3 5 9 7 6 

766 10523895426528824500 1 8
4 1 2 3 6 9 5 7 

765 13224952988607483509 1 8
4 0 2 3 5 9 7 6 

943 12362594996694680445 1 8
5 9 7 1 8 2 0 3 

703 6665762066400154887 1 8
4 9 5 7 1 2 0 3 

831 268626134719320124 1 8
4 9 5 1 8 2 0 3 

1006 16740969681649172094 1 8
1 8 2 3 5 9 7 6 

879 5820606671201022051 1 8
9 5 6 1 8 2 0 3 

1005 14841740249906677423 1 8
5 9 7 6 0 2 3 8 

999 5487951234728658022 1 8
1 8 2 0 5 9 7 6 

763 2172415662178993739 1 8
4 1 0 3 6 9 5 7 

975 14852286907211200453 1 8
9 7 6 1 8 2 0 3 

1003 5138214623466619233 1 8
1 8 3 0 5 9 7 6 

495 10721196432219825490 2 8
5 7 6 1 8 2 0 3 
7 5 6 1 8 2 0 3 

639 18101924487406650012 1 8
4 6 9 5 1 2 0 3 

510 8425382983638380581 1 8
4 6 5 7 1 8 2 3 

447 12772586974211293917 1 8
4 5 7 1 8 2 0 3 

255 4153750509416381949 1 8
4 6 5 7 1 2 0 3 

503 10159578224728598614 1 8
4 6 5 7 1 8 2 0 

479 9658272028518186742 1 8
4 6 7 1 8 2 0 3 

507 152113522573958739 1 8
4 6 7 5 1 8 3 0 

383 359672474472236510 1 8
4 6 5 1 8 2 0 3 

509 2069250983218810503 1 8
4 5 7 6 2 0 3 8 

2002 6778502663466615685 1 7
4 1 8 6 9 10 7 

2004 15534029423736920503 1 7
4 8 2 10 6 9 7 

2008 2640074970147557519 1 7
4 8 3 10 6 9 7 

2032 2353915783279725576 2 7
4 8 9 5 10 6 7 
8 4 9 5 10 6 7 

1884 5263750835447289117 1 7
4 10 6 9 8 2 3 

1878 10595998751739976112 1 7
4 1 8 2 6 9 10 

1882 6909072013145520141 1 7
4 1 8 3 6 9 10 

1942 4377792188842767481 1 7
4 1 8 2 9 10 7 

2001 17454559088834857945 1 7
4 0 8 9 10 6 7 

1875 5469952257381581969 1 7
4 1 8 0 6 9 10 

1877 17300315125276845530 1 7
4 0 2 8 9 10 6 

1946 5787765797778262814 1 7
4 1 8 3 9 10 7 

1912 6442889405825147163 1 7
4 8 3 9 5 10 6 

1881 11254332044126608901 1 7
4 0 8 3 9 10 6 

1908 8066167818049345525 1 7
4 2 8 5 9 10 6 

1972 15556687306017680577 1 7
4 2 8 5 9 10 7 

1948 9322224991174489656 1 7
4 10 9 7 8 2 3 

1976 1343951526189307954 1 7
4 8 3 9 5 10 7 

1970 5901175844935561235 1 7
4 1 8 9 5 10 7 

1941 2668491410275368522 1 7
4 0 2 8 9 10 7 

1822 16685612442004095052 1 7
4 9 10 1 8 2 3 

1906 4182472557695328562 1 7
4 1 8 6 9 5 10 

1852 10882010956383033792 1 7
4 5 9 10 2 8 3 

1939 9964939884781502129 1 7
4 1 8 0 9 10 7 

1945 5468025965887679475 1 7
4 9 10 7 0 8 3 

1850 11106822441992137374 1 7
4 1 8 3 9 5 10 

1846 5833154119562439472 1 7
4 1 8 2 9 5 10 

1821 17119654685312930425 1 7
4 9 10 0 2 8 3 

1969 10714976000508119751 1 7
4 0 8 9 5 10 7 

1905 1614098399836237883 1 7
4 0 8 9 5 10 6 

1849 2751312092188231176 1 7
4 9 5 10 0 8 3 

1819 14391362785295215263 1 7
4 9 10 1 8 0 3 

1815 660630794662506621 1 7
4 9 10 1 8 2 0 

1845 12329621501207504260 1 7
4 9 5 10 2 0 8 

1843 4111310221094223525 1 7
4 1 8 0 9 5 10 

1989 4979563343346261151 1 7
2 0 8 10 6 9 7 

1994 5295898667836258926 1 7
1 8 3 10 6 9 7 

1996 7231411143066135465 1 7
2 3 8 10 6 9 7 

2020 2466665710301432143 1 7
2 8 9 5 10 6 7 

1990 1878636760248826006 1 7
1 8 2 10 6 9 7 

2024 13069401369997869194 2 7
3 8 9 5 10 6 7 
8 3 9 5 10 6 7 

1867 8398671370970945283 1 7
10 6 9 1 8 3 0 

1993 5799476213978622582 1 7
3 0 8 10 6 9 7 

1934 10794120778491428678 1 7
10 9 7 1 8 2 3 

1870 3724951088108437985 1 7
10 6 9 1 8 2 3 

1900 11805860827948788755 1 7
2 3 8 9 5 10 6 

1894 4779228234555414334 1 7
1 8 2 9 5 10 6 

1893 8603308478854053918 1 7
2 0 8 9 5 10 6 

1863 15670998740704868303 1 7
10 6 9 1 8 2 0 

2018 7846855979813317598 1 7
1 8 9 5 10 6 7 

1964 10253614471084652102 1 7
2 3 8 9 5 10 7 

1869 14112119039271160023 1 7
10 6 9 0 2 3 8 

1898 10524818923192404489 1 7
1 8 3 9 5 10 6 

1933 11448483074664917390 1 7
10 9 7 0 2 3 8 

1987 9438600470994746659 1 7
1 8 0 10 6 9 7 

1962 15392243882738750525 1 7
1 8 3 9 5 10 7 

1891 12545075981133705235 1 7
1 8 0 9 5 10 6 

1897 393500488708713756 1 7
3 0 8 9 5 10 6 

1931 3706032619858483882 1 7
10 9 7 1 8 3 0 

1958 9737312465326838560 1 7
1 8 2 9 5 10 7 

1961 5776088946124164667 1 7
3 0 8 9 5 10 7 

1955 894097928656447177 1 7
1 8 0 9 5 10 7 

1927 2186441436347413165 1 7
10 9 7 1 8 2 0 

1957 18236398907746404474 1 7
2 0 8 9 5 10 7 

1838 14950732965632497913 1 7
9 5 10 1 8 2 3 

1831 15540816974081305260 1 7
9 5 10 1 8 2 0 

1630 17255878320357105931 1 7
4 1 2 3 6 9 10 

1837 8387383582342189199 1 7
9 5 10 0 2 3 8 

1835 17161465042200853824 1 7
9 5 10 1 8 3 0 

1807 7331092454128315039 1 7
9 10 1 8 2 0 3 

1623 13576989871442900349 1 7
4 1 2 0 6 9 10 

1629 461896462910871626 1 7
4 0 2 3 9 10 6 

1747 13097976102002109695 1 7
4 1 0 6 9 7 10 

1660 7580048383096259193 1 7
4 2 3 5 9 10 6 

1750 14399684691402276653 1 7
4 1 2 6 9 7 10 

1756 11305855043228565662 1 7
4 2 3 10 6 9 7 

1754 1068819065782651779 1 7
4 1 3 6 9 7 10 

1749 1632261247747711656 1 7
4 0 2 9 10 6 7 

1753 1912223179058686157 1 7
4 0 3 9 10 6 7 

1784 9045508091308577928 2 7
3 4 9 5 10 6 7 
4 3 9 5 10 6 7 

1778 17657905004604684991 1 7
1 4 6 9 5 7 10 

1627 5072384036554787055 1 7
4 1 0 3 6 9 10 

1694 11741972672774154914 1 7
4 1 2 3 9 7 10 

1780 6680715621787527606 1 7
2 4 5 9 10 6 7 

1777 17418544185611929376 2 7
0 4 9 5 10 6 7 
4 0 9 5 10 6 7 

1654 11190803424551234789 1 7
4 1 2 6 9 5 10 

1658 1816060101743253940 1 7
4 1 3 6 9 5 10 

1657 18003747322809265574 1 7
4 0 3 9 5 10 6 

1724 8959806618989882953 1 7
4 2 3 5 9 10 7 

1693 14412537620919999468 1 7
4 0 2 3 9 10 7 

1653 11104386741831081567 1 7
4 2 0 9 5 10 6 

1718 9107216908269392486 1 7
4 1 2 9 5 7 10 

1651 15795127814536466157 1 7
4 1 0 6 9 5 10 

1766 12128265678772919491 2 7
1 2 9 5 10 6 7 
2 1 9 5 10 6 7 

1691 3427881569605771904 1 7
4 9 7 10 1 0 3 

1687 10846379177955306504 1 7
4 1 2 0 9 7 10 

1722 15664939853708684802 1 7
4 1 3 9 5 7 10 

1591 5609142050671234676 1 7
4 1 2 0 9 5 10 

1717 4556533582439546645 1 7
4 2 0 9 5 10 7 

1598 16189267515634223325 1 7
4 1 2 3 9 5 10 

1721 1494033249095148458 1 7
4 0 3 9 5 10 7 

1715 14418164752373172344 1 7
4 1 0 9 5 7 10 

1567 2387782223580401644 1 7
4 9 10 1 2 0 3 

1597 3496265899357743787 1 7
4 9 5 10 2 0 3 

1739 8806107465014099088 1 7
3 1 0 10 6 9 7 

1710 1530872520490740618 1 7
1 2 3 9 5 10 7 

1742 2826271854318861270 1 7
1 2 3 10 6 9 7 

1595 1797933728509617845 1 7
4 9 5 10 1 0 3 

1741 18379596197731178888 1 7
0 2 3 10 6 9 7 

1615 11448434767858101914 1 7
10 6 9 2 1 0 3 

1735 2984299327412828025 1 7
2 1 0 10 6 9 7 

1765 5895088918925881941 1 7
2 0 9 5 10 6 7 

1772 1603231166483104884 1 7
2 3 9 5 10 6 7 

1769 14124209722735658338 2 7
0 3 9 5 10 6 7 
3 0 9 5 10 6 7 

1763 1603231166483104884 1 7
1 0 9 5 10 6 7 

1643 253872041581717780 1 7
3 1 0 9 5 10 6 

1770 5861484755885691274 1 7
1 3 9 5 10 6 7 

1646 14742701907299384277 1 7
1 2 3 9 5 10 6 

1679 15116310568696841506 1 7
10 9 7 2 1 0 3 

1639 4052206088939788221 1 7
2 1 0 9 5 10 6 

1583 1967510597586304872 1 7
9 5 10 2 1 0 3 

1645 2483106505955691057 1 7
0 2 3 9 5 10 6 

1703 5191741411943724819 1 7
2 1 0 9 5 10 7 

1709 12638829695745138031 1 7
0 2 3 9 5 10 7 

1707 6696900927267979009 1 7
3 1 0 9 5 10 7 

1498 12136300750089040921 1 7
4 1 8 3 6 10 7 

1500 7337186070484100392 1 7
4 10 6 7 8 2 3 

1494 1231202903759637679 1 7
4 1 8 2 6 10 7 

1522 10311853094973982605 1 7
4 1 8 6 10 7 5 

1497 5448788581427141329 1 7
4 10 6 7 8 0 3 

1493 7457105737975112315 1 7
4 2 0 8 10 6 7 

1374 12705914870282136949 1 7
4 6 10 1 8 2 3 

1524 934520492515705232 1 7
4 2 8 5 10 6 7 

1398 17680659191858026878 1 7
4 1 8 2 6 5 10 

1528 1965238273532443792 1 7
4 8 3 10 6 5 7 

1402 5881433837133791604 1 7
4 1 8 3 6 10 5 

1491 10210482469167245760 1 7
4 1 8 0 6 10 7 

1438 12718942381099937713 1 7
4 10 7 1 8 2 3 

1404 4012740782680167355 1 7
4 2 8 3 5 10 6 

1373 3381860423370940514 1 7
4 10 6 2 0 8 3 

1468 14397246657983264001 1 7
4 2 8 3 5 10 7 

1367 18101808368905673451 1 7
4 6 10 1 8 2 0 

1462 11231064735672370460 1 7
4 1 8 2 5 10 7 

1521 7856524331409020825 1 7
4 8 0 10 6 7 5 

1465 17481891517589043211 1 7
4 10 7 5 8 3 0 

1397 5163162281758662153 1 7
4 2 0 8 5 10 6 

1371 17379618567303481537 1 7
4 6 10 1 8 3 0 

1466 14947420686929171866 1 7
4 8 1 3 10 7 5 

1437 15969332772926480577 1 7
4 10 7 2 0 8 3 

1459 8910337839179108250 1 7
4 8 1 0 10 7 5 

1401 3852969466921310343 1 7
4 10 6 5 8 3 0 

1435 17552048305068216197 1 7
4 10 7 8 1 3 0 

1395 10250491633970310298 1 7
4 1 8 0 6 10 5 

1342 10255459346381703913 1 7
4 5 10 1 8 2 3 

1311 16870229337278315570 2 7
4 10 1 8 2 0 3 
10 4 1 8 2 0 3 

1431 13807622661311274287 1 7
4 10 7 1 8 2 0 

1461 17839735902112565356 1 7
4 2 0 8 5 10 7 

1486 2655394254486954060 1 7
10 6 7 1 8 2 3 

1335 988580753605341422 1 7
4 5 10 1 8 2 0 

1341 11750622928405710202 1 7
4 5 10 2 0 8 3 

1339 9132774471362071913 1 7
4 10 5 8 1 3 0 

1514 1206981790194734424 1 7
1 8 3 10 6 7 5 

1516 9399369670738039674 1 7
2 3 8 10 6 7 5 

1390 3268840352745511419 1 7
10 6 5 1 8 2 3 

1485 7286439620517367096 1 7
10 6 7 0 2 3 8 

1483 7180909633787817988 1 7
10 6 7 1 8 3 0 

1509 11036820564334254538 1 7
2 0 8 10 6 7 5 

1359 2823005880457196970 2 7
6 10 1 8 2 0 3 
10 6 1 8 2 0 3 

1423 3389427984041428883 2 7
7 10 1 8 2 0 3 
10 7 1 8 2 0 3 

1510 2591092412472513761 1 7
1 8 2 10 6 7 5 

1513 17358198415165418403 1 7
3 0 8 10 6 7 5 

1327 14086547105759315858 2 7
5 10 1 8 2 0 3 
10 5 1 8 2 0 3 

1454 2791354935228010577 1 7
7 5 10 1 8 2 3 

1479 11999940930684446840 1 7
10 6 7 1 8 2 0 

1383 3807054233198510238 1 7
10 6 5 1 8 2 0 

1245 17784703043816293499 1 7
4 2 0 3 10 6 7 

1389 228690565701071356 1 7
10 6 5 0 2 3 8 

1507 3574981098648057381 1 7
1 8 0 10 6 7 5 

1246 3889421736849338450 1 7
4 1 2 3 6 7 10 

1276 5988626394332467424 1 7
4 2 3 5 10 6 7 

1447 16738049108754421685 1 7
7 5 10 1 8 2 0 

1387 9473785140772254940 1 7
10 6 5 1 8 3 0 

1451 735063767809449546 1 7
7 5 10 1 8 3 0 

1239 1084637532879628860 1 7
4 1 2 0 6 7 10 

1453 268667340368243370 1 7
7 5 10 0 2 3 8 

1270 9330220430805392080 1 7
4 1 2 6 5 7 10 

1243 402445313415791355 1 7
4 1 3 0 6 7 10 

1274 7820583143160888702 1 7
4 1 3 6 7 10 5 

1267 15291784895848134535 1 7
4 1 0 6 7 10 5 

1150 13961678326295028102 1 7
4 1 2 3 6 5 10 

1214 17323782321136513990 1 7
4 2 1 3 5 7 10 

1269 15473329871786287017 1 7
4 2 0 5 10 6 7 

1273 16202303572587701964 1 7
4 3 0 10 6 7 5 

1143 11905908956659090778 1 7
4 1 2 0 6 5 10 

1119 4603677561676184426 1 7
4 6 10 1 2 0 3 

1147 11446008516447060913 1 7
4 1 3 0 6 10 5 

1207 11715470450941392288 1 7
4 2 1 0 5 7 10 

1183 208407791277871906 1 7
4 7 10 2 1 0 3 

1149 16057010510537513386 1 7
4 2 0 3 5 10 6 

1211 2871001247772509029 1 7
4 1 3 0 7 5 10 

982 3719147412674003260 1 7
4 1 8 2 6 9 7 

1213 15726977811370979064 1 7
4 2 0 3 5 10 7 

1087 17884751359298033943 1 7
4 5 10 2 1 0 3 

1262 5509863723083251666 1 7
1 2 3 10 6 7 5 

988 8872209227285142868 1 7
4 8 2 3 6 9 7 

1255 4946911696516609546 1 7
2 1 0 10 6 7 5 

986 3848600123722101142 1 7
4 1 8 3 6 9 7 

1199 5469029201520762445 1 7
7 5 10 2 1 0 3 

862 12963363157856961866 1 7
4 6 9 1 8 2 3 

1135 17867312602683734629 1 7
10 6 5 2 1 0 3 

1259 17904432387252533709 1 7
3 1 0 10 6 7 5 

1231 1532951650021108543 1 7
10 6 7 2 1 0 3 

985 11716426099825017073 1 7
4 0 3 8 9 6 7 

979 9885199900509353764 1 7
4 1 8 0 6 9 7 

1261 15303450847330223182 1 7
0 2 3 10 6 7 5 

981 10586637078820976437 1 7
4 0 2 8 9 6 7 

1012 8943755202986802880 1 7
4 2 8 5 9 7 6 

1016 16110297342873407038 1 7
4 3 8 5 9 7 6 

1010 5230933510547886750 1 7
4 1 8 6 9 5 7 

890 13385506668154017964 1 7
4 1 8 3 6 9 5 

861 6495024833689357029 1 7
4 9 6 0 2 3 8 

1009 13955442906544984396 1 7
4 0 8 9 5 7 6 

886 12166252598180511400 1 7
4 1 8 2 6 9 5 

892 3897998593285228702 1 7
4 5 9 6 2 8 3 

859 14084112497697341186 1 7
4 6 9 1 8 0 3 

855 8975885371048804306 1 7
4 6 9 1 8 2 0 

950 4993724312802121916 1 7
4 1 8 2 9 5 7 

956 3450780361087491179 1 7
4 5 9 7 2 3 8 

926 8370193745614437002 1 7
4 9 7 1 8 2 3 

889 11744631027124385238 1 7
4 9 5 6 0 3 8 

954 5514925929951857195 1 7
4 1 8 3 9 5 7 

885 4507386317825502193 1 7
4 2 0 8 9 5 6 

883 4274373070719301535 1 7
4 1 8 0 6 9 5 

830 9649743333382519680 1 7
4 9 5 1 8 2 3 

923 8415945080125108373 1 7
4 9 7 1 8 0 3 

949 9363471382081779251 1 7
4 5 9 7 0 2 8 

925 5164175346523882871 1 7
4 9 7 0 2 3 8 

829 5326925297269987482 1 7
4 5 9 0 2 3 8 

947 1239189304038330875 1 7
4 1 8 0 9 5 7 

919 852385198806822343 1 7
4 9 7 1 8 2 0 

823 15928688252953832594 1 7
4 9 5 1 8 2 0 

953 17259615926197934094 1 7
4 9 5 7 0 3 8 

799 10394433583290887278 1 7
9 4 1 8 2 0 3 

974 14175355659238109014 1 7
9 7 6 1 8 2 3 

973 15218888434953604935 1 7
9 7 6 0 2 3 8 

827 15225047392323756800 1 7
4 9 5 1 8 0 3 

1002 1526095368339978563 1 7
1 8 3 5 9 7 6 

971 9772432196274565238 1 7
9 7 6 1 8 3 0 

998 2683824944247500188 1 7
1 8 2 5 9 7 6 

1004 15269148175452571467 1 7
2 3 8 5 9 7 6 

967 18186778241567805566 1 7
9 7 6 1 8 2 0 

878 14172518490042597070 1 7
9 5 6 1 8 2 3 

1001 5816912807119269406 1 7
3 0 8 5 9 7 6 

997 14649020917839095303 1 7
2 0 8 5 9 7 6 

942 4747729897596491597 1 7
5 9 7 1 8 2 3 

995 5895171972216520754 1 7
1 8 0 5 9 7 6 

847 6868463463024684077 1 7
9 6 1 8 2 0 3 

877 7040440832141614068 1 7
9 5 6 0 2 3 8 

762 13071549425490507798 1 7
4 1 3 6 9 5 7 

871 10200287777120792052 1 7
9 5 6 1 8 2 0 

764 8451168526362293085 1 7
4 2 3 5 9 7 6 

607 1748884767674057629 1 7
4 6 9 1 2 0 3 

941 12080779060824522541 1 7
5 9 7 0 2 3 8 

875 7055202176817645787 1 7
9 5 6 1 8 3 0 

815 10385434339612325901 1 7
9 5 1 8 2 0 3 

911 3700939246710000156 1 7
9 7 1 8 2 0 3 

701 6254106229265472609 2 7
4 0 2 3 5 9 7 
4 5 9 7 0 2 3 

733 8939044146492088428 1 7
4 0 2 3 9 7 6 

731 2328906504088110040 1 7
4 1 0 3 6 9 7 

638 3981738846427533617 1 7
4 1 2 3 6 9 5 

727 12328014080262355311 1 7
4 1 2 0 6 9 7 

575 16600605349834051188 1 7
4 9 5 1 2 0 3 

699 363992500307419674 1 7
4 9 5 7 1 0 3 

637 17594911013201070464 1 7
4 0 2 3 5 9 6 

758 9193065775179493137 1 7
4 1 2 6 9 5 7 

702 12081189854163728235 1 7
4 1 2 3 9 5 7 

695 598915818845093372 1 7
4 1 2 0 9 5 7 

671 11637765767533053227 1 7
4 9 7 1 2 0 3 

757 40661180744736258 1 7
4 0 2 5 9 7 6 

635 18157970441736853688 1 7
4 1 0 3 6 9 5 

761 4905508461198112229 1 7
4 0 3 9 5 7 6 

631 15951036890260240186 1 7
4 1 2 0 6 9 5 

935 1561913143974104719 1 7
5 9 7 1 8 2 0 

734 305701201886941467 1 7
4 1 2 3 6 9 7 

755 18158286808910332855 1 7
4 1 0 6 9 5 7 

939 15021471966926264060 1 7
5 9 7 1 8 3 0 

719 18292810493545456129 1 7
9 7 6 2 1 0 3 

1305 14027516715953703327 2 5
4 10 8 3 0 
10 4 8 3 0 

1336 17000846554437990601 1 5
4 10 5 8 3 

227 10855223092621245064 2 5
1 0 5 7 6 
1 0 7 5 6 

1444 13694302746766765779 1 5
2 8 7 5 10 

1480 7801996157265138742 2 5
3 8 10 6 7 
8 3 10 6 7 

371 17670601869220513973 1 6
4 6 5 1 8 0 

1448 16394404094965053840 2 5
3 8 7 5 10 
8 3 7 5 10 

339 8309893282487742268 2 5
4 6 1 8 0 
6 4 1 8 0 

1354 14147787402429514429 2 5
6 10 1 8 3 
10 6 1 8 3 

245 10627064001002055653 1 6
4 2 0 5 7 6 

1380 6762141283545691820 1 5
2 8 10 6 5 

1384 15790226903780605999 2 5
3 8 10 6 5 
8 3 10 6 5 

1411 16892502353087275398 2 5
7 10 1 8 0 
10 7 1 8 0 

1417 3877927750640426592 2 5
7 10 3 0 8 
10 7 3 0 8 

308 8646166558654350398 2 4
4 5 2 8 
5 4 2 8 

1116 7308396778038369538 1 5
4 10 6 2 3 

1114 9816295927033614475 1 5
4 1 3 6 10 

1234 12257334537437512476 1 5
1 4 6 7 10 

125 2551468653866530108 1 6
4 5 6 2 0 3 

1054 8197205583049316650 2 5
4 10 1 2 3 
10 4 1 2 3 

1178 14416030441792769965 1 5
4 1 3 7 10 

1051 17725489125135088263 2 5
4 10 3 1 0 
10 4 3 1 0 

1180 9344859912600449896 1 5
4 10 7 2 3 

1177 4762316394679093829 1 5
4 0 3 7 10 

1208 11017785277534792261 2 5
3 4 5 7 10 
4 3 5 7 10 

1053 13549583720305444856 2 5
4 10 2 0 3 
10 4 2 0 3 

1047 7265013005117167472 2 5
4 10 2 1 0 
10 4 2 1 0 

1084 5683814854135658557 1 5
4 2 3 5 10 

1226 1589088811525572764 1 5
1 3 10 6 7 

117 13969514106574489121 1 5
4 2 0 5 6 

1221 5762964444627699760 1 5
2 0 10 6 7 

1101 1424094381309403047 2 5
6 10 0 2 3 
10 6 0 2 3 

1361 18253687883132692080 1 5
4 10 6 8 0 

252 17788192982694254864 1 6
4 2 3 5 7 6 

820 8240137350647955865 1 5
4 5 9 2 8 

1929 12987759509088871339 1 6
10 9 7 3 0 8 

916 8880686975220026165 1 5
4 9 7 2 8 

1163 5836302361034892247 2 5
7 10 3 1 0 
10 7 3 1 0 

54 3513139348815658808 2 4
4 5 2 1 
5 4 2 1 

796 3803644994283393862 1 5
9 4 2 3 8 

794 5527013490707981216 1 5
9 4 1 8 3 

818 14843700006669517911 1 5
4 1 8 9 5 

790 11158933744507845294 1 5
9 4 1 8 2 

1069 15712467822914542742 2 5
5 10 0 2 3 
10 5 0 2 3 

856 12996072831097745141 1 5
4 8 3 6 9 

1189 17867011075964327148 1 5
2 0 7 5 10 

976 4580435708232471056 2 5
4 8 6 9 7 
8 4 6 9 7 

852 17753941088668924334 1 5
4 8 2 6 9 

866 5617109545957977431 1 5
1 8 9 5 6 

920 4333487833286759985 1 5
4 9 7 3 8 

824 16153656920667583678 1 5
4 5 9 3 8 

842 1462302253893070242 1 5
9 6 1 8 3 

817 10280201800529112195 1 5
4 9 5 0 8 

1926 7548837009504127686 1 6
1 8 2 10 9 7 

914 2146740761819476670 1 5
4 1 8 9 7 

964 2492230891585707660 1 5
2 8 9 7 6 

838 17231000597680036103 1 5
9 6 1 8 2 

902 1983239222570399047 1 5
9 7 1 8 2 

844 15262928455473537997 1 5
9 6 2 3 8 

908 3242635097924405187 1 5
9 7 2 3 8 

868 8186201799163378708 1 5
2 8 9 5 6 

835 8027541635324218667 1 5
9 6 1 8 0 

1944 6388001903404437820 1 6
4 8 3 10 9 7 

793 16866332096356793650 1 5
9 4 0 3 8 

1353 13958701699221481901 2 5
6 10 3 0 8 
10 6 3 0 8 

244 8952022309200206863 1 5
2 4 5 7 6 

812 6620793652919639952 1 5
9 5 2 3 8 

1442 15562392109719005364 1 5
1 8 7 5 10 

901 6583749416635869128 1 5
9 7 2 0 8 

932 1813564685239924598 1 5
2 8 5 9 7 

930 14238731852170301412 1 5
1 8 5 9 7 

1378 3367796876275145507 1 5
1 8 10 6 5 

837 3192849389087645290 1 5
9 6 2 0 8 

1413 10411043406570903855 2 5
7 10 2 0 8 
10 7 2 0 8 

872 17263055617415733812 2 5
3 8 9 5 6 
8 3 9 5 6 

968 4864453790160687686 2 5
3 8 9 7 6 
8 3 9 7 6 

1347 13633538752941538101 2 5
6 10 1 8 0 
10 6 1 8 0 

238 16022099505111036630 2 6
1 2 3 5 7 6 
1 2 3 7 5 6 

806 18363284785380610454 1 5
9 5 1 8 2 

906 13603859608808508870 1 5
9 7 1 8 3 

841 16034267640786450139 1 5
9 6 3 0 8 

936 11776414751416001239 2 5
3 8 5 9 7 
8 3 5 9 7 

899 11976803824303315078 1 5
9 7 1 8 0 

905 1508161413772295828 1 5
9 7 3 0 8 

724 15852916381761887693 1 5
2 4 9 7 6 

1833 7753434574677119218 1 6
9 5 10 3 0 8 

810 6238024362446885948 1 5
9 5 1 8 3 

604 6241573691049124959 1 5
4 2 3 9 6 

1713 8122726365895279619 2 6
0 4 9 5 10 7 
4 0 9 5 10 7 

1322 404046358413955982 2 5
5 10 1 8 3 
10 5 1 8 3 

213 151204351379764557 1 5
4 0 2 7 6 

781 8823364491859802813 1 5
9 0 2 3 8 

1890 6270322198802611217 1 6
1 8 9 5 10 6 

728 6228497157561323132 2 5
3 4 9 7 6 
4 3 9 7 6 

809 16545230887858307586 1 5
9 5 3 0 8 

803 5375049150316308019 1 5
9 5 1 8 0 

1113 8936511774668054973 1 5
4 10 6 3 0 

572 18394446648218810818 1 5
4 5 9 2 3 

1681 6064228712278613690 2 5
0 4 9 10 7 
4 0 9 10 7 

542 17337700949286949755 1 5
9 4 1 2 3 

668 1307170436568174751 2 5
4 2 3 9 7 
4 9 7 2 3 

563 9547787441611046335 1 5
4 9 5 1 0 

666 4464842638736041694 1 5
4 1 3 9 7 

1107 4897080021014870001 1 5
4 6 10 1 0 

566 5615586709066029166 1 5
4 1 2 9 5 

1675 6021665130924839869 1 6
3 1 0 10 9 7 

1110 13200328299140380888 1 5
4 1 2 6 10 

569 5804165614582361679 1 5
4 9 5 0 3 

1678 16628076451139997159 1 6
1 2 3 10 9 7 

1082 6204976437729212273 1 5
4 3 1 5 10 

541 8857341619119313894 1 5
9 4 0 2 3 

1650 17242752533150912578 1 6
1 4 6 9 5 10 

570 18031000078573142490 1 5
4 9 5 1 3 

1130 10182916644017614629 1 5
1 3 10 6 5 

589 1577553970400861262 1 5
9 6 0 2 3 

1698 18066794412393146371 1 5
1 9 5 10 7 

716 16012083233619702957 1 5
2 3 9 7 6 

590 9624065473348470178 1 5
9 6 1 2 3 

1699 6860830204239711128 1 6
1 0 9 5 10 7 

587 149643933566443590 1 5
9 6 3 1 0 

1250 12900283394195236745 1 5
1 10 6 7 5 

709 4414058740902276103 1 5
2 0 9 7 6 

1818 18141230514294807090 1 6
4 9 10 1 8 3 

740 4400561049610533703 1 5
2 5 9 7 6 

738 4400561049610533703 1 5
1 5 9 7 6 

314 10464286447129630723 2 5
4 5 1 8 3 
5 4 1 8 3 

1159 9606297970041928437 2 5
7 10 2 1 0 
10 7 2 1 0 

50 15747590846798331482 2 3
1 4 5 
1 5 4 

618 5495795746447153242 1 5
1 3 9 5 6 

346 3773045848710560979 2 5
4 6 1 8 3 
6 4 1 8 3 

412 8875687031046956064 2 5
4 7 2 3 8 
7 4 2 3 8 

611 15619352776197957878 1 5
1 0 9 5 6 

1720 12740903133995210704 2 6
3 4 9 5 10 7 
4 3 9 5 10 7 

1225 3736970760216446335 2 5
0 3 10 6 7 
3 0 10 6 7 

116 13247131031247362501 1 4
2 4 5 6 

684 5726676123189567563 1 5
2 3 5 9 7 

654 14182823058506081383 1 5
9 7 1 2 3 

1194 15448973421331674193 1 5
1 3 7 5 10 

85 2316951901261303023 2 4
4 6 2 0 
6 4 2 0 

653 5726676123189567563 1 5
9 7 0 2 3 

1762 5839354486621584916 1 6
1 9 5 10 6 7 

406 12758783659402842683 2 5
4 7 1 8 2 
7 4 1 8 2 

1219 9294343071495223741 1 5
1 0 10 6 7 

678 7594833932142990302 2 5
1 2 5 9 7 
2 1 5 9 7 

1222 7784607343478497670 2 5
1 2 10 6 7 
2 1 10 6 7 

681 17647819729310511951 2 5
0 3 5 9 7 
3 0 5 9 7 

682 15224837855226155486 1 5
1 3 5 9 7 

1099 8920812326252047016 2 5
6 10 3 1 0 
10 6 3 1 0 

558 6411789763178931915 1 5
9 5 1 2 3 

1667 7929841002057465251 1 5
1 0 10 9 7 

428 11833727039352000228 2 5
5 7 2 3 8 
7 5 2 3 8 

310 2630138601498436259 2 5
4 5 1 8 2 
5 4 1 8 2 

1419 4823997520777431839 2 6
7 10 1 8 3 0 
10 7 1 8 3 0 

555 3403594911234603062 1 5
9 5 3 1 0 

880 5256767590268883998 2 5
4 8 9 5 6 
8 4 9 5 6 

651 10951237091103354968 1 5
9 7 3 1 0 

675 5726676123189567563 1 5
1 0 5 9 7 

316 4604829746947399039 2 5
4 5 2 3 8 
5 4 2 3 8 

1425 12440406952555507706 1 5
4 10 7 8 0 

422 2814375055188289251 2 5
5 7 1 8 2 
7 5 1 8 2 

434 14184353803414660384 1 5
4 1 8 7 5 

1543 16014254544252376916 1 5
9 10 2 1 0 

468 12227793989727543962 1 5
4 6 7 8 2 

1577 4419174848219959168 2 5
0 3 9 5 10 
3 0 9 5 10 

482 9319602270051668170 2 5
1 8 7 5 6 
1 8 5 7 6 

370 9887677084084637226 1 5
4 1 8 6 5 

348 2526505725089302709 2 5
4 6 8 2 3 
6 4 8 2 3 

1457 5951857274150292178 1 6
4 8 0 10 7 5 

410 15782906473289743905 2 5
4 7 1 8 3 
7 4 1 8 3 

944 4027206360653854680 2 5
4 8 5 9 7 
8 4 5 9 7 

403 10770293846735170562 2 5
4 7 1 8 0 
7 4 1 8 0 

1512 4899738764218962001 2 6
3 8 10 6 7 5 
8 3 10 6 7 5 

436 8902060659834783637 1 5
4 5 7 2 8 

1545 16914717105474789239 2 4
9 10 0 3 
9 10 3 0 

496 1860566984532732642 2 5
4 8 7 5 6 
8 4 7 5 6 

1605 6566667261495174400 1 5
2 0 10 6 9 

913 16577277195967785854 1 5
4 0 8 9 7 

372 14343205351237951523 1 5
4 2 8 5 6 

1481 2236128742392246141 1 6
10 6 7 3 0 8 

465 1775359593425435519 2 5
4 7 6 8 0 
4 8 0 7 6 

1574 2843959319063530195 2 5
1 2 9 5 10 
2 1 9 5 10 

376 13325736727984358352 2 5
4 3 8 6 5 
4 8 3 5 6 

345 2733686652719513986 2 5
4 6 3 0 8 
6 4 3 0 8 

341 7161880686694365423 2 5
4 6 2 0 8 
6 4 2 0 8 

1450 13383423527063986271 1 6
1 8 3 7 5 10 

405 7047721499279989736 2 5
4 7 0 2 8 
7 4 0 2 8 

426 9605778005088386267 2 5
5 7 1 8 3 
7 5 1 8 3 

962 1879197958983772837 1 5
1 8 9 7 6 

421 11686223195110494304 2 5
5 7 2 0 8 
7 5 2 0 8 

419 4493542700367032389 2 5
5 7 1 8 0 
7 5 1 8 0 

850 17899844837221043188 1 5
4 1 8 6 9 

309 13312215920583229522 2 5
4 5 2 0 8 
5 4 2 0 8 

1418 11696859091993949093 2 5
7 10 1 8 3 
10 7 1 8 3 

369 16563076811081108443 2 5
4 6 5 8 0 
4 8 0 6 5 

1478 8187153526644248392 1 6
1 8 2 10 6 7 

409 18153303416570255859 2 5
4 7 0 3 8 
7 4 0 3 8 

440 16174747270434100332 1 5
4 5 7 3 8 

1549 13949357893838215762 1 5
9 10 0 2 3 

313 12626430713131568540 2 5
4 5 3 0 8 
5 4 3 0 8 

1422 11502952597804470394 2 6
7 10 1 8 2 3 
10 7 1 8 2 3 

433 11169810144513587159 1 5
4 7 5 0 8 

1542 4630994869676046116 2 4
1 2 9 10 
2 1 9 10 

484 4987500602316777556 2 5
2 8 7 5 6 
2 8 5 7 6 

1593 12187829215490185042 1 6
4 0 3 9 5 10 

425 2195213628549747835 2 5
5 7 3 0 8 
7 5 3 0 8 

211 11166218577003566730 1 5
4 1 0 6 7 

1320 13982797114195944435 4 4
3 8 5 10 
3 8 10 5 
8 3 5 10 
8 3 10 5 

220 4676291648123296967 1 5
4 2 3 7 6 

1329 8376499410382593499 1 5
4 10 5 8 0 

1330 9889483515468698333 1 5
4 8 1 10 5 

221 3359736604589370457 1 6
4 7 6 0 2 3 

789 7605864082703468659 1 5
9 4 0 2 8 

248 13754521598958275276 2 5
3 4 5 7 6 
4 3 5 7 6 

1357 10869107586745655788 2 6
6 10 0 2 3 8 
10 6 0 2 3 8 

782 3129096890162479427 1 5
9 1 8 2 3 

241 13754521598958275276 2 5
0 4 7 5 6 
4 0 7 5 6 

1350 2898047131694360368 2 5
6 10 1 8 2 
10 6 1 8 2 

665 1788209457620180664 1 5
4 0 3 9 7 

124 15648059407861095261 1 5
4 5 6 2 3 

1233 1603202447385167114 2 5
0 4 10 6 7 
4 0 10 6 7 

1144 4268842431494990426 2 5
3 4 10 6 5 
4 3 10 6 5 

62 14999595130906254949 2 5
4 5 2 1 3 
5 4 2 1 3 

1171 7071935688989307184 1 5
4 7 10 1 0 

217 8163033083209074662 1 5
4 0 3 7 6 

1326 16573391899674039552 2 6
5 10 1 8 2 3 
10 5 1 8 2 3 

1324 8088476408431586959 2 5
5 10 2 3 8 
10 5 2 3 8 

215 2204810002106331614 1 6
4 6 7 1 2 0 

242 5138312254159169867 1 5
1 4 6 7 5 

1351 12204403229428303287 2 6
6 10 1 8 2 0 
10 6 1 8 2 0 

662 5793304759888050470 1 5
4 1 2 9 7 

121 8163033083209074662 1 5
4 3 0 5 6 

1230 6290435605654490715 1 6
1 2 3 10 6 7 

93 16955094644347907490 2 5
4 6 0 2 3 
6 4 0 2 3 

1202 6425387653252825154 1 5
1 4 7 5 10 

692 8857341619119313894 1 5
2 4 5 9 7 

1801 15549316970084315170 1 5
9 10 3 0 8 

151 3855827788997850482 2 5
4 7 2 1 0 
7 4 2 1 0 

1260 15746247465366035723 1 6
2 3 10 6 7 5 

115 16935643962704965988 1 5
4 1 0 6 5 

182 451341871093526640 1 5
4 2 1 5 7 

1204 3828554902125575521 1 5
2 4 5 10 7 

95 5498031187377534881 2 6
4 6 1 2 0 3 
6 4 1 2 0 3 

122 11181334998105419046 1 5
4 1 3 6 5 

696 17673267209997321641 2 5
3 4 5 9 7 
4 3 5 9 7 

1805 6913303474746571322 1 6
9 10 0 2 3 8 

155 7931492546103168545 2 5
4 7 1 3 0 
7 4 1 3 0 

1173 18107567918092576356 1 5
4 2 0 10 7 

632 9027761908874512541 2 5
3 4 5 9 6 
4 3 5 9 6 

91 12245370387862919880 2 5
4 6 1 3 0 
6 4 1 3 0 

659 11997002325596131139 1 5
4 9 7 1 0 

118 7222984912632330180 1 5
4 1 2 6 5 

1227 264414646594274633 1 6
3 1 0 10 6 7 

602 18023132085205152021 1 5
4 1 3 6 9 

61 1644204291218983304 2 5
4 5 2 0 3 
5 4 2 0 3 

1170 13561663995244537434 1 4
1 4 7 10 

1240 16484278478374218637 2 5
3 4 10 6 7 
4 3 10 6 7 

158 17081986342985748725 2 5
4 7 1 2 3 
7 4 1 2 3 

188 1788209457620180664 1 5
4 5 7 2 3 

1297 11288985413267774209 2 4
4 10 8 0 
10 4 8 0 

186 6583664775651519430 1 5
4 1 3 7 5 

157 17673267209997321641 2 5
4 7 0 2 3 
7 4 0 2 3 

1266 15685944616761952653 1 6
1 4 6 7 10 5 

1129 11420891451171362249 2 5
0 3 10 6 5 
3 0 10 6 5 

588 12336463510306277325 1 4
2 3 9 6 

1100 3328284489761964899 2 4
6 10 2 3 
10 6 2 3 

1126 8124007645169301791 2 5
1 2 10 6 5 
2 1 10 6 5 

585 13487063348578806049 2 4
0 3 9 6 
3 0 9 6 

1352 15977229883888009839 4 4
6 10 8 3 
6 10 3 8 
10 6 8 3 
10 6 3 8 

243 7313192625791242139 1 6
4 1 0 6 7 5 

612 3979240009549126094 1 4
2 9 5 6 

1220 7915640669228088703 1 4
2 10 6 7 

579 12336463510306277325 1 4
1 0 9 6 

1688 13991198618628316562 2 5
3 4 10 9 7 
4 3 10 9 7 

836 12440375731783374390 1 4
2 8 9 6 

1093 12629263040058362447 2 4
2 0 6 10 
2 0 10 6 

610 3979240009549126094 1 4
1 9 5 6 

583 8423088031782469799 1 5
9 6 2 1 0 

1692 13363401916678247048 1 6
4 2 3 10 9 7 

1124 2068388120316546163 1 4
2 10 6 5 

1095 17937460532240293348 2 5
6 10 2 1 0 
10 6 2 1 0 

554 14234755660096772150 1 4
9 5 1 3 

527 3142516385388754408 1 5
9 2 1 0 3 

1636 14695498185424609538 1 5
2 9 5 10 6 

1068 4103096024862408021 2 4
2 3 5 10 
2 3 10 5 

650 8873896445579963381 1 4
1 3 9 7 

523 5243720256202665254 1 4
9 3 1 0 

1321 11102225408708358797 2 5
5 10 3 0 8 
10 5 3 0 8 

212 3161062371222272780 1 4
2 4 7 6 

780 10444471783534210930 1 4
9 2 3 8 

185 10464655165061388788 4 5
4 3 0 7 5 
4 0 3 5 7 
4 5 7 0 3 
4 7 5 3 0 

1808 5748260329382727736 2 4
4 8 10 9 
8 4 10 9 

1193 4693505768588306760 2 5
0 3 7 5 10 
3 0 7 5 10 

84 6472020763772726291 2 3
2 4 6 
2 6 4 

652 2298499870996170846 2 4
2 3 9 7 
9 7 2 3 

214 6564874458189015557 1 5
4 1 2 6 7 

1323 5185537174275930699 2 6
5 10 1 8 3 0 
10 5 1 8 3 0 

1296 1621555944825048616 6 3
4 8 10 
4 10 8 
8 4 10 
8 10 4 
10 8 4 
10 4 8 

187 15020289259116138831 1 6
4 7 5 1 3 0 

1553 18289543361792796623 2 4
0 4 9 10 
4 0 9 10 

444 10726853176018091072 1 6
4 5 7 2 3 8 

676 16627973565023940403 1 4
2 5 9 7 

162 8796002050738248361 2 3
1 5 7 
1 7 5 

779 2136530998109252138 1 5
9 1 8 3 0 

344 11728886326839457907 2 4
4 6 8 3 
6 4 8 3 

1174 6948000229421295182 1 5
4 1 2 7 10 

92 12279595983230586142 2 4
4 6 2 3 
6 4 2 3 

1201 16754851224613491488 2 5
0 4 7 5 10 
4 0 7 5 10 

340 365658958719536242 2 4
4 6 8 2 
6 4 8 2 

1449 11721524815267577244 1 6
7 5 10 3 0 8 

1165 3882693345534081592 2 5
7 10 0 2 3 
10 7 0 2 3 

56 8653824702438220459 6 3
3 4 5 
3 5 4 
4 3 5 
4 5 3 
5 4 3 
5 3 4 

83 13912219747002747687 2 4
4 6 1 0 
6 4 1 0 

86 7781491655723024405 2 4
4 6 1 2 
6 4 1 2 

1195 16894024736869561871 1 6
3 1 0 7 5 10 

59 10190426046669751935 2 5
4 5 3 1 0 
5 4 3 1 0 

600 5374373492528626441 2 4
3 4 9 6 
4 3 9 6 

89 3998227753480394025 4 4
4 6 0 3 
4 6 3 0 
6 4 3 0 
6 4 0 3 

1198 9101210814954552199 1 6
1 2 3 7 5 10 

661 18394446648218810818 1 5
4 0 2 9 7 

120 13189023993398085914 2 4
3 4 5 6 
4 3 5 6 

1229 15910893693673275266 1 6
0 2 3 10 6 7 

626 3135873988490741365 1 5
1 4 6 9 5 

337 13189023993398085914 2 4
4 6 8 0 
6 4 8 0 

1446 15439340319185233742 1 6
1 8 2 7 5 10 

1108 10630719284241085342 1 4
2 4 10 6 

210 14692073273180242582 1 4
1 4 6 7 

1319 6953967447873782766 2 6
5 10 1 8 2 0 
10 5 1 8 2 0 

156 13216172507325832400 2 4
4 7 2 3 
7 4 2 3 

1265 13282501076031071928 2 6
0 4 10 6 7 5 
4 0 10 6 7 5 

368 13189023993398085914 2 4
4 8 6 5 
8 4 6 5 

1477 578120398508736921 1 6
2 0 8 10 6 7 

1196 420841387100927905 1 5
2 3 7 5 10 

87 16560648291510078181 2 5
4 6 1 2 0 
6 4 1 2 0 

114 406105519538588678 1 4
1 4 6 5 

1223 1286927130257764196 1 6
2 1 0 10 6 7 

404 2434916711346783009 2 4
4 7 2 8 
7 4 2 8 

147 1678072968006704913 2 4
4 7 1 0 
7 4 1 0 

150 9011432441715966268 2 4
4 7 1 2 
7 4 1 2 

664 13216172507325832400 2 4
3 4 9 7 
4 3 9 7 

408 2517730739073779449 2 4
4 7 8 3 
7 4 8 3 

1236 13914554838548444264 1 5
2 4 10 6 7 

127 4706855178436109635 1 7
4 6 5 1 2 0 3 

154 11702457058444570435 2 4
4 7 1 3 
7 4 1 3 

849 5490027945406440341 1 5
4 9 6 0 8 

51 13216172507325832400 2 4
4 5 1 0 
5 4 1 0 

595 11221941109389461341 1 5
4 1 0 6 9 

1109 15519887271235835010 1 5
4 2 0 10 6 

568 11706057843300087865 2 4
3 4 5 9 
4 3 5 9 

1677 17352656441456076865 1 6
0 2 3 10 9 7 

601 11350911332210201953 1 5
4 0 3 9 6 

60 7999659357087038539 2 4
4 5 2 3 
5 4 2 3 

1169 666376969141624536 2 4
0 4 7 10 
4 0 7 10 

401 8014653214647856006 2 4
4 7 0 8 
7 4 0 8 

658 1131412774112064524 1 4
1 4 9 7 

90 16927595024664387236 2 4
4 6 1 3 
6 4 1 3 

1172 16042054129554734440 1 4
2 4 10 7 

63 18390892440818197071 2 6
4 5 2 1 0 3 
5 4 2 1 0 3 

674 16627973565023940403 1 4
1 5 9 7 

647 10195814904380851358 1 5
9 7 2 1 0 

1188 6968650689461662987 1 4
2 7 5 10 

547 13275340108428867711 1 4
9 5 1 0 

1656 2349170359587494987 2 6
3 4 9 5 10 6 
4 3 9 5 10 6 

804 15797353419878551790 1 4
9 5 2 8 

1602 2332809453170976014 1 4
1 10 6 9 

493 14113115270409565260 2 7
5 7 6 0 2 3 8 
7 5 6 0 2 3 8 

1061 6587345613507212182 2 4
2 0 5 10 
2 0 10 5 

420 2078915170918502760 2 4
5 7 2 8 
7 5 2 8 

163 16469637978206224908 2 4
5 7 1 0 
7 5 1 0 

1272 9533946887413996199 2 6
3 4 10 6 5 7 
4 3 10 6 5 7 

707 16012083233619702957 1 5
1 0 9 7 6 

1816 8885986967567555761 1 5
4 10 9 8 3 

166 3239844541555829155 4 4
1 2 5 7 
1 2 7 5 
2 1 5 7 
2 1 7 5 

546 14041306560838727376 1 3
1 9 5 

184 6416674840168567039 2 4
3 4 5 7 
4 3 5 7 

598 15514009483812133569 1 5
4 1 2 6 9 

57 6416674840168567039 2 4
4 5 3 0 
5 4 3 0 

1166 18128611989428069714 2 5
7 10 1 2 3 
10 7 1 2 3 

312 11728886326839457907 2 4
4 5 3 8 
5 4 3 8 

1421 13336186002397810930 2 6
7 10 0 2 3 8 
10 7 0 2 3 8 

1140 14432268055005698420 1 5
2 4 5 10 6 

58 13926511800329067773 2 4
4 5 3 1 
5 4 3 1 

1167 18280104503464353074 2 6
7 10 2 1 0 3 
10 7 2 1 0 3 

713 17524345708781584512 2 5
0 3 9 7 6 
3 0 9 7 6 

172 16469637978206224908 2 4
5 7 2 3 
7 5 2 3 

580 1789210011031915773 1 3
2 9 6 

1689 9633576974639604849 1 6
4 0 3 9 10 7 

553 1154275166844561572 2 4
9 5 3 0 
9 5 0 3 

1094 15579117625766167614 4 4
1 2 6 10 
1 2 10 6 
2 1 6 10 
2 1 10 6 

226 14546399094856597633 2 4
1 5 7 6 
1 7 5 6 

338 4052019355325510561 2 4
4 6 1 8 
6 4 1 8 

625 402627823167138098 2 5
0 4 9 5 6 
4 0 9 5 6 

1734 11885781978531417518 2 6
1 2 10 6 9 7 
2 1 10 6 9 7 

1112 9012663171944824120 2 4
3 4 10 6 
4 3 10 6 

548 14041306560838727376 1 3
2 9 5 

690 8174101691792227569 1 5
1 4 9 5 7 

1799 9888453415480411420 1 6
9 10 1 8 2 0 

149 11706057843300087865 2 4
4 7 0 2 
7 4 0 2 

1258 6726540499324771444 1 6
1 3 10 6 7 5 

530 11576304488129693993 2 3
1 9 4 
9 1 4 

1044 6660444846584550634 2 3
2 4 10 
2 10 4 

784 14328398703574314510 2 3
9 8 4 
9 4 8 

1041 15828609420889821669 6 3
0 4 10 
0 10 4 
4 0 10 
4 10 0 
10 4 0 
10 0 4 

1298 14574542074092522852 2 4
4 10 8 1 
10 4 8 1 

189 3594729605363101487 1 6
4 5 7 2 0 3 

306 11892201271596222195 2 4
4 5 1 8 
5 4 1 8 

1415 5164298008477186695 2 6
7 10 1 8 2 0 
10 7 1 8 2 0 

539 15381603062614464326 1 5
9 4 1 0 3 

1080 692115183110183504 2 4
3 4 5 10 
4 3 5 10 

424 17761873798428205504 4 4
5 7 3 8 
5 7 8 3 
7 5 3 8 
7 5 8 3 

1252 12900283394195236745 1 5
2 10 6 7 5 

170 12267072381528041999 2 4
1 3 5 7 
1 3 7 5 

1123 8656969262090013567 1 5
1 0 10 6 5 

582 16247048805047268866 2 4
1 2 9 6 
2 1 9 6 

549 855970881401314574 2 4
2 0 9 5 
9 5 2 0 

1090 12148858670660795829 2 3
1 6 10 
1 10 6 

1228 9294343071495223741 1 5
2 3 10 6 7 

119 333220598708159147 1 6
4 6 5 1 2 0 

146 16895568752303752046 2 3
1 4 7 
1 7 4 

660 6072247389783519763 1 4
2 4 9 7 

400 3913235504066675341 6 3
4 7 8 
4 8 7 
7 4 8 
7 8 4 
8 7 4 
8 4 7 

657 7999659357087038539 2 4
0 4 9 7 
4 0 9 7 

1416 6233214710426025678 4 4
7 10 8 3 
7 10 3 8 
10 7 8 3 
10 7 3 8 

307 13352591387543596215 2 5
4 5 1 8 0 
5 4 1 8 0 

772 9626592554786939041 1 3
9 2 8 

515 16912405298201810045 1 3
9 1 0 

1624 8515971004768436948 2 5
3 4 10 6 9 
4 3 10 6 9 

464 8014653214647856006 2 4
4 8 6 7 
8 4 6 7 

1573 2452838546478544263 1 5
2 0 9 5 10 

1546 15847558980876008137 1 4
1 3 9 10 

437 15117353307172891986 1 6
4 5 7 2 0 8 

418 8645056928277695149 2 4
1 8 7 5 
1 8 5 7 

164 8796002050738248361 2 3
2 5 7 
2 7 5 

578 1789210011031915773 1 3
1 9 6 

551 5427229891136046530 1 5
9 5 2 1 0 

1092 12148858670660795829 2 3
2 6 10 
2 10 6 

1138 8395783320266189481 1 5
1 4 6 10 5 

597 1563479043882242346 1 5
4 0 2 9 6 

1706 10378338937882258113 1 6
1 3 9 5 10 7 

514 14502299434742869793 2 2
1 9 
9 1 

230 1367441172422244682 4 5
1 2 5 7 6 
1 2 7 5 6 
2 1 5 7 6 
2 1 7 5 6 

771 13982896346703062867 1 4
9 1 8 0 

1880 16182574793930241593 1 6
4 8 3 10 6 9 

1077 5738715118632782653 1 5
4 2 0 5 10 

536 15747590846798331482 2 3
9 4 3 
9 3 4 

1050 2590552030594571481 2 4
4 10 3 1 
10 4 3 1 

642 16912405298201810045 1 3
1 9 7 

1156 9879074569601043485 2 3
2 7 10 
2 10 7 

1067 3173502606411146007 2 5
5 10 3 1 0 
10 5 3 1 0 

526 10611925865502010707 1 4
9 1 2 3 

1635 768185114406150005 1 6
1 0 9 5 10 6 

472 11628556886645129635 1 5
4 8 3 6 7 

1581 14154474084481050958 1 6
9 5 10 0 2 3 

1554 11783434401304913623 1 4
1 4 9 10 

445 16402007488726049463 1 7
4 5 7 2 0 3 8 

145 8653824702438220459 6 3
0 4 7 
0 7 4 
4 0 7 
4 7 0 
7 4 0 
7 0 4 

1254 15530767129602690947 2 6
1 2 10 6 7 5 
2 1 10 6 7 5 

402 3885502840637778344 2 4
4 7 1 8 
7 4 1 8 

1070 6920087723702983925 2 5
5 10 1 2 3 
10 5 1 2 3 

529 3014188085254401377 2 3
9 4 0 
9 0 4 

1638 7566191308432513175 2 6
1 2 9 5 10 6 
2 1 9 5 10 6 

786 7055885686098731199 1 4
9 4 1 8 

1043 6836396380715363543 2 4
4 10 1 0 
10 4 1 0 

218 6004710314906480695 1 5
4 1 3 6 7 

1300 11411741872560313939 2 4
4 10 8 2 
10 4 8 2 

191 9637152114249254239 1 7
4 5 7 2 1 0 3 

689 1644204291218983304 2 5
0 4 9 5 7 
4 0 9 5 7 

1798 10078889541901134949 1 5
9 10 1 8 2 

148 15747590846798331482 2 3
2 4 7 
2 7 4 

1257 6148090765721731276 2 6
0 3 10 6 7 5 
3 0 10 6 7 5 

94 10912220079339768010 2 5
4 6 1 2 3 
6 4 1 2 3 

1203 2883401820171166731 1 6
4 1 0 7 5 10 

1176 5834067585767851843 2 4
3 4 10 7 
4 3 10 7 

644 16912405298201810045 1 3
2 9 7 

617 10301362452780945487 2 5
0 3 9 5 6 
3 0 9 5 6 

1158 3881872579196144610 4 4
1 2 7 10 
1 2 10 7 
2 1 7 10 
2 1 10 7 

1048 4678202216698600005 6 3
3 4 10 
3 10 4 
4 3 10 
4 10 3 
10 4 3 
10 3 4 

1075 15608163957127632210 1 5
4 1 0 5 10 

534 10770901095556109591 1 4
9 4 1 2 

209 13189023993398085914 2 4
0 4 7 6 
4 0 7 6 

1318 4683988977150060724 2 5
5 10 1 8 2 
10 5 1 8 2 

336 8653824702438220459 6 3
4 6 8 
4 8 6 
6 4 8 
6 8 4 
8 6 4 
8 4 6 

1445 4003302735383581660 1 6
2 0 8 7 5 10 

52 3014188085254401377 2 3
2 4 5 
2 5 4 

1161 102149165200554101 4 4
0 3 7 10 
0 3 10 7 
3 0 7 10 
3 0 10 7 

593 8911739518196469726 2 4
0 4 9 6 
4 0 9 6 

1702 14978838431918717526 2 6
1 2 9 5 10 7 
2 1 9 5 10 7 

1164 18107334534132992417 2 4
7 10 2 3 
10 7 2 3 

55 17052143491671024458 2 5
4 5 2 1 0 
5 4 2 1 0 

82 6275776316871417171 2 3
1 4 6 
1 6 4 

1191 15985554523584701687 1 6
2 1 0 7 5 10 

1137 15394820442854127259 2 5
0 4 10 6 5 
4 0 10 6 5 

596 7494608216207910673 1 4
2 4 9 6 

1705 3357861263924222740 2 6
0 3 9 5 10 7 
3 0 9 5 10 7 

706 4482433217078060758 1 4
1 9 7 6 

165 1154275166844561572 2 4
2 0 5 7 
2 0 7 5 

1046 11275660303771491140 2 4
4 10 2 1 
10 4 2 1 

1560 16388285745503378950 2 4
3 4 10 9 
4 3 10 9 

643 2298499870996170846 2 4
1 0 9 7 
9 7 1 0 

1752 6716060756752906392 2 6
3 4 10 6 9 7 
4 3 10 6 9 7 

900 6682593533399582270 1 4
9 7 2 8 

1157 3440585919672762204 2 4
2 0 7 10 
2 0 10 7 

516 14502299434742869793 2 2
2 9 
9 2 

1625 18276579099408028361 1 6
4 0 3 9 10 6 

1541 7004367955069258617 1 4
2 0 9 10 

432 14549170609908063997 2 4
4 8 7 5 
8 4 7 5 

1187 420841387100927905 1 5
1 0 7 5 10 

646 7728463426081749450 2 4
1 2 9 7 
2 1 9 7 

1060 16819506883617439088 2 3
2 5 10 
2 10 5 

519 7364613165670643395 1 4
9 2 1 0 

1628 15826986978607939803 1 6
4 2 3 10 6 9 

1317 2794832395802953118 2 5
5 10 2 0 8 
10 5 2 0 8 

776 7584582692504986856 2 3
9 8 3 
9 3 8 

613 9479733457145026948 1 5
2 0 9 5 6 

1154 9879074569601043485 2 3
1 7 10 
1 10 7 

586 7570901095402782639 1 4
1 3 9 6 

1668 2973904045220352028 1 4
2 10 9 7 

559 11546577432109689115 1 6
9 5 2 1 0 3 

1062 2641308701341567562 4 4
1 2 5 10 
1 2 10 5 
2 1 5 10 
2 1 10 5 

521 8796002050738248361 2 3
9 3 0 
9 0 3 

778 16038018862101057468 1 4
9 1 8 3 

153 6416674840168567039 2 4
4 7 0 3 
7 4 0 3 

1042 1148611612121554985 2 3
1 4 10 
1 10 4 

785 1072500036948499706 1 4
9 4 0 8 

1556 13979694830973463807 1 4
2 4 10 9 

1190 16378611091929322709 2 5
1 2 7 5 10 
2 1 7 5 10 

649 16469637978206224908 2 4
0 3 9 7 
3 0 9 7 

1063 13168414207664091762 2 5
5 10 2 1 0 
10 5 2 1 0 

1604 2332809453170976014 1 4
2 10 6 9 

522 13482815646420854758 1 3
9 1 3 

1538 3431752669736931034 1 3
1 9 10 

429 15283298331024169390 2 6
5 7 0 2 3 8 
7 5 0 2 3 8 

1540 3431752669736931034 1 3
2 9 10 

431 9418318560507610283 2 7
5 7 1 8 2 0 3 
7 5 1 8 2 0 3 

228 14546399094856597633 2 4
2 5 7 6 
2 7 5 6 

1337 14561631221063341318 1 6
4 10 5 8 3 0 

178 11396028251143532541 1 4
1 4 7 5 

517 14041306560838727376 1 3
9 2 0 

1626 12420275176801658265 1 6
4 1 3 6 9 10 

1058 16819506883617439088 2 3
1 5 10 
1 10 5 

1572 18131362593925504170 1 4
2 9 5 10 

710 9557060291828636738 2 5
1 2 9 7 6 
2 1 9 7 6 

169 1648283673938752357 8 4
0 3 5 7 
0 3 7 5 
3 0 5 7 
3 0 7 5 
5 7 0 3 
5 7 3 0 
7 5 3 0 
7 5 0 3 

721 13796735238492265884 2 5
0 4 9 7 6 
4 0 9 7 6 

1830 635880105838217559 1 6
1 8 2 9 5 10 

180 6890188120032038052 1 4
2 4 5 7 

594 9471479292115153424 1 4
1 4 6 9 

53 9319232737306826434 2 4
4 5 2 0 
5 4 2 0 

1162 4315273441715137498 2 4
1 3 7 10 
1 3 10 7 

1132 8656969262090013567 1 5
2 3 10 6 5 

1800 9189754999318654923 2 4
9 10 3 8 
9 10 8 3 

691 7744583926547388941 1 6
4 1 0 9 5 7 

177 6416674840168567039 2 4
0 4 7 5 
4 0 7 5 

167 6538869469189432828 2 5
5 7 2 1 0 
7 5 2 1 0 

708 4482433217078060758 1 4
2 9 7 6 

1817 17497574572506418738 1 6
4 9 10 0 8 3 

1304 1594951521192443468 2 4
4 10 8 3 
10 4 8 3 

562 13931080216791879370 1 4
1 4 9 5 

1671 6942505849147627859 1 6
2 1 0 10 9 7 

535 1644304624374611759 1 5
9 4 1 2 0 

1644 768185114406150005 1 6
2 3 9 5 10 6 

1076 12454269592856317889 1 4
2 4 5 10 

1102 10321073125363663236 2 5
6 10 1 2 3 
10 6 1 2 3 

561 9319232737306826434 2 4
0 4 9 5 
4 0 9 5 

1670 1701541164070962466 2 5
1 2 10 9 7 
2 1 10 9 7 

1078 6913753989165229956 1 5
4 2 1 5 10 

537 6890188120032038052 1 4
9 4 0 3 

538 15905213574192015479 1 4
9 4 1 3 

1052 11891328130677636895 2 4
4 10 2 3 
10 4 2 3 

531 5682869176835304030 1 4
9 4 1 0 

788 11131015352614419956 1 4
9 4 2 8 

1045 1799677586302949415 2 4
4 10 2 0 
10 4 2 0 

1081 5755982291293987652 1 5
4 3 0 5 10 

540 6072247389783519763 1 4
9 4 2 3 

1649 8086396467852638520 2 6
0 4 9 5 10 6 
4 0 9 5 10 6 

466 9072520106748334544 1 5
4 1 8 6 7 

1575 11986515369350283694 1 6
2 1 0 9 5 10 

1548 746326180463473624 1 4
9 10 2 3 

439 11697904266290986156 1 7
4 5 7 1 8 2 0 

1349 12100441311076158803 2 5
6 10 2 0 8 
10 6 2 0 8 

808 11840427102296021082 2 4
9 5 8 3 
9 5 3 8 

524 16912405298201810045 1 3
9 2 3 

1065 14532839725493256056 4 4
0 3 5 10 
0 3 10 5 
3 0 5 10 
3 0 10 5 

802 8207203268304652534 1 4
1 8 9 5 

518 1562184052696686025 2 3
9 2 1 
9 1 2 

1059 4103096024862408021 2 4
1 0 5 10 
1 0 10 5 

898 1764289226946483564 1 4
1 8 9 7 

614 14275491053198404753 2 5
1 2 9 5 6 
2 1 9 5 6 

1155 18107334534132992417 2 4
7 10 1 0 
10 7 1 0 

1412 5475351979179671696 2 4
7 10 2 8 
10 7 2 8 

904 13539141339732687712 2 4
9 7 8 3 
9 7 3 8 

620 15619352776197957878 1 5
2 3 9 5 6 

840 10392418969450598256 2 4
9 6 8 3 
9 6 3 8 

556 13275340108428867711 1 4
9 5 2 3 

1097 7744618727398128697 4 4
6 10 0 3 
6 10 3 0 
10 6 3 0 
10 6 0 3 

816 7449419877406083055 2 4
4 8 9 5 
8 4 9 5 

1925 17492350949775026011 1 6
2 0 8 10 9 7 

532 297070707317787256 2 3
2 9 4 
9 2 4 

1641 3303003813233010082 2 6
0 3 9 5 10 6 
3 0 9 5 10 6 

1073 11884594621899989187 2 4
0 4 10 5 
4 0 10 5 

834 4273577710878373364 1 4
1 8 9 6 

550 10854405184413163912 2 4
1 2 9 5 
2 1 9 5 

1091 3328284489761964899 2 4
6 10 1 0 
10 6 1 0 

1348 1221281009664743872 2 4
6 10 2 8 
10 6 2 8 

239 12515439888131066443 2 7
5 7 6 2 1 0 3 
7 5 6 2 1 0 3 

792 2982538110266904515 1 4
9 4 3 8 

1049 13921037367777258408 2 4
4 10 3 0 
10 4 3 0 

645 13275340108428867711 1 4
2 0 9 7 

1186 6968650689461662987 1 4
1 7 5 10 

525 16627973565023940403 1 4
9 0 2 3 

1634 14695498185424609538 1 5
1 9 5 10 6 

1066 14961932132941190937 2 4
1 3 5 10 
1 3 10 5 

912 3782721680710265593 2 4
4 8 9 7 
8 4 9 7 

628 432371673534155794 1 5
2 4 5 9 6 

1737 14222560248598584055 2 6
0 3 10 6 9 7 
3 0 10 6 9 7 

848 5189511945093116869 2 4
4 8 6 9 
8 4 6 9 

564 5565582478803300876 1 4
2 4 5 9 

1673 6668113533118903387 2 5
0 3 10 9 7 
3 0 10 9 7 

1105 18423858705785351459 2 4
0 4 10 6 
4 0 10 6 

581 16110174948180304903 1 4
2 0 9 6 

1690 7495321452932539987 1 6
4 1 3 9 7 10 

1122 2068388120316546163 1 4
1 10 6 5 

557 7638349448840807337 1 5
9 5 0 2 3 

1666 2973904045220352028 1 4
1 10 9 7 

1098 1096672583485602224 2 4
1 3 6 10 
1 3 10 6 

677 7638349448840807337 1 5
2 0 5 9 7 

1218 7915640669228088703 1 4
1 10 6 7 

533 5565582478803300876 1 4
9 4 0 2 

1642 12216434117659368146 1 6
1 3 9 5 10 6 

1074 10133483573372424483 1 4
1 4 5 10 

565 7923857327384398958 2 5
4 2 0 9 5 
4 9 5 2 0 

1674 11571214480725727242 1 5
1 3 10 9 7 

1106 1167385237218635785 1 4
1 4 6 10 

773 13749719684435322150 1 4
9 2 0 8 

1314 1592588805357606464 2 4
1 8 5 10 
1 8 10 5 

1410 13815306710679652951 2 4
1 8 7 10 
1 8 10 7 

787 10852039609748434849 1 5
9 4 1 8 0 

1896 14126833735667005085 2 6
3 8 9 5 10 6 
8 3 9 5 10 6 

1328 10364381973069519426 2 4
4 8 10 5 
8 4 10 5 

219 15587860235940367813 1 6
4 6 7 1 3 0 

805 10017444751250250820 1 5
9 5 2 0 8 

1346 10854176476157839183 2 4
1 8 6 10 
1 8 10 6 

237 14362328827007604688 2 6
0 2 3 5 7 6 
0 2 3 7 5 6 

1539 746326180463473624 1 4
9 10 1 0 

430 11975267974380483726 2 6
5 7 1 8 2 3 
7 5 1 8 2 3 

1360 12989385375301529095 2 4
4 8 10 6 
8 4 10 6 

251 4090925005218893875 1 7
4 1 3 0 6 7 5 

488 17697479739124202762 4 5
3 8 7 5 6 
3 8 5 7 6 
8 3 7 5 6 
8 3 5 7 6 

1570 18131362593925504170 1 4
1 9 5 10 

342 8722394485988871358 2 5
4 6 1 8 2 
6 4 1 8 2 

1424 13993271105123891459 2 4
4 8 10 7 
8 4 10 7 

315 16856733645988809053 2 6
4 5 1 8 3 0 
5 4 1 8 3 0 

1125 5449600092134685444 1 5
2 0 10 6 5 

770 1198358824818236835 1 3
9 1 8 

229 12063544364103646991 2 5
2 0 5 7 6 
2 0 7 5 6 

1338 69040055001278091 1 6
4 10 5 8 1 3 

775 2338130845516788852 1 5
9 1 8 2 0 

1316 3145309293708798665 2 4
2 8 5 10 
2 8 10 5 

234 2253912142066755259 2 5
1 3 5 7 6 
1 3 7 5 6 

174 16109308364865603861 2 5
5 7 1 2 3 
7 5 1 2 3 

777 16386108219668071921 1 4
9 3 0 8 

236 10855223092621245064 2 5
2 3 5 7 6 
2 3 7 5 6 

1315 14592637362798089410 2 5
5 10 1 8 0 
10 5 1 8 0 

774 10157147497642468233 1 4
9 1 8 2 

233 5297141380717245238 4 5
0 3 5 7 6 
0 3 7 5 6 
3 0 5 7 6 
3 0 7 5 6 

1794 10456112867532611177 1 4
1 8 9 10 

685 865576078338335771 2 6
0 2 3 5 9 7 
5 9 7 0 2 3 

171 6092314195952431838 2 5
5 7 3 1 0 
7 5 3 1 0 

714 18153651762763449002 1 5
1 3 9 7 6 

1796 6550935638354217556 1 4
9 10 2 8 

687 15454724882444445808 1 7
5 9 7 2 1 0 3 

173 17647819729310511951 2 5
5 7 0 2 3 
7 5 0 2 3 

179 4525517368736114237 1 5
4 7 5 1 0 

722 12286569157235469665 1 5
1 4 6 9 7 

181 5804165614582361679 1 5
4 2 0 5 7 

1356 14122050108265442354 2 5
6 10 2 3 8 
10 6 2 3 8 

247 2298346809642531756 1 7
4 1 2 0 6 5 7 

1306 14190900200877508206 2 5
4 10 8 1 3 
10 4 8 1 3 

1420 3883815782694088097 2 5
7 10 2 3 8 
10 7 2 3 8 

311 11079773771804422437 2 6
4 5 1 8 2 0 
5 4 1 8 2 0 

1432 3956060503920936247 1 5
4 10 7 8 3 

1428 16482867521532927778 1 5
4 10 7 8 2 

319 14695602204275335514 2 7
4 5 1 8 2 0 3 
5 4 1 8 2 0 3 

1392 13734488003108579577 2 5
4 8 10 6 5 
8 4 10 6 5 

1301 12213218063499950389 2 5
4 10 2 0 8 
10 4 2 0 8 

1547 11173028481677825358 1 5
9 10 3 1 0 

438 8538959152959262912 1 6
4 5 7 1 8 2 

1368 4643911170408385665 1 5
4 10 6 8 3 

1302 1091859082801435468 2 5
4 10 1 8 2 
10 4 1 8 2 

1299 12904668442579742437 2 5
4 10 8 1 0 
10 4 8 1 0 

190 18403188905575601313 1 6
4 5 7 2 1 3 

1580 12447953511851468680 1 5
2 3 9 5 10 

471 206212858316884023 1 7
4 6 7 1 8 2 0 

1571 12447953511851468680 1 5
1 0 9 5 10 

1456 15479003855167466671 2 5
4 8 10 7 5 
8 4 10 7 5 

347 11375103374768833154 2 6
4 6 1 8 3 0 
6 4 1 8 3 0 

1474 14416409849749337178 1 5
1 8 10 6 7 

1476 7239609631439429223 1 5
2 8 10 6 7 

1414 16731119500198502246 2 5
7 10 1 8 2 
10 7 1 8 2 

1362 16961631194681913649 1 5
4 1 8 6 10 

253 9380185846942436152 1 7
4 2 0 3 5 7 6 

1332 13284216958651366540 1 5
4 2 8 5 10 

223 15444873155169808640 1 7
4 6 7 1 2 0 3 

1426 14841424325748836827 1 5
4 8 1 10 7 

317 8790383250282739540 2 6
4 5 2 0 3 8 
5 4 2 0 3 8 

1308 4700695510304047896 2 5
4 10 8 2 3 
10 4 8 2 3 

1669 2648336864185416071 1 5
2 0 10 9 7 

1603 5963811608349174715 1 5
1 0 10 6 9 

494 13218223340898016248 2 7
5 7 6 1 8 2 3 
7 5 6 1 8 2 3 

1578 6790685820413529122 1 5
1 3 9 5 10 

469 1000273924391832699 1 6
4 7 6 0 2 8 

1364 10007573139518633826 1 5
4 10 6 8 2 

1550 5918443241627551745 1 5
9 10 1 2 3 

441 17669769422042966875 1 6
4 7 5 3 0 8 

1700 18066794412393146371 1 5
2 9 5 10 7 

591 12642348597908192527 1 6
9 6 2 1 0 3 

1730 3782654317362098547 1 5
1 10 6 9 7 

621 8794475776665905145 1 6
0 2 3 9 5 6 

1676 7929841002057465251 1 5
2 3 10 9 7 

567 16157330685282612910 1 6
4 9 5 1 2 0 

1488 1900287598583547927 2 5
4 8 10 6 7 
8 4 10 6 7 

379 7694731729715577182 1 7
4 6 5 1 8 3 0 

1609 10982712072233583104 2 5
0 3 10 6 9 
3 0 10 6 9 

500 14116086835214148808 1 6
4 2 8 5 7 6 

1732 3782654317362098547 1 5
2 10 6 9 7 

623 5694796210595223732 1 7
9 5 6 2 1 0 3 

1610 10093344417123933016 1 5
1 3 10 6 9 

501 195403867578034223 1 7
4 2 0 8 5 7 6 

1606 12554488455609727038 2 5
1 2 10 6 9 
2 1 10 6 9 

497 3447899612133419572 1 6
4 8 0 7 5 6 

1612 5963811608349174715 1 5
2 3 10 6 9 

1555 13625119893743543057 1 5
4 9 10 1 0 

446 1225800419922888144 1 7
4 5 7 1 8 2 3 

1586 1049395104286613408 1 5
1 4 9 5 10 

477 17612679130341517079 1 7
4 7 6 0 2 3 8 

1592 4595433597999640268 2 5
3 4 9 5 10 
4 3 9 5 10 

483 13932777371216197461 2 6
1 8 0 7 5 6 
1 8 0 5 7 6 

1558 13095640127398223296 1 5
4 1 2 9 10 

1562 13886760489189697610 1 5
4 1 3 9 10 

1588 14756568872028490340 1 5
2 4 5 9 10 

1557 9381053852957060285 1 5
4 0 2 9 10 

1585 15531289243243146437 2 5
0 4 9 5 10 
4 0 9 5 10 

476 11681787673108098063 1 6
4 6 7 8 2 3 

1564 8629973843264644820 1 5
4 10 9 2 3 

1561 10762646801421106000 1 5
4 9 10 0 3 

1682 7208184234621508091 1 5
1 4 9 7 10 

573 5780123999594277220 1 6
4 5 9 0 2 3 

1802 11319516569773637282 1 5
9 10 1 8 3 

693 5780123999594277220 1 6
4 0 2 5 9 7 

1684 8445655326758371316 1 5
2 4 10 9 7 

1620 14439031793878380295 1 5
2 4 10 6 9 

1795 16790552324086648074 1 5
9 10 1 8 0 

686 11180857647629512526 1 6
1 2 3 5 9 7 

1804 12840833163197917895 1 5
9 10 2 3 8 

1617 9083346898988967449 2 5
0 4 9 10 6 
4 0 9 10 6 

508 11364848849508203361 1 7
4 5 7 6 2 8 3 

1618 9260917996176466141 1 5
1 4 6 9 10 

1809 17190709142875236893 1 5
4 9 10 0 8 

700 282369400037166405 1 6
4 2 3 5 9 7 

1858 15184423112657677877 1 5
1 8 10 6 9 

749 18353458867788269983 1 7
0 2 3 5 9 7 6 

1928 4114943775676517590 2 5
3 8 10 9 7 
8 3 10 9 7 

819 13092202889088734355 1 6
4 9 5 1 8 0 

1832 16283366958897263000 2 5
3 8 9 5 10 
8 3 9 5 10 

723 14621380896184951355 1 6
4 1 0 6 9 7 

1860 684224125319992723 1 5
2 8 10 6 9 

1797 10392133836014789904 1 5
9 10 2 0 8 

1828 7266686663609622230 1 5
2 8 9 5 10 

1924 15480061420699925406 1 5
2 8 10 9 7 

1840 8469822396267024843 2 5
4 8 9 5 10 
8 4 9 5 10 

1826 17213372579579649555 1 5
1 8 9 5 10 

717 12704327021986282048 1 6
0 2 3 9 7 6 

1812 8582385385406001949 1 5
4 10 9 8 2 

1936 15040749859079395786 2 5
4 8 10 9 7 
8 4 10 9 7 

1922 3869702166379369264 1 5
1 8 10 9 7 

813 15702678632632722153 1 6
9 5 0 2 3 8 

1872 40962979660009964 2 5
4 8 10 6 9 
8 4 10 6 9 

1864 3330959603124904585 2 5
3 8 10 6 9 
8 3 10 6 9 

1810 5153232087375279809 1 5
4 1 8 9 10 

235 11178569700616726867 2 6
3 1 0 5 7 6 
3 1 0 7 5 6 

183 990217032941651979 1 6
4 5 7 2 1 0 

231 9472875743494525880 2 6
2 1 0 5 7 6 
2 1 0 7 5 6 

1340 7945846900068089541 1 6
4 5 10 2 8 3 

175 14596963926323928870 2 6
5 7 2 1 0 3 
7 5 2 1 0 3 

123 12512212979427069889 1 6
4 6 5 1 3 0 

250 14451133104919246326 1 6
4 1 3 6 7 5 

249 15378133078898431164 2 6
4 3 0 7 5 6 
4 0 3 5 7 6 

1358 8395076393147764013 2 6
6 10 1 8 2 3 
10 6 1 8 2 3 

126 12832152620591842914 1 6
4 6 5 1 2 3 

1235 9017630287040228588 1 6
4 1 0 6 7 10 

246 16032793791017862654 1 6
4 1 2 6 5 7 

1355 12692630736162114101 2 6
6 10 1 8 3 0 
10 6 1 8 3 0 

222 14963840748904635858 1 6
4 6 7 1 2 3 

1331 11059928532564688285 1 6
4 10 5 8 1 0 

159 18197407147864137955 2 6
4 7 2 1 0 3 
7 4 2 1 0 3 

1268 16634932209169547379 1 6
2 4 5 10 6 7 

489 16374057111599256110 2 6
3 0 8 7 5 6 
3 0 8 5 7 6 

485 3111149741294443196 2 6
2 0 8 7 5 6 
2 0 8 5 7 6 

1594 366056094658944405 1 6
4 1 3 9 5 10 

490 13994734175038204230 2 6
1 8 3 7 5 6 
1 8 3 5 7 6 

427 17912081590416082868 2 6
5 7 1 8 3 0 
7 5 1 8 3 0 

423 2881358730309934794 2 6
5 7 1 8 2 0 
7 5 1 8 2 0 

486 11628072452840723851 2 6
1 8 2 7 5 6 
1 8 2 5 7 6 

492 5691652549499044692 2 6
5 7 6 2 3 8 
7 5 6 2 3 8 

435 2737168159383767973 1 6
4 7 5 1 8 0 

413 7028361373892677712 2 6
4 7 0 2 3 8 
7 4 0 2 3 8 

377 7169548607039915277 1 6
4 6 5 3 0 8 

407 12177097972637728262 2 6
4 7 1 8 2 0 
7 4 1 8 2 0 

373 890316829396881980 1 6
4 5 6 2 0 8 

1482 6048711819464183224 1 6
1 8 3 10 6 7 

411 206315977772419245 2 6
4 7 1 8 3 0 
7 4 1 8 3 0 

1520 13362472152909203343 2 6
4 8 10 6 7 5 
8 4 10 6 7 5 

380 2463268770131846449 1 6
4 5 6 2 8 3 

1489 17403451936214928252 1 6
4 8 0 10 6 7 

442 16052480147958712785 1 6
4 7 5 1 8 3 

1551 3356373769729824583 1 6
9 10 2 1 0 3 

414 10704194463713198383 2 6
4 7 1 8 2 3 
7 4 1 8 2 3 

374 11045789066815181415 1 6
4 6 5 1 8 2 

343 12334954572998971789 2 6
4 6 1 8 2 0 
6 4 1 8 2 0 

1452 16361018351444562702 1 6
7 5 10 2 3 8 

318 7408424768684904457 2 6
4 5 1 8 2 3 
5 4 1 8 2 3 

1427 9039969686352369943 1 6
4 10 7 8 1 0 

467 15726032182426814918 1 6
4 6 7 1 8 0 

349 9545813212631304019 2 6
4 6 0 2 3 8 
6 4 0 2 3 8 

1458 11128166914652009892 1 6
4 8 1 10 7 5 

498 278773993179327140 1 6
4 1 8 6 7 5 

1607 3617410517658481187 1 6
2 1 0 10 6 9 

350 18056257337028357953 2 6
4 6 1 8 2 3 
6 4 1 8 2 3 

473 17769295317302400727 1 6
4 7 6 0 3 8 

1582 15318713651696103697 1 6
1 2 3 9 5 10 

504 12493415179774608786 1 6
4 8 3 5 7 6 

1613 17928154595229702130 1 6
0 2 3 10 6 9 

474 10275914423879294894 1 6
4 6 7 1 8 3 

378 2379955449329736096 1 6
4 6 5 1 8 3 

470 12172070378132676375 1 6
4 6 7 1 8 2 

1579 6982788286188777336 1 6
9 5 10 3 1 0 

655 7611901749133458556 1 6
9 7 2 1 0 3 

1764 5839354486621584916 1 6
2 9 5 10 6 7 

683 17124959470034256981 1 6
5 9 7 3 1 0 

619 17492895856796969713 1 6
9 5 6 3 1 0 

741 12766736348581230704 1 6
2 0 5 9 7 6 

739 535917452253839588 1 6
1 0 5 9 7 6 

1848 9650097158132313313 1 6
4 8 3 9 5 10 

615 1583501100631920491 1 6
2 1 0 9 5 6 

746 10970056406979820018 1 6
1 3 5 9 7 6 

679 5293552546726472531 1 6
2 1 0 5 9 7 

745 4081198756220033247 2 6
0 3 5 9 7 6 
3 0 5 9 7 6 

622 4838803837705856750 1 6
1 2 3 9 5 6 

1731 11207182848452771397 1 6
1 0 10 6 9 7 

715 4030078507689514894 1 6
3 1 0 9 7 6 

748 535917452253839588 1 6
2 3 5 9 7 6 

543 12026262056007144751 1 6
9 4 1 2 0 3 

1652 7968754385649134790 1 6
2 4 5 9 10 6 

718 13522834869823470321 1 6
1 2 3 9 7 6 

1827 2046408158871193362 1 6
1 8 0 9 5 10 

711 10008860304340711752 1 6
2 1 0 9 7 6 

1820 3339375330552323669 1 6
4 10 9 8 2 3 

571 14076993884938039891 1 6
4 9 5 1 0 3 

742 11438791787308396797 2 6
1 2 5 9 7 6 
2 1 5 9 7 6 

697 3594729605363101487 1 6
4 0 3 9 5 7 

1806 17170634130273073963 1 6
9 10 1 8 2 3 

574 16687373552932650974 1 6
4 9 5 1 2 3 

1683 4093884723824367188 1 6
4 1 0 9 7 10 

663 16328050397676998988 1 6
4 9 7 1 2 0 

698 2738095258330715830 1 6
4 1 3 9 5 7 

667 13350359251065891548 1 6
4 9 7 1 0 3 

669 282369400037166405 1 6
4 9 7 0 2 3 

670 16443402933908225006 1 6
4 9 7 1 2 3 

694 6382745271698416221 1 6
4 1 2 9 5 7 

1803 14118192685588338193 1 6
9 10 1 8 3 0 

627 9496875703150342106 1 6
4 1 0 6 9 5 

633 11506575834516968427 1 6
4 0 3 9 5 6 

634 7649116606320518153 1 6
4 1 3 6 9 5 

636 10959032839039762803 1 6
4 2 3 5 9 6 

1745 3082633694903610930 2 6
0 4 9 10 6 7 
4 0 9 10 6 7 

629 17732965120203779889 1 6
4 2 0 9 5 6 

1738 3730378648894210131 1 6
1 3 10 6 9 7 

603 7508393232210454173 1 6
4 6 9 1 0 3 

599 3647968338958894227 1 6
4 6 9 1 2 0 

1708 6860830204239711128 1 6
2 3 9 5 10 7 

756 12385307976794979293 1 6
2 4 5 9 7 6 

1865 15560523550689232835 1 6
10 6 9 3 0 8 

729 11394303444343795462 1 6
4 0 3 9 7 6 

606 9936896642564370364 1 6
4 6 9 1 2 3 

754 10904739371940875033 1 6
1 4 6 9 5 7 

605 2054266783221947985 1 6
4 9 6 0 2 3 

1714 11154448333386907870 1 6
1 4 9 5 7 10 

753 8925242572366464824 2 6
0 4 9 5 7 6 
4 0 9 5 7 6 

1862 520526201517260112 1 6
1 8 2 10 6 9 

726 4864554122301143561 1 6
4 1 2 6 9 7 

811 15710004955727928110 1 6
9 5 1 8 3 0 

725 15016570520014223263 1 6
4 0 2 9 7 6 

1834 12933863315810358140 1 6
1 8 3 9 5 10 

807 5411683803791386029 1 6
9 5 1 8 2 0 

730 6843442920454058572 1 6
4 1 3 6 9 7 

732 933321140987317338 1 6
4 2 3 9 7 6 

1841 2283787041520532757 1 6
4 0 8 9 5 10 

783 8652923284746171476 1 6
9 1 8 2 0 3 

1892 14245914357157559560 1 6
2 8 9 5 10 6 

630 1532542109315702296 1 6
4 1 2 6 9 5 

760 6037271786303537231 2 6
3 4 5 9 7 6 
4 3 5 9 7 6 

937 3635907988691982170 1 6
5 9 7 3 0 8 

907 10137211090317178236 1 6
9 7 1 8 3 0 

814 13169910137109645798 1 6
9 5 1 8 2 3 

1923 5097202052665595865 1 6
1 8 0 10 9 7 

931 3303897015581932344 1 6
1 8 0 5 9 7 

933 15874195997835364224 1 6
5 9 7 2 0 8 

903 10675362043737409188 1 6
9 7 1 8 2 0 

909 12278161809795691739 1 6
9 7 0 2 3 8 

938 18391626285193961827 1 6
1 8 3 5 9 7 

873 3688685577087692796 1 6
9 5 6 3 0 8 

934 421665351269342826 1 6
1 8 2 5 9 7 

910 2722404931863230451 1 6
9 7 1 8 2 3 

940 15280534028356326594 1 6
5 9 7 2 3 8 

843 160273394301001741 1 6
9 6 1 8 3 0 

876 8959973461837666993 1 6
9 5 6 2 3 8 

845 14824306499574742565 1 6
9 6 0 2 3 8 

1954 12997278197573232739 1 6
1 8 9 5 10 7 

839 17069619336156494397 1 6
9 6 1 8 2 0 

869 16729731607964389160 1 6
2 0 8 9 5 6 

874 16938210948635236465 1 6
1 8 3 9 5 6 

963 15331696840552195477 1 6
1 8 0 9 7 6 

867 1995867489633586564 1 6
1 8 0 9 5 6 

969 10360974539258659276 1 6
3 0 8 9 7 6 

846 13298354758247566184 1 6
9 6 1 8 2 3 

965 3454194631049166882 1 6
2 0 8 9 7 6 

1000 6993244449109550407 2 6
3 8 5 9 7 6 
8 3 5 9 7 6 

970 16453204689823725375 1 6
1 8 3 9 7 6 

996 10704687446310138101 1 6
2 8 5 9 7 6 

795 3891028579205196339 1 6
9 4 1 8 0 3 

1904 14092963118843029746 2 6
4 8 9 5 10 6 
8 4 9 5 10 6 

870 7343328150353676313 1 6
1 8 2 9 5 6 

994 10889510312887370638 1 6
1 8 5 9 7 6 

825 16725267401795861133 1 6
4 9 5 0 3 8 

966 6758145240296818029 1 6
1 8 2 9 7 6 

821 4508136582527105387 1 6
4 9 5 2 0 8 

1930 18091700710647077771 1 6
1 8 3 10 9 7 

791 9303149630971729611 1 6
9 4 1 8 2 0 

797 7710513821866112067 1 6
9 4 0 2 3 8 

972 16173647002465332790 1 6
2 3 8 9 7 6 

798 4951442999498773833 1 6
9 4 1 8 2 3 

828 9159556152203093893 1 6
4 5 9 2 3 8 

1937 4270632196918001393 1 6
4 0 8 9 10 7 

826 6016463438301325027 1 6
4 9 5 1 8 3 

822 8996069265860791800 1 6
4 9 5 1 8 2 

945 14645645157980687685 1 6
4 0 8 9 5 7 

921 1153032856265041987 1 6
4 9 7 0 3 8 

917 1238206966721094844 1 6
4 9 7 0 2 8 

915 14368451433706109792 1 6
4 9 7 1 8 0 

881 13807809687398892533 1 6
4 0 8 9 5 6 

952 10063028210373345712 1 6
4 3 8 5 9 7 

946 6832010180718908375 1 6
4 1 8 9 5 7 

948 9303386528679807470 1 6
4 2 8 5 9 7 

977 17604828618248268590 1 6
4 0 8 9 6 7 

857 8119652429818335 1 6
4 9 6 0 3 8 

888 2245981060663307727 1 6
4 3 8 5 9 6 

984 1026672449412602012 1 6
4 8 3 6 9 7 

1008 9381410313952158096 2 6
4 8 5 9 7 6 
8 4 5 9 7 6 

853 11698684549635732592 1 6
4 9 6 0 2 8 

922 3576981315085582743 1 6
4 9 7 1 8 3 

924 13042674085862177500 1 6
4 9 7 2 3 8 

858 6637471521382049735 1 6
4 6 9 1 8 3 

980 4024473241270273870 1 6
4 8 2 6 9 7 

851 8088794723335647289 1 6
4 6 9 1 8 0 

1960 2547612851330522755 2 6
3 8 9 5 10 7 
8 3 9 5 10 7 

978 11368999639938160775 1 6
4 1 8 6 9 7 

882 13565792960872136787 1 6
4 1 8 6 9 5 

918 6449548355741773199 1 6
4 9 7 1 8 2 

1197 5797719468648552769 1 6
0 2 3 7 5 10 

884 3161644362428669408 1 6
4 2 8 5 9 6 

860 10990455325639839054 1 6
4 6 9 8 2 3 

1071 4618707454088356963 2 6
5 10 2 1 0 3 
10 5 2 1 0 3 

854 655284613356721958 1 6
4 6 9 1 8 2 

1133 14283169661702814121 1 6
0 2 3 10 6 5 

1251 15746247465366035723 1 6
1 0 10 6 7 5 

1253 10503121187422165136 1 6
2 0 10 6 7 5 

1131 319189866659727388 1 6
3 1 0 10 6 5 

1127 9786621941004478216 1 6
2 1 0 10 6 5 

1134 2705038834581872240 1 6
1 2 3 10 6 5 

1103 8241110734254508166 2 6
6 10 2 1 0 3 
10 6 2 1 0 3 

1086 17855736262311135300 1 6
4 5 10 2 1 3 

1083 7404816087260196601 1 6
4 5 10 3 1 0 

1085 8010696297929673766 1 6
4 5 10 2 0 3 

1079 12357671516784528060 1 6
4 5 10 2 1 0 

1209 4368944735549390747 1 6
4 3 0 7 5 10 

1175 3635044792266181273 1 6
4 7 10 2 1 0 

1210 585832284373667204 1 6
4 1 3 7 5 10 

1206 2309586365915522357 1 6
4 2 1 5 7 10 

1205 2554811381292722084 1 6
4 2 0 5 10 7 

1181 12146532254611480887 1 6
4 10 7 2 0 3 

1055 12780229787477668881 2 6
4 10 2 1 0 3 
10 4 2 1 0 3 

1179 5087564931450749393 1 6
4 7 10 1 3 0 

1145 4046892596227673627 1 6
4 3 0 10 6 5 

1141 1265152077918048918 1 6
4 2 0 5 10 6 

1139 6244861680766452351 1 6
4 1 0 6 10 5 

1148 6510314655031326100 1 6
4 2 3 5 10 6 

1111 11756317705796944621 1 6
4 6 10 1 2 0 

1182 830321101580455309 1 6
4 7 10 1 2 3 

1115 247808660544822309 1 6
4 6 10 1 3 0 

1118 8330883073705019029 1 6
4 6 10 1 2 3 

1142 184197416568021600 1 6
4 1 2 6 5 10 

1117 5198923612507294993 1 6
4 10 6 2 0 3 

1146 5815187481426945886 1 6
4 1 3 6 10 5 

1212 1748952582228787261 1 6
4 2 3 5 10 7 

1238 6540825199540117320 1 6
4 1 2 6 7 10 

1241 10430779121493227256 1 6
4 0 3 10 6 7 

1237 3342181348941746089 1 6
4 2 0 10 6 7 

1242 4004468759798097328 1 6
4 1 3 6 7 10 

1244 15763989212311534938 1 6
4 2 3 10 6 7 

1443 11179336059433094694 1 6
1 8 0 7 5 10 

1379 1217160372897571745 1 6
1 8 0 10 6 5 

1325 14962502590383259135 2 6
5 10 0 2 3 8 
10 5 0 2 3 8 

1385 4552745903541644533 1 6
10 6 5 3 0 8 

1381 4501350988316484400 1 6
2 0 8 10 6 5 

1386 14971709706456807669 1 6
1 8 3 10 6 5 

1506 7542312114240560934 1 6
1 8 10 6 7 5 

1382 4681323556090595108 1 6
1 8 2 10 6 5 

1388 1530016629620574152 1 6
10 6 5 2 3 8 

1475 10433093181275111929 1 6
1 8 0 10 6 7 

1508 5902273580142916598 1 6
2 8 10 6 7 5 

1484 12057186492838585224 1 6
10 6 7 2 3 8 

375 4770674047717680037 1 7
4 6 5 1 8 2 0 

1333 4151658158538474728 1 6
4 5 10 2 0 8 

1303 11721444055637077367 2 6
4 10 1 8 2 0 
10 4 1 8 2 0 

1334 10695886838729106460 1 6
4 5 10 1 8 2 

1307 12305001364761237712 2 6
4 10 8 1 3 0 
10 4 8 1 3 0 

1429 11559564222970691518 1 6
4 10 7 2 0 8 

1310 11679362298371541695 2 6
4 10 1 8 2 3 
10 4 1 8 2 3 

1309 8285523835903138551 2 6
4 10 2 0 8 3 
10 4 2 0 8 3 

1434 10539301956844814592 1 6
4 10 7 8 1 3 

1393 8099027229570737811 1 6
4 8 0 10 6 5 

1464 5195781468938002417 1 6
4 8 3 10 5 7 

1394 12677514871802499909 1 6
4 1 8 6 10 5 

1363 3663635013400072136 1 6
4 6 10 1 8 0 

254 6611599815849312608 1 7
4 1 2 3 6 5 7 

1433 15668434834821352563 1 6
4 10 7 8 0 3 

1365 4838701662124462247 1 6
4 10 6 2 0 8 

1396 16640110699650396592 1 6
4 2 8 5 10 6 

1400 11896747149702037524 1 6
4 8 3 10 6 5 

1460 10358336046338794450 1 6
4 2 8 5 10 7 

351 5139056881776331665 2 7
4 6 1 8 2 0 3 
6 4 1 8 2 0 3 

1430 5222774780609032943 1 6
4 10 7 1 8 2 

1370 11691155957307669297 1 6
4 6 10 1 8 3 

1436 8425863287990939149 1 6
4 10 7 8 2 3 

1372 6950297725730478606 1 6
4 10 6 8 2 3 

1496 8141838949494227389 1 6
4 8 3 10 6 7 

1369 736847300677285602 1 6
4 10 6 8 3 0 

1366 12556427495488746331 1 6
4 6 10 1 8 2 

1492 3302523594886425590 1 6
4 8 2 10 6 7 

1490 14958674288204620336 1 6
4 1 8 6 10 7 

381 6316540167779878978 1 7
4 5 6 2 0 3 8 

1701 11043715534742790672 1 6
2 0 9 5 10 7 

1637 14987752128897893332 1 6
2 0 9 5 10 6 

1611 6096193474511037395 1 6
3 1 0 10 6 9 

502 13244048460020591341 1 7
4 1 8 2 6 5 7 

1733 11532315588709443665 1 6
2 0 10 6 9 7 

1614 5694304311900419359 1 6
1 2 3 10 6 9 

505 15256443264577978944 1 7
4 3 0 8 7 5 6 

1740 11207182848452771397 1 6
2 3 10 6 9 7 

1587 17494115292788615784 1 6
4 1 0 9 5 10 

478 3652641052228314457 1 7
4 6 7 1 8 2 3 

1716 9167247144480368719 1 6
2 4 5 9 10 7 

1589 15405517656966468512 1 6
4 2 0 9 5 10 

1559 13678663502952318204 1 6
4 9 10 1 2 0 

1566 12905476364721020234 1 6
4 9 10 1 2 3 

1596 15718794012976034811 1 6
4 2 3 5 9 10 

487 14523122877870780705 2 7
5 7 6 1 8 2 0 
7 5 6 1 8 2 0 

1565 2309517431207356995 1 6
4 9 10 0 2 3 

1619 3971545569223453195 1 6
4 1 0 6 9 10 

1590 14335758901847704628 1 6
4 1 2 9 5 10 

1685 4796836813670480352 1 6
4 0 2 9 10 7 

1563 14632262765756012798 1 6
4 9 10 1 0 3 

1686 14559106343233130649 1 6
4 1 2 9 7 10 

1621 5560930340460670040 1 6
4 0 2 9 10 6 

1622 11536365854588985780 1 6
4 1 2 6 9 10 

1748 10819886958019182426 1 6
2 4 10 6 9 7 

1746 1804857892876610786 1 6
1 4 6 9 7 10 

1829 12468373473913951665 1 6
9 5 10 2 0 8 

1956 16319663523381747220 1 6
2 8 9 5 10 7 

1932 13747411888552217234 1 6
10 9 7 2 3 8 

1859 16188057076854202549 1 6
1 8 0 10 6 9 

750 3110587789797716409 1 7
1 2 3 5 9 7 6 

1836 3791977591960876343 1 6
9 5 10 2 3 8 

1861 7593849026645922234 1 6
2 0 8 10 6 9 

1986 1310148979916315056 1 6
1 8 10 6 9 7 

1866 10432513759094599818 1 6
1 8 3 10 6 9 

1988 12890343415435463449 1 6
2 8 10 6 9 7 

1992 7264807910796555880 2 6
3 8 10 6 9 7 
8 3 10 6 9 7 

1868 14976836816636550232 1 6
10 6 9 2 3 8 

1811 14552057806699877871 1 6
4 9 10 1 8 0 

1813 15026695653916857909 1 6
4 9 10 0 2 8 

1842 1174361309516164997 1 6
4 1 8 9 5 10 

1814 8573469177483218379 1 6
4 9 10 1 8 2 

1844 6755006097624105132 1 6
4 2 8 5 9 10 

1873 15150595771430127876 1 6
4 0 8 9 10 6 

1874 9714669727912188547 1 6
4 1 8 6 9 10 

2000 9711351958089136446 2 6
4 8 10 6 9 7 
8 4 10 6 9 7 

1968 5912876074091254159 2 6
4 8 9 5 10 7 
8 4 9 5 10 7 

1938 6541524610618017952 1 6
4 1 8 9 10 7 

1940 15521263816030835346 1 6
4 8 2 10 9 7 

1876 7625895283585071464 1 6
4 8 2 10 6 9 

491 8352976111906306200 2 7
5 7 6 1 8 3 0 
7 5 6 1 8 3 0 

443 16187615574956674367 1 7
4 7 5 1 8 3 0 

499 17091037307440916650 1 7
4 1 8 0 6 7 5 

415 10070239254143905362 2 7
4 7 1 8 2 0 3 
7 4 1 8 2 0 3 

382 14383505831725929433 1 7
4 6 5 1 8 2 3 

475 6036922115632359944 1 7
4 6 7 1 8 3 0 

506 17427040850419949964 1 7
4 1 8 3 6 7 5 

747 3437992870828554952 1 7
3 1 0 5 9 7 6 

743 6734692686530417923 1 7
2 1 0 5 9 7 6 

