TTH[0,0,0,0,0,0,0,0,0,0,0]*(-a2-a3-2*a0-a4-a8-a1+d)
TTH[-1,1,0,0,0,0,0,0,0,0,0]*(-a1)
TTH[-1,0,0,0,0,0,0,0,1,0,0]*(-a8)
TTH[-1,0,1,0,0,0,0,0,0,0,0]*(-a2)
TTH[0,0,0,0,1,-1,0,0,0,0,0]*(a4)
TTH[0,0,1,0,0,0,0,0,0,0,0]*(-mTsq*a2+a2*s12)
TTH[-1,0,0,1,0,0,0,0,0,0,0]*(-a3)
TTH[-1,0,0,0,1,0,0,0,0,0,0]*(-a4)
TTH[0,0,0,1,0,0,0,0,0,0,0]*(a3*s45)

TTH[-1,0,0,0,1,0,0,0,0,0,0]*(a4)
TTH[0,0,0,0,0,0,0,0,0,0,0]*(-a6-a10-a7-a4-2*a5+d-a9)
TTH[0,0,0,0,1,-1,0,0,0,0,0]*(-a4)
TTH[0,0,0,0,0,0,0,0,0,0,1]*(mTsq*a10)
TTH[0,0,0,0,0,-1,1,0,0,0,0]*(-a6)
TTH[0,0,0,0,0,-1,0,0,0,0,1]*(-a10)
TTH[0,0,0,0,0,-1,0,1,0,0,0]*(-a7)
TTH[0,0,0,0,0,0,0,0,0,1,0]*(s12*a9-mTsq*a9)
TTH[0,0,0,0,0,0,0,1,0,0,0]*(a7*s45)
TTH[0,0,0,0,0,-1,0,0,0,1,0]*(-a9)

TTH[1,0,-1,0,0,0,0,0,0,0,0]*(a0)
TTH[1,0,0,-1,0,0,0,0,0,0,0]*(-a0)
TTH[1,0,0,0,0,0,0,0,0,0,0]*(-a0*s12+a0*s45+mTsq*a0)
TTH[0,1,-1,0,0,0,0,0,0,0,0]*(a1)
TTH[0,1,0,-1,0,0,0,0,0,0,0]*(-a1)
TTH[0,1,0,0,0,0,0,0,0,0,0]*(mTsq*a1+s23*a1-qsq*a1)
TTH[0,0,0,0,0,0,0,0,0,0,0]*(a2-a3)
TTH[0,0,1,-1,0,0,0,0,0,0,0]*(-a2)
TTH[0,0,1,0,0,0,0,0,0,0,0]*(2*mTsq*a2)
TTH[0,0,-1,1,0,0,0,0,0,0,0]*(a3)
TTH[0,0,0,0,0,0,0,0,1,0,0]*(-a8*s12+2*mTsq*a8+a8*s45-s34*a8)
TTH[0,0,-1,0,1,0,0,0,0,0,0]*(a4)
TTH[0,0,0,-1,1,0,0,0,0,0,0]*(-a4)
TTH[0,0,0,0,1,0,0,-1,0,0,0]*(a4)
TTH[0,0,0,0,1,0,0,0,0,-1,0]*(-a4)
TTH[0,0,-1,0,0,0,0,0,1,0,0]*(a8)
TTH[0,0,0,-1,0,0,0,0,1,0,0]*(-a8)

TTH[0,0,-1,0,1,0,0,0,0,0,0]*(a4)
TTH[0,0,0,-1,1,0,0,0,0,0,0]*(-a4)
TTH[0,0,0,0,1,0,0,-1,0,0,0]*(a4)
TTH[0,0,0,0,1,0,0,0,0,-1,0]*(-a4)
TTH[0,0,0,0,0,1,0,-1,0,0,0]*(a5)
TTH[0,0,0,0,0,1,0,0,0,-1,0]*(-a5)
TTH[0,0,0,0,0,1,0,0,0,0,0]*(-a5*s45-mTsq*a5+a5*s12)
TTH[0,0,0,0,0,0,1,-1,0,0,0]*(a6)
TTH[0,0,0,0,0,0,1,0,0,-1,0]*(-a6)
TTH[0,0,0,0,0,0,1,0,0,0,0]*(a6*s34-mTsq*a6)
TTH[0,0,0,0,0,0,0,0,0,0,0]*(a7-a9)
TTH[0,0,0,0,0,0,0,1,0,-1,0]*(-a7)
TTH[0,0,0,0,0,0,0,-1,0,1,0]*(a9)
TTH[0,0,0,0,0,0,0,0,0,0,1]*(a10*qsq-a10*s23-mTsq*a10)
TTH[0,0,0,0,0,0,0,0,0,1,0]*(-2*mTsq*a9)
TTH[0,0,0,0,0,0,0,-1,0,0,1]*(a10)
TTH[0,0,0,0,0,0,0,0,0,-1,1]*(-a10)

TTH[0,0,0,0,0,0,0,0,0,0,0]*(a0-a8)
TTH[1,0,0,0,0,0,0,0,-1,0,0]*(-a0)
TTH[-1,1,0,0,0,0,0,0,0,0,0]*(a1)
TTH[0,1,0,0,0,0,0,0,-1,0,0]*(-a1)
TTH[0,1,0,0,0,0,0,0,0,0,0]*(-s23*a1+a1*s45+s15*a1)
TTH[-1,0,1,0,0,0,0,0,0,0,0]*(a2)
TTH[0,0,1,0,0,0,0,0,-1,0,0]*(-a2)
TTH[0,0,1,0,0,0,0,0,0,0,0]*(a2*s34-mTsq*a2+a2*s45)
TTH[-1,0,0,1,0,0,0,0,0,0,0]*(a3)
TTH[0,0,0,1,0,0,0,0,-1,0,0]*(-a3)
TTH[0,0,0,1,0,0,0,0,0,0,0]*(a3*s45)
TTH[-1,0,0,0,1,0,0,0,0,0,0]*(a4)
TTH[0,0,0,0,1,0,-1,0,0,0,0]*(a4)
TTH[0,0,0,0,1,0,0,-1,0,0,0]*(-a4)
TTH[0,0,0,0,1,0,0,0,-1,0,0]*(-a4)
TTH[0,0,0,0,1,0,0,0,0,0,0]*(a4*s45)
TTH[-1,0,0,0,0,0,0,0,1,0,0]*(a8)

TTH[-1,0,0,0,1,0,0,0,0,0,0]*(a4)
TTH[0,0,0,0,1,0,-1,0,0,0,0]*(a4)
TTH[0,0,0,0,1,0,0,-1,0,0,0]*(-a4)
TTH[0,0,0,0,1,0,0,0,-1,0,0]*(-a4)
TTH[0,0,0,0,1,0,0,0,0,0,0]*(a4*s45)
TTH[0,0,0,0,0,1,-1,0,0,0,0]*(a5)
TTH[0,0,0,0,0,1,0,-1,0,0,0]*(-a5)
TTH[0,0,0,0,0,1,0,0,0,0,0]*(a5*s45)
TTH[0,0,0,0,0,0,0,0,0,0,0]*(a6-a7)
TTH[0,0,0,0,0,0,1,-1,0,0,0]*(-a6)
TTH[0,0,0,0,0,0,-1,1,0,0,0]*(a7)
TTH[0,0,0,0,0,0,0,0,0,0,1]*(a10*s23-a10*s15)
TTH[0,0,0,0,0,0,-1,0,0,1,0]*(a9)
TTH[0,0,0,0,0,0,0,-1,0,1,0]*(-a9)
TTH[0,0,0,0,0,0,0,0,0,1,0]*(-s34*a9+mTsq*a9)
TTH[0,0,0,0,0,0,-1,0,0,0,1]*(a10)
TTH[0,0,0,0,0,0,0,-1,0,0,1]*(-a10)

TTH[0,0,0,0,0,0,0,0,0,0,0]*(a0-a1)
TTH[1,-1,0,0,0,0,0,0,0,0,0]*(-a0)
TTH[-1,1,0,0,0,0,0,0,0,0,0]*(a1)
TTH[0,0,0,0,0,0,0,0,1,0,0]*(-s23*a8+a8*s45+s15*a8)
TTH[0,1,0,0,0,0,0,0,0,0,0]*(-2*mTsq*a1)
TTH[-1,0,1,0,0,0,0,0,0,0,0]*(a2)
TTH[0,-1,1,0,0,0,0,0,0,0,0]*(-a2)
TTH[0,0,1,0,0,0,0,0,0,0,0]*(a2*qsq-mTsq*a2-a2*s12)
TTH[-1,0,0,1,0,0,0,0,0,0,0]*(a3)
TTH[0,-1,0,1,0,0,0,0,0,0,0]*(-a3)
TTH[0,0,0,1,0,0,0,0,0,0,0]*(a3*s23-mTsq*a3-a3*s45)
TTH[-1,0,0,0,1,0,0,0,0,0,0]*(a4)
TTH[0,-1,0,0,1,0,0,0,0,0,0]*(-a4)
TTH[0,0,0,0,1,-1,0,0,0,0,0]*(-a4)
TTH[0,0,0,0,1,0,0,0,0,0,-1]*(a4)
TTH[0,0,0,0,1,0,0,0,0,0,0]*(-mTsq*a4)
TTH[-1,0,0,0,0,0,0,0,1,0,0]*(a8)
TTH[0,-1,0,0,0,0,0,0,1,0,0]*(-a8)

TTH[-1,0,0,0,1,0,0,0,0,0,0]*(a4)
TTH[0,-1,0,0,1,0,0,0,0,0,0]*(-a4)
TTH[0,0,0,0,1,-1,0,0,0,0,0]*(-a4)
TTH[0,0,0,0,1,0,0,0,0,0,-1]*(a4)
TTH[0,0,0,0,1,0,0,0,0,0,0]*(-mTsq*a4)
TTH[0,0,0,0,0,0,0,0,0,0,0]*(a10-a5)
TTH[0,0,0,0,0,1,0,0,0,0,-1]*(a5)
TTH[0,0,0,0,0,1,0,0,0,0,0]*(-mTsq*a5)
TTH[0,0,0,0,0,-1,1,0,0,0,0]*(-a6)
TTH[0,0,0,0,0,0,1,0,0,0,-1]*(a6)
TTH[0,0,0,0,0,0,1,0,0,0,0]*(-a6*s15)
TTH[0,0,0,0,0,-1,0,1,0,0,0]*(-a7)
TTH[0,0,0,0,0,0,0,1,0,0,-1]*(a7)
TTH[0,0,0,0,0,0,0,1,0,0,0]*(-a7*s23+a7*s45)
TTH[0,0,0,0,0,-1,0,0,0,1,0]*(-a9)
TTH[0,0,0,0,0,0,0,0,0,1,-1]*(a9)
TTH[0,0,0,0,0,0,0,0,0,1,0]*(-qsq*a9+s12*a9)
TTH[0,0,0,0,0,-1,0,0,0,0,1]*(-a10)
TTH[0,0,0,0,0,0,0,0,0,0,1]*(mTsq*a10)

TTH[1,-1,0,0,0,0,0,0,0,0,0]*(a0)
TTH[1,0,-1,0,0,0,0,0,0,0,0]*(-a0)
TTH[1,0,0,0,0,0,0,0,0,0,0]*(a0*s12-mTsq*a0)
TTH[0,0,0,0,0,0,0,0,0,0,0]*(-a2+a1)
TTH[0,1,-1,0,0,0,0,0,0,0,0]*(-a1)
TTH[0,1,0,0,0,0,0,0,0,0,0]*(qsq*a1)
TTH[0,-1,1,0,0,0,0,0,0,0,0]*(a2)
TTH[0,0,0,0,0,0,0,0,1,0,0]*(s23*a8+a8*s12-2*mTsq*a8+s34*a8-s15*a8)
TTH[0,0,1,0,0,0,0,0,0,0,0]*(-a2*qsq)
TTH[0,-1,0,1,0,0,0,0,0,0,0]*(a3)
TTH[0,0,-1,1,0,0,0,0,0,0,0]*(-a3)
TTH[0,0,0,1,0,0,0,0,0,0,0]*(-a3*s23+mTsq*a3)
TTH[0,-1,0,0,1,0,0,0,0,0,0]*(a4)
TTH[0,0,-1,0,1,0,0,0,0,0,0]*(-a4)
TTH[0,0,0,0,1,0,0,0,0,-1,0]*(a4)
TTH[0,0,0,0,1,0,0,0,0,0,-1]*(-a4)
TTH[0,0,0,0,1,0,0,0,0,0,0]*(mTsq*a4)
TTH[0,-1,0,0,0,0,0,0,1,0,0]*(a8)
TTH[0,0,-1,0,0,0,0,0,1,0,0]*(-a8)

TTH[0,-1,0,0,1,0,0,0,0,0,0]*(a4)
TTH[0,0,-1,0,1,0,0,0,0,0,0]*(-a4)
TTH[0,0,0,0,1,0,0,0,0,-1,0]*(a4)
TTH[0,0,0,0,1,0,0,0,0,0,-1]*(-a4)
TTH[0,0,0,0,1,0,0,0,0,0,0]*(mTsq*a4)
TTH[0,0,0,0,0,1,0,0,0,-1,0]*(a5)
TTH[0,0,0,0,0,1,0,0,0,0,-1]*(-a5)
TTH[0,0,0,0,0,1,0,0,0,0,0]*(2*mTsq*a5-a5*s12)
TTH[0,0,0,0,0,0,1,0,0,-1,0]*(a6)
TTH[0,0,0,0,0,0,1,0,0,0,-1]*(-a6)
TTH[0,0,0,0,0,0,1,0,0,0,0]*(-a6*s34+mTsq*a6+a6*s15)
TTH[0,0,0,0,0,0,0,1,0,-1,0]*(a7)
TTH[0,0,0,0,0,0,0,1,0,0,-1]*(-a7)
TTH[0,0,0,0,0,0,0,1,0,0,0]*(a7*s23)
TTH[0,0,0,0,0,0,0,0,0,0,0]*(-a10+a9)
TTH[0,0,0,0,0,0,0,0,0,1,-1]*(-a9)
TTH[0,0,0,0,0,0,0,0,0,1,0]*(qsq*a9+mTsq*a9)
TTH[0,0,0,0,0,0,0,0,0,-1,1]*(a10)
TTH[0,0,0,0,0,0,0,0,0,0,1]*(-a10*qsq+mTsq*a10)

TTH[-1,0,0,0,1,0,0,0,0,0,0]*(-a4)
TTH[0,0,0,0,0,0,0,0,0,0,0]*(-a4+a5)
TTH[0,0,0,0,1,-1,0,0,0,0,0]*(a4)
TTH[-1,0,0,0,0,1,0,0,0,0,0]*(a5)
TTH[0,0,0,0,-1,1,0,0,0,0,0]*(-a5)
TTH[0,0,0,0,0,-1,0,0,0,0,1]*(a10)
TTH[-1,0,0,0,0,0,1,0,0,0,0]*(-a6)
TTH[0,0,0,-1,0,0,1,0,0,0,0]*(a6)
TTH[0,0,0,0,-1,0,1,0,0,0,0]*(-a6)
TTH[0,0,0,0,0,-1,1,0,0,0,0]*(a6)
TTH[0,0,0,0,0,0,1,0,-1,0,0]*(a6)
TTH[0,0,0,0,0,0,1,0,0,0,0]*(-a6*s45)
TTH[0,0,0,-1,0,0,0,1,0,0,0]*(a7)
TTH[0,0,0,0,-1,0,0,1,0,0,0]*(-a7)
TTH[0,0,0,0,0,-1,0,1,0,0,0]*(a7)
TTH[0,0,0,0,0,0,0,1,0,0,0]*(-a7*s45)
TTH[0,0,-1,0,0,0,0,0,0,1,0]*(a9)
TTH[0,0,0,0,-1,0,0,0,0,1,0]*(-a9)
TTH[0,0,0,0,0,-1,0,0,0,1,0]*(a9)
TTH[0,0,0,0,0,0,0,0,0,1,0]*(-s12*a9+mTsq*a9)
TTH[0,-1,0,0,0,0,0,0,0,0,1]*(a10)
TTH[0,0,0,0,-1,0,0,0,0,0,1]*(-a10)

TTH[0,0,0,0,0,0,0,0,0,0,0]*(a0-a4)
TTH[1,0,0,0,-1,0,0,0,0,0,0]*(-a0)
TTH[1,0,0,0,0,-1,0,0,0,0,0]*(a0)
TTH[-1,1,0,0,0,0,0,0,0,0,0]*(a1)
TTH[0,1,0,0,-1,0,0,0,0,0,0]*(-a1)
TTH[0,1,0,0,0,0,0,0,0,0,-1]*(a1)
TTH[0,1,0,0,0,0,0,0,0,0,0]*(-mTsq*a1)
TTH[-1,0,1,0,0,0,0,0,0,0,0]*(a2)
TTH[0,0,1,0,-1,0,0,0,0,0,0]*(-a2)
TTH[0,0,1,0,0,0,0,0,0,-1,0]*(a2)
TTH[0,0,1,0,0,0,0,0,0,0,0]*(mTsq*a2-a2*s12)
TTH[-1,0,0,1,0,0,0,0,0,0,0]*(a3)
TTH[0,0,0,1,-1,0,0,0,0,0,0]*(-a3)
TTH[0,0,0,1,0,0,0,-1,0,0,0]*(a3)
TTH[0,0,0,1,0,0,0,0,0,0,0]*(-a3*s45)
TTH[-1,0,0,0,1,0,0,0,0,0,0]*(a4)
TTH[0,0,0,0,0,0,0,0,1,0,0]*(a8*s45)
TTH[0,0,0,0,1,-1,0,0,0,0,0]*(-a4)
TTH[-1,0,0,0,0,0,0,0,1,0,0]*(a8)
TTH[0,0,0,0,-1,0,0,0,1,0,0]*(-a8)
TTH[0,0,0,0,0,-1,0,0,1,0,0]*(a8)
TTH[0,0,0,0,0,0,-1,0,1,0,0]*(a8)
TTH[0,0,0,0,0,0,0,-1,1,0,0]*(-a8)

