TTH[-1,1,0,0,0,0,0,0,0,0,0]*(-2*mTsq*a1+s23*a1-a1*s45-s15*a1)
TTH[0,0,0,0,0,0,0,0,0,0,0]*(s23*a8+a7*s23-s23*a1+a1*s45-a10*s23+mTsq*a6-a8*s45-a6*s15+s15*a1+a10*s15-s15*a8-a7*s45-mTsq*a7+a10*s45)
TTH[0,0,0,0,0,0,1,0,0,0,0]*(-a6*s15*s45)
TTH[-1,0,0,0,0,0,0,0,1,0,0]*(-s23*a8+a8*s45+s15*a8)
TTH[0,1,0,0,0,0,0,0,-1,0,0]*(2*mTsq*a1)
TTH[0,0,0,0,0,0,1,-1,0,0,0]*(-mTsq*a6+a6*s15)
TTH[-1,0,1,0,0,0,0,0,0,0,0]*(-a2*s34+a2*qsq-a2*s12-a2*s45)
TTH[0,-1,1,0,0,0,0,0,0,0,0]*(a2*s34-mTsq*a2+a2*s45)
TTH[0,0,0,0,0,0,0,0,0,1,-1]*(s34*a9-mTsq*a9+s45*a9)
TTH[-1,0,0,1,0,0,0,0,0,0,0]*(a3*s23-mTsq*a3-2*a3*s45)
TTH[0,0,1,0,0,0,0,0,-1,0,0]*(-a2*qsq+mTsq*a2+a2*s12)
TTH[0,0,0,0,0,0,0,-1,0,1,0]*(qsq*a9-s12*a9-mTsq*a9)
TTH[0,0,0,0,0,0,0,1,0,0,-1]*(a7*s45)
TTH[0,-1,0,1,0,0,0,0,0,0,0]*(a3*s45)
TTH[0,0,0,0,0,-1,0,1,0,0,0]*(-a7*s45)
TTH[0,0,0,0,0,-1,1,0,0,0,0]*(-a6*s45)
TTH[0,0,0,1,0,0,0,0,-1,0,0]*(-a3*s23+mTsq*a3+a3*s45)
TTH[0,0,0,0,0,0,-1,1,0,0,0]*(-a7*s23+a7*s45+mTsq*a7)
TTH[0,0,0,0,0,0,-1,0,0,1,0]*(-qsq*a9+s12*a9+mTsq*a9)
TTH[0,0,0,0,0,0,1,0,0,0,-1]*(a6*s45)
TTH[0,0,0,0,0,0,0,1,0,0,0]*(a7*s45^2-a7*s23*s45)
TTH[0,0,0,0,0,0,0,0,0,1,0]*(-qsq*s45*a9+mTsq^2*a9+s45*s12*a9-mTsq*s34*a9)
TTH[0,0,0,0,0,0,0,0,0,0,1]*(-mTsq*a10*s15+mTsq*a10*s45+mTsq*a10*s23)
TTH[0,0,0,0,0,-1,0,0,0,1,0]*(-s34*a9+mTsq*a9-s45*a9)
TTH[0,0,0,0,0,0,-1,0,0,0,1]*(2*mTsq*a10)
TTH[0,0,0,0,0,-1,0,0,0,0,1]*(a10*s23-a10*s15-a10*s45)
TTH[0,0,0,0,0,0,0,-1,0,0,1]*(-2*mTsq*a10)

TTH[0,0,0,0,0,0,0,0,0,0,0]*(-qsq*a9+a3*s23+a7*s23-s23*a1+a1*s45-a2*qsq+a10*qsq-2*mTsq*a3-a1*s12-a10*s23+2*mTsq*a2+qsq*a1+2*mTsq*a9-s45*a9-a10*s12-2*mTsq*a7+a3*s12+a7*s12+a10*s45-a2*s45)
TTH[0,1,-1,0,0,0,0,0,0,0,0]*(mTsq*a1+s23*a1-a1*s45)
TTH[0,1,0,0,0,0,0,0,0,0,0]*(mTsq*s23*a1-s23*a1*s12+qsq*a1*s45-mTsq*a1*s12+mTsq^2*a1)
TTH[0,0,0,0,0,0,0,1,0,0,-1]*(a7*s45+mTsq*a7-a7*s12)
TTH[0,1,0,-1,0,0,0,0,0,0,0]*(-mTsq*a1+a1*s12-qsq*a1)
TTH[0,0,0,0,0,0,0,1,0,-1,0]*(-a7*s23-a7*s45+mTsq*a7)
TTH[0,-1,1,0,0,0,0,0,0,0,0]*(-mTsq*a2-a2*s12+a2*s45)
TTH[0,0,0,0,0,0,0,0,1,0,0]*(-mTsq*s15*a8+s15*a8*s12+s34*a8*s45+mTsq*s23*a8+s23*a8*s45-mTsq*a8*s45-s15*a8*s45-s23*a8*s12)
TTH[0,0,1,0,0,0,0,0,0,0,0]*(-2*mTsq*a2*s12-mTsq*a2*qsq+a2*qsq*s12+2*mTsq^2*a2-a2*qsq*s45)
TTH[0,0,0,-1,0,0,0,0,1,0,0]*(-s23*a8+mTsq*a8-s34*a8+s15*a8)
TTH[0,0,1,-1,0,0,0,0,0,0,0]*(a2*qsq-mTsq*a2+a2*s12)
TTH[0,0,-1,1,0,0,0,0,0,0,0]*(-a3*s23+mTsq*a3-a3*s45)
TTH[0,-1,0,1,0,0,0,0,0,0,0]*(mTsq*a3+a3*s45-a3*s12)
TTH[0,0,0,0,0,0,0,-1,0,1,0]*(qsq*a9+s12*a9-mTsq*a9)
TTH[0,0,0,1,0,0,0,0,0,0,0]*(mTsq*a3*s45-mTsq*a3*s12-a3*s23*s45-mTsq*a3*s23+mTsq^2*a3+a3*s23*s12)
TTH[0,0,0,0,0,0,0,0,0,1,0]*(-qsq*s45*a9-mTsq*s45*a9+3*mTsq^2*a9-mTsq*s12*a9-mTsq*qsq*a9+qsq*s12*a9)
TTH[0,0,-1,0,0,0,0,0,1,0,0]*(s23*a8-s15*a8)
TTH[0,0,0,0,0,0,1,0,0,-1,0]*(mTsq*a6-a6*s15-a6*s45)
TTH[0,0,0,0,0,0,1,0,0,0,-1]*(a6*s34-a6*s12+a6*s45)
TTH[0,0,0,0,0,0,1,0,0,0,0]*(-mTsq*a6*s15-mTsq*a6*s45+mTsq^2*a6+a6*s34*s45-mTsq*a6*s34-a6*s15*s45+a6*s15*s12)
TTH[0,0,0,0,0,0,1,-1,0,0,0]*(-a6*s34-mTsq*a6+a6*s15+a6*s12)
TTH[0,0,0,0,0,0,0,0,0,1,-1]*(-s12*a9-mTsq*a9+s45*a9)
TTH[0,0,0,0,0,0,0,0,0,0,1]*(mTsq^2*a10-a10*s23*s12-mTsq*a10*s45-mTsq*a10*qsq+2*mTsq*a10*s23+a10*qsq*s45)
TTH[0,0,0,0,0,0,0,0,0,-1,1]*(a10*s23-a10*s45+mTsq*a10)
TTH[0,0,0,0,0,0,0,1,0,0,0]*(-mTsq*a7*s23+a7*s23*s12-a7*s23*s45)
TTH[0,-1,0,0,0,0,0,0,1,0,0]*(-mTsq*a8+s34*a8)
TTH[0,0,0,0,0,0,0,-1,0,0,1]*(-a10*qsq+a10*s12-mTsq*a10)

TTH[0,1,-1,0,0,0,0,0,0,0,0]*(s23*a1-a1*s45-s15*a1)
TTH[0,1,0,-1,0,0,0,0,0,0,0]*(-s23*a1+a1*s45+s15*a1)
TTH[0,1,0,0,0,0,0,0,0,0,0]*(-mTsq*s15*a1-a1*s45^2-mTsq*a1*s45+a1*s45*s12-s15*a1*s45+mTsq*s23*a1-s23*a1*s12+s15*a1*s12+s23*a1*s45)
TTH[-1,1,0,0,0,0,0,0,0,0,0]*(s23*a1-a1*s45+a1*s12-qsq*a1)
TTH[0,1,0,0,0,0,0,0,-1,0,0]*(-s23*a1+a1*s45-a1*s12+qsq*a1)
TTH[0,0,0,0,0,0,0,0,0,0,0]*(a6*s34-s34*a9-a2*s34-mTsq*a8+mTsq*a2+s34*a8+a3*s45+mTsq*a9-a6*s12-s45*a9+a6*s45-mTsq*a7+a7*s12-a2*s45)
TTH[-1,0,0,0,0,0,0,0,1,0,0]*(mTsq*a8-s34*a8)
TTH[0,0,1,-1,0,0,0,0,0,0,0]*(a2*s34-mTsq*a2+a2*s45)
TTH[0,0,1,0,0,0,0,0,0,0,0]*(a2*s45*s12-mTsq*a2*s12-a2*s45^2+mTsq^2*a2-mTsq*a2*s34+a2*s34*s12-a2*s34*s45)
TTH[-1,0,1,0,0,0,0,0,0,0,0]*(mTsq*a2+a2*s12-a2*s45)
TTH[0,0,1,0,0,0,0,0,-1,0,0]*(-mTsq*a2-a2*s12+a2*s45)
TTH[0,0,0,0,0,0,0,-1,0,1,0]*(s34*a9+s12*a9)
TTH[0,0,-1,1,0,0,0,0,0,0,0]*(-a3*s45)
TTH[0,0,0,0,0,0,1,-1,0,0,0]*(-a6*s34+a6*s12)
TTH[-1,0,0,1,0,0,0,0,0,0,0]*(-mTsq*a3-a3*s45+a3*s12)
TTH[0,0,0,1,0,0,0,0,-1,0,0]*(mTsq*a3+a3*s45-a3*s12)
TTH[0,0,0,1,0,0,0,0,0,0,0]*(-mTsq*a3*s45+a3*s45*s12-a3*s45^2)
TTH[0,0,0,0,0,0,0,1,0,-1,0]*(-a7*s45)
TTH[0,0,0,0,0,0,1,0,0,-1,0]*(-a6*s45)
TTH[0,0,0,0,0,0,1,0,0,0,0]*(-mTsq*a6*s45+a6*s34*s45)
TTH[0,0,0,0,0,0,-1,1,0,0,0]*(a7*s45+mTsq*a7-a7*s12)
TTH[0,0,0,0,0,0,0,-1,0,0,1]*(-a10*qsq+a10*s12+a10*s15)
TTH[0,0,0,0,0,0,-1,0,0,1,0]*(-s12*a9-mTsq*a9+s45*a9)
TTH[0,0,0,0,0,0,0,0,0,1,0]*(-mTsq*s45*a9-s34*s45*a9+mTsq^2*a9-mTsq*s12*a9-mTsq*s34*a9+s34*s12*a9)
TTH[0,0,0,0,0,0,0,0,0,0,1]*(-mTsq*a10*s15-a10*s23*s12-mTsq*a10*s45+a10*s15*s12-a10*s15*s45+mTsq*a10*s23+a10*qsq*s45)
TTH[0,0,0,0,0,0,-1,0,0,0,1]*(a10*qsq-a10*s23-a10*s12+a10*s45)
TTH[0,0,0,0,0,0,0,0,0,-1,1]*(a10*s23-a10*s15-a10*s45)

TTH[-1,1,0,0,0,0,0,0,0,0,0]*(-mTsq*a1+a1*s12-qsq*a1)
TTH[0,0,0,0,0,0,0,0,0,0,0]*(-qsq*a9-mTsq*a1+s12*a9-a2*qsq+a10*qsq-a1*s12+mTsq*a2+qsq*a1+mTsq*a9+a2*s12-a10*s12-mTsq*a10)
TTH[0,1,0,0,0,0,0,0,0,0,0]*(-2*mTsq*a1*s12+2*mTsq^2*a1)
TTH[0,0,0,0,0,0,0,0,1,0,0]*(a8*s45*s12-mTsq*s15*a8+s15*a8*s12+mTsq*s23*a8-mTsq*a8*s45-s23*a8*s12)
TTH[0,1,-1,0,0,0,0,0,0,0,0]*(2*mTsq*a1)
TTH[0,0,0,0,0,0,1,0,0,0,-1]*(a6*s34-a6*s12)
TTH[-1,0,1,0,0,0,0,0,0,0,0]*(a2*qsq-mTsq*a2+a2*s12)
TTH[0,-1,1,0,0,0,0,0,0,0,0]*(-2*a2*s12)
TTH[0,0,1,0,0,0,0,0,0,0,0]*(-mTsq*a2*qsq+a2*qsq*s12+mTsq^2*a2-a2*s12^2)
TTH[0,0,0,0,0,-1,0,1,0,0,0]*(a7*s23-2*mTsq*a7+a7*s12)
TTH[0,0,-1,0,0,0,0,0,1,0,0]*(s23*a8-a8*s45-s15*a8)
TTH[0,0,0,0,0,0,1,0,0,-1,0]*(mTsq*a6-a6*s15)
TTH[-1,0,0,1,0,0,0,0,0,0,0]*(a3*s23-2*mTsq*a3+a3*s12)
TTH[0,-1,0,1,0,0,0,0,0,0,0]*(mTsq*a3-a3*s45-a3*s12)
TTH[0,0,0,1,0,0,0,0,0,0,0]*(mTsq*a3*s45-mTsq*a3*s12-mTsq*a3*s23+mTsq^2*a3+a3*s23*s12-a3*s45*s12)
TTH[0,0,0,0,0,0,0,0,0,1,0]*(mTsq^2*a9+2*mTsq*s12*a9-mTsq*qsq*a9+qsq*s12*a9-s12^2*a9)
TTH[0,0,-1,1,0,0,0,0,0,0,0]*(-a3*s23+mTsq*a3+a3*s45)
TTH[0,0,0,0,0,-1,0,0,0,1,0]*(qsq*a9+s12*a9-mTsq*a9)
TTH[0,0,0,0,0,-1,1,0,0,0,0]*(-a6*s34-mTsq*a6+a6*s15+a6*s12)
TTH[0,0,0,0,0,0,1,0,0,0,0]*(-mTsq*a6*s15+mTsq^2*a6-mTsq*a6*s34+a6*s15*s12)
TTH[0,0,0,0,0,0,0,1,0,-1,0]*(-a7*s23+a7*s45+mTsq*a7)
TTH[0,0,0,0,0,0,0,1,0,0,-1]*(-a7*s45+mTsq*a7-a7*s12)
TTH[0,0,0,0,0,0,0,1,0,0,0]*(2*mTsq*a7*s45-a7*s45*s12-mTsq*a7*s23+a7*s23*s12)
TTH[0,0,0,0,0,0,0,0,0,1,-1]*(-2*s12*a9)
TTH[-1,0,0,0,0,0,0,0,1,0,0]*(-s23*a8+mTsq*a8-s34*a8+s15*a8)
TTH[0,0,0,0,0,0,0,0,0,0,1]*(3*mTsq^2*a10-mTsq*a10*s12-mTsq*a10*qsq)
TTH[0,0,0,0,0,0,0,0,0,-1,1]*(2*mTsq*a10)
TTH[0,-1,0,0,0,0,0,0,1,0,0]*(-mTsq*a8+a8*s45+s34*a8)
TTH[0,0,0,0,0,-1,0,0,0,0,1]*(-a10*qsq+a10*s12-mTsq*a10)

TTH[0,0,0,0,0,0,0,0,0,0,0]*(-s23*a8-a6*s34-a7*s23+s34*a9+a2*s34+s23*a1+mTsq*a8-a1*s45+a10*s23-mTsq*a6-mTsq*a2-s34*a8+a6*s15-mTsq*a9-s15*a1+a6*s12+s45*a9-a10*s15+s15*a8+2*mTsq*a7-a7*s12-a10*s45+a2*s45)
TTH[0,1,-1,0,0,0,0,0,0,0,0]*(-s23*a1+a1*s45+s15*a1)
TTH[0,1,0,0,0,0,0,0,0,0,0]*(mTsq*s15*a1+mTsq*a1*s45-a1*s45*s12-mTsq*s23*a1+s23*a1*s12-s15*a1*s12)
TTH[-1,1,0,0,0,0,0,0,0,0,0]*(mTsq*a1-a1*s12+qsq*a1)
TTH[0,1,0,0,0,0,0,0,-1,0,0]*(-mTsq*a1+a1*s12-qsq*a1)
TTH[0,0,0,0,0,0,1,0,0,-1,0]*(a6*s45)
TTH[0,-1,1,0,0,0,0,0,0,0,0]*(-a2*s34+mTsq*a2-a2*s45)
TTH[-1,0,0,0,0,0,0,0,1,0,0]*(s23*a8-mTsq*a8+s34*a8-s15*a8)
TTH[0,0,1,0,0,0,0,0,0,0,0]*(-a2*s45*s12+mTsq*a2*s12+mTsq*a2*s45-mTsq^2*a2+mTsq*a2*s34-a2*s34*s12)
TTH[-1,0,1,0,0,0,0,0,0,0,0]*(-a2*qsq+mTsq*a2-a2*s12)
TTH[0,0,1,0,0,0,0,0,-1,0,0]*(a2*qsq-mTsq*a2+a2*s12)
TTH[0,0,0,1,0,0,0,0,0,0,0]*(mTsq*a3*s45-a3*s45*s12)
TTH[0,-1,0,1,0,0,0,0,0,0,0]*(-a3*s45)
TTH[0,0,-1,1,0,0,0,0,0,0,0]*(a3*s45)
TTH[0,0,0,0,0,0,-1,0,0,1,0]*(qsq*a9+s12*a9-mTsq*a9)
TTH[-1,0,0,1,0,0,0,0,0,0,0]*(-a3*s23+2*mTsq*a3-a3*s12)
TTH[0,0,0,1,0,0,0,0,-1,0,0]*(a3*s23-2*mTsq*a3+a3*s12)
TTH[0,0,0,0,0,0,0,0,0,1,0]*(qsq*s45*a9+mTsq*s45*a9-2*mTsq^2*a9+mTsq*s12*a9+2*mTsq*s34*a9-s34*s12*a9)
TTH[0,0,0,0,0,0,0,0,0,1,-1]*(-s34*a9+mTsq*a9-s45*a9)
TTH[0,0,0,0,0,0,1,0,0,0,-1]*(-a6*s45)
TTH[0,0,0,0,0,0,1,0,0,0,0]*(mTsq*a6*s45-a6*s34*s45+a6*s15*s45)
TTH[0,0,0,0,0,0,1,-1,0,0,0]*(a6*s34+mTsq*a6-a6*s15-a6*s12)
TTH[0,0,0,0,0,0,0,-1,0,1,0]*(-qsq*a9-s12*a9+mTsq*a9)
TTH[0,0,0,0,0,0,0,1,0,-1,0]*(a7*s45)
TTH[0,0,0,0,0,0,0,1,0,0,-1]*(-a7*s45)
TTH[0,0,0,0,0,0,0,1,0,0,0]*(a7*s23*s45)
TTH[0,0,0,0,0,0,-1,1,0,0,0]*(a7*s23-2*mTsq*a7+a7*s12)
TTH[0,0,0,0,0,0,0,0,0,-1,1]*(-a10*s23+a10*s15+a10*s45)
TTH[0,0,0,0,0,0,0,0,0,0,1]*(2*mTsq*a10*s15+a10*s23*s12+mTsq*a10*s45-a10*s15*s12-2*mTsq*a10*s23-a10*qsq*s45)
TTH[0,0,0,0,0,0,-1,0,0,0,1]*(-a10*qsq+a10*s12-mTsq*a10)
TTH[0,0,0,0,0,0,0,-1,0,0,1]*(a10*qsq-a10*s12+mTsq*a10)

TTH[-1,1,0,0,0,0,0,0,0,0,0]*(-s23*a1+a1*s45-a1*s12+qsq*a1)
TTH[0,0,0,0,0,0,0,0,0,0,0]*(qsq*a9-a3*s23-a7*s23+s23*a1-s12*a9-a1*s45+a2*qsq-a10*qsq+mTsq*a3+a1*s12+a10*s23-mTsq*a2-qsq*a1+a3*s45-mTsq*a9-a2*s12+a10*s12+a7*s45+mTsq*a7-a10*s45)
TTH[0,1,0,0,0,0,0,0,0,0,0]*(-2*mTsq*a1*s45+2*mTsq*a1*s12-2*mTsq^2*a1)
TTH[0,1,-1,0,0,0,0,0,0,0,0]*(-2*mTsq*a1)
TTH[0,1,0,-1,0,0,0,0,0,0,0]*(2*mTsq*a1)
TTH[0,0,0,0,0,-1,1,0,0,0,0]*(a6*s34-a6*s12+a6*s45)
TTH[-1,0,1,0,0,0,0,0,0,0,0]*(-mTsq*a2-a2*s12+a2*s45)
TTH[0,-1,1,0,0,0,0,0,0,0,0]*(mTsq*a2+a2*s12-a2*s45)
TTH[0,0,1,0,0,0,0,0,0,0,0]*(-a2*s45*s12-mTsq*a2*s45+mTsq*a2*qsq-a2*qsq*s12-mTsq^2*a2+a2*s12^2+a2*qsq*s45)
TTH[0,0,0,0,0,0,0,0,1,0,0]*(-a8*s45*s12+mTsq*s15*a8+a8*s45^2-s15*a8*s12-mTsq*s23*a8-s23*a8*s45+mTsq*a8*s45+s15*a8*s45+s23*a8*s12)
TTH[0,0,1,-1,0,0,0,0,0,0,0]*(-a2*qsq+mTsq*a2+a2*s12)
TTH[0,0,0,0,0,0,1,0,0,0,0]*(mTsq*a6*s15-mTsq^2*a6+mTsq*a6*s34+a6*s15*s45-a6*s15*s12)
TTH[-1,0,0,1,0,0,0,0,0,0,0]*(mTsq*a3+a3*s45-a3*s12)
TTH[0,-1,0,1,0,0,0,0,0,0,0]*(-mTsq*a3-a3*s45+a3*s12)
TTH[0,0,0,1,0,0,0,0,0,0,0]*(-2*mTsq*a3*s45+mTsq*a3*s12+a3*s23*s45+mTsq*a3*s23-mTsq^2*a3-a3*s23*s12+a3*s45*s12-a3*s45^2)
TTH[0,0,-1,1,0,0,0,0,0,0,0]*(a3*s23-mTsq*a3-a3*s45)
TTH[0,0,0,-1,0,0,0,0,1,0,0]*(s23*a8-a8*s45-s15*a8)
TTH[0,0,0,0,0,0,0,1,0,-1,0]*(a7*s23-a7*s45-mTsq*a7)
TTH[0,0,0,0,0,0,1,0,0,0,-1]*(-a6*s34+a6*s12-a6*s45)
TTH[0,0,0,0,0,0,0,1,0,0,0]*(-mTsq*a7*s45+a7*s45*s12+mTsq*a7*s23-a7*s23*s12-a7*s45^2+a7*s23*s45)
TTH[0,0,0,0,0,0,1,-1,0,0,0]*(mTsq*a6-a6*s15)
TTH[0,0,0,0,0,0,1,0,0,-1,0]*(-mTsq*a6+a6*s15)
TTH[0,0,0,0,0,-1,0,1,0,0,0]*(a7*s45+mTsq*a7-a7*s12)
TTH[0,0,0,0,0,0,0,0,0,1,-1]*(s12*a9+mTsq*a9-s45*a9)
TTH[0,0,0,0,0,0,0,1,0,0,-1]*(-a7*s45-mTsq*a7+a7*s12)
TTH[0,0,0,0,0,0,0,-1,0,1,0]*(-qsq*a9+s12*a9+mTsq*a9)
TTH[0,0,-1,0,0,0,0,0,1,0,0]*(-s23*a8+a8*s45+s15*a8)
TTH[0,0,0,0,0,0,0,0,0,1,0]*(qsq*s45*a9-2*mTsq^2*a9-mTsq*s12*a9-s45*s12*a9+mTsq*qsq*a9-qsq*s12*a9+s12^2*a9)
TTH[0,0,0,0,0,-1,0,0,0,1,0]*(-s12*a9-mTsq*a9+s45*a9)
TTH[-1,0,0,0,0,0,0,0,1,0,0]*(-mTsq*a8+s34*a8)
TTH[0,0,0,0,0,0,0,0,0,0,1]*(-2*mTsq^2*a10+mTsq*a10*s12-mTsq*a10*s45+mTsq*a10*qsq-mTsq*a10*s23)
TTH[0,0,0,0,0,0,0,0,0,-1,1]*(-2*mTsq*a10)
TTH[0,-1,0,0,0,0,0,0,1,0,0]*(mTsq*a8-s34*a8)
TTH[0,0,0,0,0,0,0,-1,0,0,1]*(2*mTsq*a10)
TTH[0,0,0,0,0,-1,0,0,0,0,1]*(a10*qsq-a10*s23-a10*s12+a10*s45)

