514 2
516 2
162 3
164 3
50 3
52 3
56 3
145 3
146 3
148 3
82 3
84 3
400 3
336 3
515 3
546 3
517 3
548 3
518 3
521 3
522 3
524 3
642 3
644 3
578 3
580 3
529 3
530 3
532 3
536 3
770 3
772 3
776 3
784 3
1058 3
1060 3
1154 3
1156 3
1090 3
1092 3
1041 3
1042 3
1044 3
1048 3
1296 3
1538 3
1540 3
163 4
165 4
166 4
169 4
170 4
172 4
226 4
228 4
51 4
53 4
54 4
57 4
58 4
60 4
177 4
147 4
178 4
149 4
180 4
150 4
153 4
184 4
154 4
156 4
83 4
114 4
85 4
116 4
86 4
89 4
120 4
90 4
92 4
209 4
210 4
212 4
418 4
420 4
424 4
306 4
308 4
312 4
401 4
432 4
402 4
404 4
408 4
337 4
368 4
338 4
340 4
344 4
464 4
547 4
549 4
519 4
550 4
553 4
523 4
554 4
525 4
556 4
526 4
643 4
674 4
645 4
676 4
646 4
649 4
650 4
652 4
579 4
610 4
581 4
612 4
582 4
585 4
586 4
588 4
706 4
708 4
561 4
531 4
562 4
533 4
564 4
534 4
537 4
568 4
538 4
540 4
657 4
658 4
660 4
664 4
593 4
594 4
596 4
600 4
771 4
802 4
773 4
804 4
774 4
777 4
808 4
778 4
780 4
898 4
900 4
904 4
834 4
836 4
840 4
785 4
816 4
786 4
788 4
792 4
912 4
848 4
1059 4
1061 4
1062 4
1065 4
1066 4
1068 4
1155 4
1186 4
1157 4
1188 4
1158 4
1161 4
1162 4
1164 4
1091 4
1122 4
1093 4
1124 4
1094 4
1097 4
1098 4
1100 4
1218 4
1220 4
1073 4
1043 4
1074 4
1045 4
1076 4
1046 4
1049 4
1080 4
1050 4
1052 4
1169 4
1170 4
1172 4
1176 4
1105 4
1106 4
1108 4
1112 4
1314 4
1316 4
1320 4
1410 4
1412 4
1416 4
1346 4
1348 4
1352 4
1297 4
1328 4
1298 4
1300 4
1304 4
1424 4
1360 4
1539 4
1570 4
1541 4
1572 4
1542 4
1545 4
1546 4
1548 4
1666 4
1668 4
1602 4
1604 4
1553 4
1554 4
1556 4
1560 4
1794 4
1796 4
1800 4
1808 4
167 5
171 5
173 5
174 5
227 5
229 5
230 5
233 5
234 5
236 5
55 5
59 5
61 5
62 5
179 5
181 5
151 5
182 5
185 5
155 5
186 5
157 5
188 5
158 5
115 5
117 5
87 5
118 5
121 5
91 5
122 5
93 5
124 5
94 5
241 5
211 5
242 5
213 5
244 5
214 5
217 5
248 5
218 5
220 5
419 5
421 5
422 5
425 5
426 5
428 5
482 5
484 5
488 5
307 5
309 5
310 5
313 5
314 5
316 5
433 5
403 5
434 5
405 5
436 5
406 5
409 5
440 5
410 5
412 5
369 5
339 5
370 5
341 5
372 5
342 5
345 5
376 5
346 5
348 5
465 5
496 5
466 5
468 5
472 5
551 5
555 5
557 5
527 5
558 5
675 5
677 5
647 5
678 5
681 5
651 5
682 5
653 5
684 5
654 5
611 5
613 5
583 5
614 5
617 5
587 5
618 5
589 5
620 5
590 5
707 5
738 5
709 5
740 5
710 5
713 5
714 5
716 5
563 5
565 5
535 5
566 5
569 5
539 5
570 5
541 5
572 5
542 5
689 5
659 5
690 5
661 5
692 5
662 5
665 5
696 5
666 5
668 5
625 5
595 5
626 5
597 5
628 5
598 5
601 5
632 5
602 5
604 5
721 5
722 5
724 5
728 5
803 5
805 5
775 5
806 5
809 5
779 5
810 5
781 5
812 5
782 5
899 5
930 5
901 5
932 5
902 5
905 5
936 5
906 5
908 5
835 5
866 5
837 5
868 5
838 5
841 5
872 5
842 5
844 5
962 5
964 5
968 5
817 5
787 5
818 5
789 5
820 5
790 5
793 5
824 5
794 5
796 5
913 5
944 5
914 5
916 5
920 5
849 5
880 5
850 5
852 5
856 5
976 5
1063 5
1067 5
1069 5
1070 5
1187 5
1189 5
1159 5
1190 5
1193 5
1163 5
1194 5
1165 5
1196 5
1166 5
1123 5
1125 5
1095 5
1126 5
1129 5
1099 5
1130 5
1101 5
1132 5
1102 5
1219 5
1250 5
1221 5
1252 5
1222 5
1225 5
1226 5
1228 5
1075 5
1077 5
1047 5
1078 5
1081 5
1051 5
1082 5
1053 5
1084 5
1054 5
1201 5
1171 5
1202 5
1173 5
1204 5
1174 5
1177 5
1208 5
1178 5
1180 5
1137 5
1107 5
1138 5
1109 5
1140 5
1110 5
1113 5
1144 5
1114 5
1116 5
1233 5
1234 5
1236 5
1240 5
1315 5
1317 5
1318 5
1321 5
1322 5
1324 5
1411 5
1442 5
1413 5
1444 5
1414 5
1417 5
1448 5
1418 5
1420 5
1347 5
1378 5
1349 5
1380 5
1350 5
1353 5
1384 5
1354 5
1356 5
1474 5
1476 5
1480 5
1329 5
1299 5
1330 5
1301 5
1332 5
1302 5
1305 5
1336 5
1306 5
1308 5
1425 5
1456 5
1426 5
1428 5
1432 5
1361 5
1392 5
1362 5
1364 5
1368 5
1488 5
1571 5
1573 5
1543 5
1574 5
1577 5
1547 5
1578 5
1549 5
1580 5
1550 5
1667 5
1698 5
1669 5
1700 5
1670 5
1673 5
1674 5
1676 5
1603 5
1634 5
1605 5
1636 5
1606 5
1609 5
1610 5
1612 5
1730 5
1732 5
1585 5
1555 5
1586 5
1557 5
1588 5
1558 5
1561 5
1592 5
1562 5
1564 5
1681 5
1682 5
1684 5
1688 5
1617 5
1618 5
1620 5
1624 5
1795 5
1826 5
1797 5
1828 5
1798 5
1801 5
1832 5
1802 5
1804 5
1922 5
1924 5
1928 5
1858 5
1860 5
1864 5
1809 5
1840 5
1810 5
1812 5
1816 5
1936 5
1872 5
175 6
231 6
235 6
237 6
238 6
63 6
183 6
187 6
189 6
159 6
190 6
119 6
123 6
125 6
95 6
126 6
243 6
245 6
215 6
246 6
249 6
219 6
250 6
221 6
252 6
222 6
423 6
427 6
429 6
430 6
483 6
485 6
486 6
489 6
490 6
492 6
311 6
315 6
317 6
318 6
435 6
437 6
407 6
438 6
441 6
411 6
442 6
413 6
444 6
414 6
371 6
373 6
343 6
374 6
377 6
347 6
378 6
349 6
380 6
350 6
497 6
467 6
498 6
469 6
500 6
470 6
473 6
504 6
474 6
476 6
559 6
679 6
683 6
685 6
655 6
686 6
615 6
619 6
621 6
591 6
622 6
739 6
741 6
711 6
742 6
745 6
715 6
746 6
717 6
748 6
718 6
567 6
571 6
573 6
543 6
574 6
691 6
693 6
663 6
694 6
697 6
667 6
698 6
669 6
700 6
670 6
627 6
629 6
599 6
630 6
633 6
603 6
634 6
605 6
636 6
606 6
753 6
723 6
754 6
725 6
756 6
726 6
729 6
760 6
730 6
732 6
807 6
811 6
813 6
783 6
814 6
931 6
933 6
903 6
934 6
937 6
907 6
938 6
909 6
940 6
910 6
867 6
869 6
839 6
870 6
873 6
843 6
874 6
845 6
876 6
846 6
963 6
994 6
965 6
996 6
966 6
969 6
1000 6
970 6
972 6
819 6
821 6
791 6
822 6
825 6
795 6
826 6
797 6
828 6
798 6
945 6
915 6
946 6
917 6
948 6
918 6
921 6
952 6
922 6
924 6
881 6
851 6
882 6
853 6
884 6
854 6
857 6
888 6
858 6
860 6
977 6
1008 6
978 6
980 6
984 6
1071 6
1191 6
1195 6
1197 6
1167 6
1198 6
1127 6
1131 6
1133 6
1103 6
1134 6
1251 6
1253 6
1223 6
1254 6
1257 6
1227 6
1258 6
1229 6
1260 6
1230 6
1079 6
1083 6
1085 6
1055 6
1086 6
1203 6
1205 6
1175 6
1206 6
1209 6
1179 6
1210 6
1181 6
1212 6
1182 6
1139 6
1141 6
1111 6
1142 6
1145 6
1115 6
1146 6
1117 6
1148 6
1118 6
1265 6
1235 6
1266 6
1237 6
1268 6
1238 6
1241 6
1272 6
1242 6
1244 6
1319 6
1323 6
1325 6
1326 6
1443 6
1445 6
1415 6
1446 6
1449 6
1419 6
1450 6
1421 6
1452 6
1422 6
1379 6
1381 6
1351 6
1382 6
1385 6
1355 6
1386 6
1357 6
1388 6
1358 6
1475 6
1506 6
1477 6
1508 6
1478 6
1481 6
1512 6
1482 6
1484 6
1331 6
1333 6
1303 6
1334 6
1337 6
1307 6
1338 6
1309 6
1340 6
1310 6
1457 6
1427 6
1458 6
1429 6
1460 6
1430 6
1433 6
1464 6
1434 6
1436 6
1393 6
1363 6
1394 6
1365 6
1396 6
1366 6
1369 6
1400 6
1370 6
1372 6
1489 6
1520 6
1490 6
1492 6
1496 6
1575 6
1579 6
1581 6
1551 6
1582 6
1699 6
1701 6
1671 6
1702 6
1705 6
1675 6
1706 6
1677 6
1708 6
1678 6
1635 6
1637 6
1607 6
1638 6
1641 6
1611 6
1642 6
1613 6
1644 6
1614 6
1731 6
1762 6
1733 6
1764 6
1734 6
1737 6
1738 6
1740 6
1587 6
1589 6
1559 6
1590 6
1593 6
1563 6
1594 6
1565 6
1596 6
1566 6
1713 6
1683 6
1714 6
1685 6
1716 6
1686 6
1689 6
1720 6
1690 6
1692 6
1649 6
1619 6
1650 6
1621 6
1652 6
1622 6
1625 6
1656 6
1626 6
1628 6
1745 6
1746 6
1748 6
1752 6
1827 6
1829 6
1799 6
1830 6
1833 6
1803 6
1834 6
1805 6
1836 6
1806 6
1923 6
1954 6
1925 6
1956 6
1926 6
1929 6
1960 6
1930 6
1932 6
1859 6
1890 6
1861 6
1892 6
1862 6
1865 6
1896 6
1866 6
1868 6
1986 6
1988 6
1992 6
1841 6
1811 6
1842 6
1813 6
1844 6
1814 6
1817 6
1848 6
1818 6
1820 6
1937 6
1968 6
1938 6
1940 6
1944 6
1873 6
1904 6
1874 6
1876 6
1880 6
2000 6
239 7
191 7
127 7
247 7
251 7
253 7
223 7
254 7
431 7
487 7
491 7
493 7
494 7
319 7
439 7
443 7
445 7
415 7
446 7
375 7
379 7
381 7
351 7
382 7
499 7
501 7
471 7
502 7
505 7
475 7
506 7
477 7
508 7
478 7
687 7
623 7
743 7
747 7
749 7
719 7
750 7
575 7
695 7
699 7
701 7
671 7
702 7
631 7
635 7
637 7
607 7
638 7
755 7
757 7
727 7
758 7
761 7
731 7
762 7
733 7
764 7
734 7
815 7
935 7
939 7
941 7
911 7
942 7
871 7
875 7
877 7
847 7
878 7
995 7
997 7
967 7
998 7
1001 7
971 7
1002 7
973 7
1004 7
974 7
823 7
827 7
829 7
799 7
830 7
947 7
949 7
919 7
950 7
953 7
923 7
954 7
925 7
956 7
926 7
883 7
885 7
855 7
886 7
889 7
859 7
890 7
861 7
892 7
862 7
1009 7
979 7
1010 7
981 7
1012 7
982 7
985 7
1016 7
986 7
988 7
1199 7
1135 7
1255 7
1259 7
1261 7
1231 7
1262 7
1087 7
1207 7
1211 7
1213 7
1183 7
1214 7
1143 7
1147 7
1149 7
1119 7
1150 7
1267 7
1269 7
1239 7
1270 7
1273 7
1243 7
1274 7
1245 7
1276 7
1246 7
1327 7
1447 7
1451 7
1453 7
1423 7
1454 7
1383 7
1387 7
1389 7
1359 7
1390 7
1507 7
1509 7
1479 7
1510 7
1513 7
1483 7
1514 7
1485 7
1516 7
1486 7
1335 7
1339 7
1341 7
1311 7
1342 7
1459 7
1461 7
1431 7
1462 7
1465 7
1435 7
1466 7
1437 7
1468 7
1438 7
1395 7
1397 7
1367 7
1398 7
1401 7
1371 7
1402 7
1373 7
1404 7
1374 7
1521 7
1491 7
1522 7
1493 7
1524 7
1494 7
1497 7
1528 7
1498 7
1500 7
1583 7
1703 7
1707 7
1709 7
1679 7
1710 7
1639 7
1643 7
1645 7
1615 7
1646 7
1763 7
1765 7
1735 7
1766 7
1769 7
1739 7
1770 7
1741 7
1772 7
1742 7
1591 7
1595 7
1597 7
1567 7
1598 7
1715 7
1717 7
1687 7
1718 7
1721 7
1691 7
1722 7
1693 7
1724 7
1694 7
1651 7
1653 7
1623 7
1654 7
1657 7
1627 7
1658 7
1629 7
1660 7
1630 7
1777 7
1747 7
1778 7
1749 7
1780 7
1750 7
1753 7
1784 7
1754 7
1756 7
1831 7
1835 7
1837 7
1807 7
1838 7
1955 7
1957 7
1927 7
1958 7
1961 7
1931 7
1962 7
1933 7
1964 7
1934 7
1891 7
1893 7
1863 7
1894 7
1897 7
1867 7
1898 7
1869 7
1900 7
1870 7
1987 7
2018 7
1989 7
2020 7
1990 7
1993 7
2024 7
1994 7
1996 7
1843 7
1845 7
1815 7
1846 7
1849 7
1819 7
1850 7
1821 7
1852 7
1822 7
1969 7
1939 7
1970 7
1941 7
1972 7
1942 7
1945 7
1976 7
1946 7
1948 7
1905 7
1875 7
1906 7
1877 7
1908 7
1878 7
1881 7
1912 7
1882 7
1884 7
2001 7
2032 7
2002 7
2004 7
2008 7
255 8
495 8
447 8
383 8
503 8
507 8
509 8
479 8
510 8
751 8
703 8
639 8
759 8
763 8
765 8
735 8
766 8
943 8
879 8
999 8
1003 8
1005 8
975 8
1006 8
831 8
951 8
955 8
957 8
927 8
958 8
887 8
891 8
893 8
863 8
894 8
1011 8
1013 8
983 8
1014 8
1017 8
987 8
1018 8
989 8
1020 8
990 8
1263 8
1215 8
1151 8
1271 8
1275 8
1277 8
1247 8
1278 8
1455 8
1391 8
1511 8
1515 8
1517 8
1487 8
1518 8
1343 8
1463 8
1467 8
1469 8
1439 8
1470 8
1399 8
1403 8
1405 8
1375 8
1406 8
1523 8
1525 8
1495 8
1526 8
1529 8
1499 8
1530 8
1501 8
1532 8
1502 8
1711 8
1647 8
1767 8
1771 8
1773 8
1743 8
1774 8
1599 8
1719 8
1723 8
1725 8
1695 8
1726 8
1655 8
1659 8
1661 8
1631 8
1662 8
1779 8
1781 8
1751 8
1782 8
1785 8
1755 8
1786 8
1757 8
1788 8
1758 8
1839 8
1959 8
1963 8
1965 8
1935 8
1966 8
1895 8
1899 8
1901 8
1871 8
1902 8
2019 8
2021 8
1991 8
2022 8
2025 8
1995 8
2026 8
1997 8
2028 8
1998 8
1847 8
1851 8
1853 8
1823 8
1854 8
1971 8
1973 8
1943 8
1974 8
1977 8
1947 8
1978 8
1949 8
1980 8
1950 8
1907 8
1909 8
1879 8
1910 8
1913 8
1883 8
1914 8
1885 8
1916 8
1886 8
2033 8
2003 8
2034 8
2005 8
2036 8
2006 8
2009 8
2040 8
2010 8
2012 8
511 9
767 9
1007 9
959 9
895 9
1015 9
1019 9
1021 9
991 9
1022 9
1279 9
1519 9
1471 9
1407 9
1527 9
1531 9
1533 9
1503 9
1534 9
1775 9
1727 9
1663 9
1783 9
1787 9
1789 9
1759 9
1790 9
1967 9
1903 9
2023 9
2027 9
2029 9
1999 9
2030 9
1855 9
1975 9
1979 9
1981 9
1951 9
1982 9
1911 9
1915 9
1917 9
1887 9
1918 9
2035 9
2037 9
2007 9
2038 9
2041 9
2011 9
2042 9
2013 9
2044 9
2014 9
1023 10
1535 10
1791 10
2031 10
1983 10
1919 10
2039 10
2043 10
2045 10
2015 10
2046 10
2047 11
