478 17738820195449911574 1 7
3 8 4 6 2 1 7 

494 4635904002243859555 1 7
3 1 2 7 5 8 6 

446 7124647301815156069 1 7
3 8 4 5 1 2 7 

506 3214219518927022845 1 7
3 1 7 8 4 5 6 

463 13668094277763830853 1 7
3 8 6 0 2 1 7 

471 1636179564097883445 1 7
8 4 6 1 7 0 2 

367 7766292083258008987 1 7
3 8 5 6 0 1 2 

499 10136659976101295266 1 7
1 7 0 8 4 6 5 

491 18253103948610417083 1 7
3 8 5 6 0 1 7 

475 4626137744421776865 1 7
3 8 4 6 0 1 7 

415 12993223404467105220 1 7
3 8 4 0 2 1 7 

379 16502366669047156900 1 7
3 0 1 8 4 5 6 

247 7829411922999376728 2 7
4 6 5 1 7 0 2 
6 4 5 1 7 0 2 

505 10497876059939875422 1 7
3 0 7 8 4 6 5 

502 18166340220798161712 1 7
1 7 2 8 4 6 5 

431 10244830246706638752 1 7
3 8 5 0 1 2 7 

443 16541788365572836282 1 7
3 8 4 5 0 1 7 

487 14206945165804580651 1 7
8 6 5 1 7 0 2 

445 12265135944375437111 1 7
3 8 4 5 0 2 7 

382 14801164850665489710 1 7
3 1 2 8 4 5 6 

351 13781657490340919682 1 7
3 8 4 6 0 2 1 

493 6078476669671744217 1 7
3 8 6 5 0 2 7 

508 674844405185577029 1 7
3 2 7 8 4 6 5 

477 17790154605772389803 1 7
3 8 4 6 0 2 7 

319 2571402415325135542 1 7
3 8 4 5 0 1 2 

439 8469882464323308644 1 7
8 4 5 1 7 0 2 

375 4379550724466616904 1 7
0 2 1 8 4 6 5 

254 18004000863145299777 1 7
3 1 7 2 5 4 6 

501 9487604499233810514 1 7
2 0 7 8 4 6 5 

223 9970458119435150573 1 7
3 4 6 1 7 0 2 

381 12012709707167095490 1 7
3 0 2 8 4 6 5 

251 7870333746623923698 1 7
3 1 7 0 5 6 4 

239 7308993699581535209 1 7
3 5 6 1 7 0 2 

127 3112887835137183948 1 7
3 1 0 2 5 4 6 

191 6465375231725149689 1 7
3 5 4 1 7 2 0 

253 300628198339388885 1 7
3 2 0 7 6 4 5 

462 3334953730400034446 1 6
3 8 6 2 1 7 

490 13792077474760502457 1 6
3 1 7 5 8 6 

399 11388777854421548707 2 6
3 8 0 2 1 7 
8 3 0 2 1 7 

470 11336206956052778873 1 6
8 4 6 1 7 2 

423 13288724887363843387 2 6
5 8 1 7 0 2 
8 5 1 7 0 2 

467 11021732107755627413 1 6
8 4 6 1 7 0 

483 15130204943368558365 1 6
8 6 5 1 7 0 

504 11442531009664910463 2 6
3 7 8 4 6 5 
7 3 8 4 6 5 

442 12177788982892196283 1 6
3 1 7 8 4 5 

474 2533380489569453000 1 6
3 1 7 8 4 6 

427 11726508872963958763 1 6
3 8 5 0 1 7 

430 16074264479637000700 1 6
3 5 8 1 2 7 

459 2331163688348833609 1 6
3 8 6 0 1 7 

357 879366143706376591 2 5
0 2 8 6 5 
2 0 8 6 5 

309 13757636496872943727 2 5
0 2 8 4 5 
2 0 8 4 5 

79 1273225338774977498 2 5
3 6 0 2 1 
6 3 0 2 1 

94 117865299675858406 1 5
3 4 6 2 1 

174 13693485673895363972 2 5
3 5 1 7 2 
5 3 1 7 2 

47 16793360465461945889 2 5
3 5 1 0 2 
5 3 1 0 2 

220 12846597931014302544 1 5
3 4 6 2 7 

93 140246563241065007 4 5
3 2 0 6 4 
3 0 2 4 6 
3 4 6 0 2 
3 6 4 2 0 

350 10502316525235616243 1 6
3 2 1 8 4 6 

234 11018198767272208551 1 5
3 1 7 5 6 

107 4923695746405407224 1 5
3 1 0 5 6 

364 18219972008358438680 2 5
2 3 8 6 5 
3 2 8 6 5 

110 6149643053787257532 1 5
3 1 2 5 6 

158 9870355497706042458 2 5
3 4 1 7 2 
4 3 1 7 2 

31 8946017245962186397 2 5
3 4 2 0 1 
4 3 2 0 1 

218 9088787384121807462 1 5
3 1 7 4 6 

91 522424176485510069 1 5
3 6 4 0 1 

348 7116392382960251938 2 5
2 3 8 4 6 
3 2 8 4 6 

122 5112551417006220647 1 5
1 3 5 4 6 

62 3723828583597278297 1 5
3 1 2 5 4 

186 9763088786788320260 1 5
3 1 7 5 4 

59 3471079889845025599 1 5
3 1 0 5 4 

316 16639078383835433528 2 5
2 3 8 4 5 
3 2 8 4 5 

124 7448607367796015672 2 5
2 3 4 6 5 
3 2 4 6 5 

214 15954103941720145832 2 5
4 6 1 7 2 
6 4 1 7 2 

87 5461531221724676154 2 5
4 6 0 2 1 
6 4 0 2 1 

118 4079590729181705086 2 5
1 2 4 6 5 
1 2 6 4 5 

244 16339186527173778547 4 5
2 7 6 4 5 
2 7 4 6 5 
7 2 6 4 5 
7 2 4 6 5 

117 3400965940017008225 4 5
0 2 4 6 5 
0 2 6 4 5 
2 0 4 6 5 
2 0 6 4 5 

374 18372784669002184394 1 6
1 2 8 4 6 5 

188 3314976816968511185 2 5
3 2 7 5 4 
3 7 2 4 5 

61 12483974263121418195 1 5
3 2 0 4 5 

318 13200196600961375842 1 6
3 1 2 8 4 5 

236 17724973857768680729 1 5
3 7 2 5 6 

109 12483974263121418195 1 5
3 0 2 6 5 

366 7382898764812748022 1 6
3 1 2 5 8 6 

248 10268434840488306167 2 5
3 7 6 4 5 
7 3 6 4 5 

121 7448607367796015672 2 5
0 3 6 4 5 
3 0 6 4 5 

378 6836484148779819162 1 6
1 3 8 4 5 6 

242 9897508329257082971 2 5
1 7 6 4 5 
1 7 4 6 5 

115 1163016649181919856 2 5
1 0 4 6 5 
1 0 6 4 5 

171 7796397022912309827 2 5
3 5 1 7 0 
5 3 1 7 0 

428 5614622417864978013 1 5
3 8 5 2 7 

298 11145931502482260752 1 4
1 3 5 8 

394 16213395400877569609 2 4
3 8 1 7 
8 3 1 7 

267 8023919070909885210 2 4
3 8 0 1 
8 3 0 1 

330 12088022385224678797 1 4
1 3 8 6 

73 4678202216698600005 6 3
0 3 6 
0 6 3 
3 0 6 
3 6 0 
6 3 0 
6 0 3 

270 12520954045000897217 2 4
3 8 2 1 
8 3 2 1 

396 11723522960245406106 2 4
3 8 2 7 
8 3 2 7 

269 63078991741470556 2 4
3 8 0 2 
8 3 0 2 

326 1146209731715215682 2 4
6 8 1 2 
8 6 1 2 

211 2511643564646020446 2 5
4 6 1 7 0 
6 4 1 7 0 

468 5022205015876235897 2 5
2 7 8 4 6 
7 2 8 4 6 

338 17808508857752613258 1 4
1 8 4 6 

173 12553522917503975878 2 5
3 5 2 0 7 
5 3 2 0 7 

300 5073080575883298389 2 4
2 3 8 5 
3 2 8 5 

43 1380192168878618763 2 4
3 5 1 0 
5 3 1 0 

46 16099740940799104374 2 4
3 5 1 2 
5 3 1 2 

303 17465011216104150649 1 6
3 8 5 0 1 2 

60 3200740057765086974 2 4
2 3 4 5 
3 2 4 5 

317 11315179842902681595 1 6
3 0 2 8 4 5 

393 5953265384206364212 2 4
3 8 0 7 
8 3 0 7 

266 14398596317398097091 2 3
1 3 8 
1 8 3 

157 16948318849475425447 2 5
3 4 2 0 7 
4 3 2 0 7 

414 4235104084648153290 1 6
3 8 4 2 1 7 

284 7880215908602392978 2 4
2 3 8 4 
3 2 8 4 

27 14283136703100155624 2 4
3 4 1 0 
4 3 1 0 

30 16162775894264577479 2 4
3 4 2 1 
4 3 2 1 

287 4715659476491368671 1 6
3 8 4 0 2 1 

452 6395816234217373277 4 4
6 8 7 2 
6 8 2 7 
8 6 7 2 
8 6 2 7 

325 4991200460722692244 4 4
6 8 0 2 
6 8 2 0 
8 6 2 0 
8 6 0 2 

213 15958416862204376133 2 5
4 6 2 0 7 
6 4 2 0 7 

86 12877976978145563366 2 4
4 6 1 2 
6 4 1 2 

343 1083839506053947716 1 6
8 4 6 0 2 1 

322 10788415758501239629 2 3
1 6 8 
1 8 6 

77 5834067585767851843 2 4
3 6 0 2 
6 3 0 2 

334 2877431344622759254 1 5
3 8 6 2 1 

204 9365237896057001788 2 4
3 6 7 2 
6 3 7 2 

461 16971365479725453618 1 6
3 8 6 0 2 7 

26 10222141484793832067 2 3
1 3 4 
1 4 3 

283 3084841192353476157 1 5
3 8 4 0 1 

114 3650439141932324612 2 4
1 4 6 5 
1 6 4 5 

371 7624921764806382609 1 6
1 0 8 4 6 5 

105 3200740057765086974 2 4
0 3 6 5 
3 0 6 5 

362 8038201056610285641 1 5
1 3 5 8 6 

232 16436369471314232382 2 4
3 7 5 6 
7 3 5 6 

489 10277527991580897778 1 6
3 0 7 8 6 5 

418 9934488358872287857 2 4
1 7 5 8 
1 7 8 5 

291 5224886140044982930 2 4
5 8 1 0 
8 5 1 0 

82 7881276473372315282 2 3
1 4 6 
1 6 4 

339 14135160532659388177 1 5
1 0 8 4 6 

185 12333806618809233336 2 5
3 5 4 7 0 
3 7 0 5 4 

58 7951456666369244050 1 4
1 3 5 4 

315 4472396655664758586 1 6
3 0 1 8 4 5 

294 7745290031363025595 2 4
5 8 1 2 
8 5 1 2 

290 18213672003308565071 2 3
1 5 8 
1 8 5 

268 17458855618286389883 6 3
2 3 8 
2 8 3 
3 2 8 
3 8 2 
8 3 2 
8 2 3 

155 8119905437936136816 2 5
3 4 1 7 0 
4 3 1 7 0 

412 13777212873287038580 1 5
3 8 4 2 7 

282 1795140725694342811 1 4
1 3 8 4 

28 4678202216698600005 6 3
2 3 4 
2 4 3 
3 2 4 
3 4 2 
4 3 2 
4 2 3 

285 16839052182626906364 1 5
3 8 4 0 2 

450 9146425026437997420 2 4
6 8 1 7 
8 6 1 7 

323 12509498826048140788 2 4
6 8 1 0 
8 6 1 0 

200 3142604761162424435 6 3
3 6 7 
3 7 6 
6 3 7 
6 7 3 
7 6 3 
7 3 6 

457 5153796230427221026 1 5
3 8 6 0 7 

265 13212346880296711290 6 3
0 3 8 
0 8 3 
3 0 8 
3 8 0 
8 3 0 
8 0 3 

392 17509929086167439971 6 3
3 7 8 
3 8 7 
7 3 8 
7 8 3 
8 7 3 
8 3 7 

274 6837501680890324466 2 3
1 4 8 
1 8 4 

29 5834067585767851843 2 4
3 4 2 0 
4 3 2 0 

286 14467093972103156906 1 5
3 8 4 2 1 

156 13287040457279817746 2 4
3 4 2 7 
4 3 2 7 

413 8006445191530201321 1 6
3 8 4 0 2 7 

278 13313388954111209642 2 4
4 8 1 2 
8 4 1 2 

168 4678202216698600005 6 3
3 5 7 
3 7 5 
5 3 7 
5 7 3 
7 5 3 
7 3 5 

425 10830169861969115685 1 5
3 8 5 0 7 

172 13287040457279817746 2 4
3 5 7 2 
5 3 7 2 

429 13129825487697247875 1 6
3 8 5 0 2 7 

45 2189848660886962676 4 4
3 5 0 2 
3 5 2 0 
5 3 2 0 
5 3 0 2 

302 7995539430800800503 1 5
3 5 8 1 2 

201 16436369471314232382 2 4
3 6 0 7 
6 3 0 7 

458 11280878972234354125 1 5
3 8 6 1 7 

74 11799895505246684585 2 3
1 3 6 
1 6 3 

331 4910997027935449918 1 5
3 8 6 0 1 

92 5834067585767851843 2 4
2 3 4 6 
3 2 4 6 

349 6628540921196524037 1 6
3 0 2 8 4 6 

83 11511458951792651725 2 4
4 6 1 0 
6 4 1 0 

210 58137021035664290 2 4
1 7 6 4 
1 7 4 6 

217 1600945911452434721 1 5
3 6 4 0 7 

90 2254755405476668681 1 4
1 3 4 6 

347 6721394211533990684 1 6
3 0 1 8 4 6 

85 13804373922629156747 8 4
0 2 4 6 
0 2 6 4 
2 0 4 6 
2 0 6 4 
4 6 0 2 
4 6 2 0 
6 4 2 0 
6 4 0 2 

342 5591011884183183578 1 5
1 2 8 4 6 

212 13287577141403005545 4 4
4 6 2 7 
4 6 7 2 
6 4 2 7 
6 4 7 2 

469 12824403473751299996 1 6
8 4 6 2 0 7 

205 17035036159833354755 2 5
3 6 0 2 7 
6 3 0 2 7 

332 905605784662856031 2 4
2 3 8 6 
3 2 8 6 

75 12593846026769230047 2 4
3 6 0 1 
6 3 0 1 

78 17314408761076801306 2 4
3 6 1 2 
6 3 1 2 

335 8244967428883349621 1 6
3 8 6 0 2 1 

184 3200740057765086974 2 4
3 7 5 4 
7 3 5 4 

441 9885865564084358445 1 6
3 0 7 8 4 5 

233 9509479624383589049 2 5
3 6 5 7 0 
3 7 0 6 5 

106 15644208135733865897 1 4
1 3 5 6 

363 11284036773089506138 1 6
3 0 1 8 5 6 

42 17526336309442830399 2 3
1 3 5 
1 5 3 

299 16593023178680344497 1 5
3 8 5 0 1 

169 3200740057765086974 2 4
3 5 7 0 
5 3 7 0 

426 4113848720083042402 1 5
3 1 7 5 8 

89 5834067585767851843 2 4
0 3 6 4 
3 0 6 4 

346 17877820498973574357 1 5
1 3 8 4 6 

216 12059866341095751610 2 4
3 7 6 4 
7 3 6 4 

473 17818981665472735136 1 6
3 0 7 8 4 6 

402 7238590932161168373 2 4
4 8 1 7 
8 4 1 7 

275 5375891864331871047 2 4
4 8 1 0 
8 4 1 0 

408 14226118465394365958 2 4
3 7 8 4 
7 3 8 4 

281 14978430150938198612 2 4
0 3 8 4 
3 0 8 4 

154 14009522367811259197 2 4
3 4 1 7 
4 3 1 7 

411 16459585917856395969 1 6
3 8 4 0 1 7 

404 12039924264011714679 4 4
4 8 7 2 
4 8 2 7 
8 4 7 2 
8 4 2 7 

277 9148794746397475665 4 4
4 8 0 2 
4 8 2 0 
8 4 2 0 
8 4 0 2 

420 8416947379147617096 4 4
5 8 7 2 
5 8 2 7 
8 5 7 2 
8 5 2 7 

293 15926567010490264862 4 4
0 2 5 8 
0 2 8 5 
2 0 5 8 
2 0 8 5 

306 12515387312421350943 1 4
1 8 4 5 

424 11347719895078442018 2 4
3 7 5 8 
7 3 5 8 

297 3795899723568028837 2 4
0 3 8 5 
3 0 8 5 

170 15951218808268699737 2 4
3 5 1 7 
5 3 1 7 

456 15308848423710181955 2 4
3 7 8 6 
7 3 8 6 

329 7342868770409811360 2 4
0 3 8 6 
3 0 8 6 

202 3617661689635793954 2 4
3 6 1 7 
6 3 1 7 

354 14450023588241929324 1 4
1 8 6 5 

355 1403798176696075193 1 5
1 0 8 6 5 

313 9301244643478319122 2 5
0 3 8 4 5 
3 0 8 4 5 

307 14894955483103084538 1 5
1 0 8 4 5 

295 647414688625851340 2 5
5 8 0 2 1 
8 5 0 2 1 

310 2615531049147814371 1 5
1 2 8 4 5 

358 3752000084941497785 1 5
1 2 8 6 5 

370 12560811343129049937 1 5
1 8 4 6 5 

341 9532672364921496914 2 5
0 2 8 4 6 
2 0 8 4 6 

206 7862415347051567721 2 5
3 6 1 7 2 
6 3 1 7 2 

301 6453334439167657355 1 5
3 8 5 0 2 

279 9565308467215121526 2 5
4 8 0 2 1 
8 4 0 2 1 

327 17535097847484207551 2 5
6 8 0 2 1 
8 6 0 2 1 

203 16995689454197389814 2 5
3 6 1 7 0 
6 3 1 7 0 

460 12140708032331460963 1 5
3 8 6 2 7 

361 7168827246000289392 2 5
0 3 8 6 5 
3 0 8 6 5 

345 9709075493943459370 2 5
0 3 8 4 6 
3 0 8 4 6 

333 14830879906794453136 1 5
3 8 6 0 2 

314 4749119778745917694 1 5
1 3 8 4 5 

271 16752961421199074283 2 5
3 8 0 2 1 
8 3 0 2 1 

405 12260583669658809900 2 5
4 8 2 0 7 
8 4 2 0 7 

436 8347371952993622121 2 5
2 7 8 4 5 
7 2 8 4 5 

421 15844688557626374318 2 5
5 8 2 0 7 
8 5 2 0 7 

453 13656314207707010015 2 5
6 8 2 0 7 
8 6 2 0 7 

484 5961029920956894537 2 5
2 7 8 6 5 
7 2 8 6 5 

403 3598221859402985193 2 5
4 8 1 7 0 
8 4 1 7 0 

419 63543350234569389 2 5
5 8 1 7 0 
8 5 1 7 0 

434 12436358240741012531 1 5
1 7 8 4 5 

409 8036127620454268609 1 5
3 8 4 0 7 

482 14772961788031359799 1 5
1 7 8 6 5 

451 15003916905312185257 2 5
6 8 1 7 0 
8 6 1 7 0 

466 18085352032738570440 1 5
1 7 8 4 6 

454 15225099501866359428 2 5
6 8 1 7 2 
8 6 1 7 2 

406 17603020302368596823 2 5
4 8 1 7 2 
8 4 1 7 2 

397 5069888294687634522 2 5
3 8 0 2 7 
8 3 0 2 7 

422 8887630365830931246 2 5
5 8 1 7 2 
8 5 1 7 2 

395 17037736467106942820 2 5
3 8 0 1 7 
8 3 0 1 7 

472 4940265314248934264 2 5
3 7 8 4 6 
7 3 8 4 6 

215 11283693608902126954 2 6
4 6 1 7 0 2 
6 4 1 7 0 2 

488 9141298523722883284 2 5
3 7 8 6 5 
7 3 8 6 5 

410 5002392127357167405 1 5
3 8 4 1 7 

398 7789476625036091347 2 5
3 8 2 1 7 
8 3 2 1 7 

440 7000425874461334120 2 5
3 7 8 4 5 
7 3 8 4 5 

63 15946051576802477141 1 6
3 5 4 1 2 0 

123 13906443424665732297 1 6
3 1 0 5 6 4 

380 11920203006841563579 2 6
2 3 8 4 6 5 
3 2 8 4 6 5 

125 12509252676654053285 2 6
3 2 0 6 4 5 
3 0 2 4 6 5 

126 7414290276571907518 1 6
3 1 2 5 4 6 

189 4782597651245753538 1 6
3 5 4 2 0 7 

245 9757074388295062491 2 6
2 0 7 6 4 5 
2 0 7 4 6 5 

119 9301421727100094079 2 6
4 6 5 0 2 1 
6 4 5 0 2 1 

111 6269003185219837362 1 6
3 5 6 1 0 2 

95 5127790775081073184 1 6
3 4 6 0 2 1 

237 3115888348714935248 1 6
3 6 5 0 2 7 

249 14536267297524547459 1 6
3 7 0 6 4 5 

246 18258928693850190165 2 6
1 7 2 6 4 5 
1 7 2 4 6 5 

221 4272964256484872219 1 6
3 6 4 2 0 7 

252 3379353504133062364 1 6
3 7 2 4 6 5 

219 15543667495491306885 1 6
3 6 4 1 7 0 

476 11880131822266824041 1 6
3 2 7 8 4 6 

187 5550652320210453322 1 6
3 5 4 1 7 0 

444 12075314644088336069 1 6
3 2 7 8 4 5 

238 15801547122462070288 1 6
3 5 6 1 7 2 

235 10616307256765159461 1 6
3 5 6 1 7 0 

492 503607878601982910 1 6
3 2 7 8 6 5 

250 15620209597220139120 1 6
3 1 7 5 4 6 

243 1251826134802296642 2 6
1 7 0 6 4 5 
1 7 0 4 6 5 

500 15282537000705730749 2 6
2 7 8 4 6 5 
7 2 8 4 6 5 

190 1046973560434007150 1 6
3 5 4 1 7 2 

359 3031247275878208097 1 6
8 6 5 0 2 1 

311 16915977421897275292 1 6
8 4 5 0 2 1 

207 1809331497742150080 2 6
3 6 1 7 0 2 
6 3 1 7 0 2 

373 392062696603874987 2 6
0 2 8 4 6 5 
2 0 8 4 6 5 

159 15106134321937834290 2 6
3 4 1 7 2 0 
4 3 1 7 2 0 

175 1356125441239477916 2 6
3 5 1 7 0 2 
5 3 1 7 0 2 

377 15630332249041982354 2 6
0 3 8 4 6 5 
3 0 8 4 6 5 

437 2891673068433244748 1 6
8 4 5 2 0 7 

365 1747267321174257275 1 6
3 0 2 8 6 5 

485 15209821212105724952 1 6
8 6 5 2 0 7 

222 7895501119025041106 1 6
3 4 6 1 7 2 

438 13543681137579216011 1 6
8 4 5 1 7 2 

498 7748429141748522612 1 6
1 7 8 4 6 5 

407 9184190218146067456 2 6
4 8 1 7 0 2 
8 4 1 7 0 2 

435 8778898844226348391 1 6
8 4 5 1 7 0 

455 11755131782443718142 2 6
6 8 1 7 0 2 
8 6 1 7 0 2 

486 12283335748405205897 1 6
8 6 5 1 7 2 

