DB[0,0,0,0,0,0,0,0,0]*(-2*a0-a1+d-a2-a3-a7)
DB[-1,1,0,0,0,0,0,0,0]*(-a1)
DB[-1,0,0,0,0,0,0,1,0]*(-a7)
DB[-1,0,1,0,0,0,0,0,0]*(-a2)
DB[0,0,0,1,-1,0,0,0,0]*(a3)
DB[0,0,1,0,0,0,0,0,0]*(s12*a2)
DB[-1,0,0,1,0,0,0,0,0]*(-a3)

DB[-1,0,0,1,0,0,0,0,0]*(a3)
DB[0,0,0,0,0,0,0,0,0]*(-2*a4-a8+d-a5-a6-a3)
DB[0,0,0,1,-1,0,0,0,0]*(-a3)
DB[0,0,0,0,0,0,0,0,1]*(mTsq*a8)
DB[0,0,0,0,-1,1,0,0,0]*(-a5)
DB[0,0,0,0,-1,0,0,0,1]*(-a8)
DB[0,0,0,0,-1,0,1,0,0]*(-a6)
DB[0,0,0,0,0,0,1,0,0]*(s12*a6)

DB[0,0,0,0,0,0,0,0,0]*(a0-a7)
DB[1,0,0,0,0,0,0,-1,0]*(-a0)
DB[-1,1,0,0,0,0,0,0,0]*(a1)
DB[0,1,0,0,0,0,0,-1,0]*(-a1)
DB[0,1,0,0,0,0,0,0,0]*(a1*s16+s12*a1-a1*s345)
DB[-1,0,1,0,0,0,0,0,0]*(a2)
DB[0,0,1,0,0,0,0,-1,0]*(-a2)
DB[0,0,1,0,0,0,0,0,0]*(s12*a2)
DB[-1,0,0,1,0,0,0,0,0]*(a3)
DB[0,0,0,1,0,-1,0,0,0]*(a3)
DB[0,0,0,1,0,0,-1,0,0]*(-a3)
DB[0,0,0,1,0,0,0,-1,0]*(-a3)
DB[0,0,0,1,0,0,0,0,0]*(s12*a3)
DB[-1,0,0,0,0,0,0,1,0]*(a7)

DB[-1,0,0,1,0,0,0,0,0]*(a3)
DB[0,0,0,1,0,-1,0,0,0]*(a3)
DB[0,0,0,1,0,0,-1,0,0]*(-a3)
DB[0,0,0,1,0,0,0,-1,0]*(-a3)
DB[0,0,0,1,0,0,0,0,0]*(s12*a3)
DB[0,0,0,0,1,-1,0,0,0]*(a4)
DB[0,0,0,0,1,0,-1,0,0]*(-a4)
DB[0,0,0,0,1,0,0,0,0]*(s12*a4)
DB[0,0,0,0,0,0,0,0,0]*(a5-a6)
DB[0,0,0,0,0,1,-1,0,0]*(-a5)
DB[0,0,0,0,0,-1,1,0,0]*(a6)
DB[0,0,0,0,0,0,0,0,1]*(a8*s345-a8*s16)
DB[0,0,0,0,0,-1,0,0,1]*(a8)
DB[0,0,0,0,0,0,-1,0,1]*(-a8)

DB[-1,0,0,1,0,0,0,0,0]*(-2*a3)
DB[0,0,-1,1,0,0,0,0,0]*(a3)
DB[0,0,0,1,-1,0,0,0,0]*(a3)
DB[0,0,0,1,0,-1,0,0,0]*(-a3)
DB[0,0,0,1,0,0,0,-1,0]*(a3)
DB[0,0,0,1,0,0,0,0,0]*(-s12*a3)
DB[0,0,0,0,0,0,0,0,0]*(a4-a5)
DB[0,0,0,0,1,-1,0,0,0]*(-a4)
DB[0,0,0,0,-1,1,0,0,0]*(a5)
DB[0,0,0,0,0,0,0,0,1]*(-mTsq*a8+a8*s16)
DB[0,0,0,0,-1,0,1,0,0]*(a6)
DB[0,0,0,0,0,-1,1,0,0]*(-a6)
DB[0,0,0,0,0,0,1,0,0]*(-s12*a6)
DB[0,0,0,0,-1,0,0,0,1]*(a8)
DB[0,0,0,0,0,-1,0,0,1]*(-a8)

DB[1,-1,0,0,0,0,0,0,0]*(a0)
DB[1,0,-1,0,0,0,0,0,0]*(-a0)
DB[1,0,0,0,0,0,0,0,0]*(a0*s12)
DB[0,0,0,0,0,0,0,0,0]*(a1-a2)
DB[0,1,-1,0,0,0,0,0,0]*(-a1)
DB[0,1,0,0,0,0,0,0,0]*(mTsq*a1+a1*s345)
DB[0,-1,1,0,0,0,0,0,0]*(a2)
DB[0,0,0,0,0,0,0,1,0]*(s12*a7-s16*a7+s345*a7)
DB[0,0,1,0,0,0,0,0,0]*(-s345*a2+mTsq*a2)
DB[0,-1,0,1,0,0,0,0,0]*(a3)
DB[0,0,-1,1,0,0,0,0,0]*(-a3)
DB[0,0,0,1,0,0,-1,0,0]*(a3)
DB[0,0,0,1,0,0,0,0,-1]*(-a3)
DB[0,0,0,1,0,0,0,0,0]*(mTsq*a3)
DB[0,-1,0,0,0,0,0,1,0]*(a7)
DB[0,0,-1,0,0,0,0,1,0]*(-a7)

DB[0,-1,0,1,0,0,0,0,0]*(a3)
DB[0,0,-1,1,0,0,0,0,0]*(-a3)
DB[0,0,0,1,0,0,-1,0,0]*(a3)
DB[0,0,0,1,0,0,0,0,-1]*(-a3)
DB[0,0,0,1,0,0,0,0,0]*(mTsq*a3)
DB[0,0,0,0,1,0,-1,0,0]*(a4)
DB[0,0,0,0,1,0,0,0,-1]*(-a4)
DB[0,0,0,0,1,0,0,0,0]*(mTsq*a4-s12*a4)
DB[0,0,0,0,0,1,-1,0,0]*(a5)
DB[0,0,0,0,0,1,0,0,-1]*(-a5)
DB[0,0,0,0,0,1,0,0,0]*(a5*s16)
DB[0,0,0,0,0,0,0,0,0]*(-a8+a6)
DB[0,0,0,0,0,0,1,0,-1]*(-a6)
DB[0,0,0,0,0,0,1,0,0]*(s345*a6)
DB[0,0,0,0,0,0,-1,0,1]*(a8)
DB[0,0,0,0,0,0,0,0,1]*(-a8*s345)

DB[-1,0,0,1,0,0,0,0,0]*(-a3)
DB[0,0,0,0,0,0,0,0,0]*(a4-a3)
DB[0,0,0,1,-1,0,0,0,0]*(a3)
DB[-1,0,0,0,1,0,0,0,0]*(a4)
DB[0,0,0,-1,1,0,0,0,0]*(-a4)
DB[0,0,0,0,-1,0,0,0,1]*(a8)
DB[-1,0,0,0,0,1,0,0,0]*(-a5)
DB[0,0,-1,0,0,1,0,0,0]*(a5)
DB[0,0,0,-1,0,1,0,0,0]*(-a5)
DB[0,0,0,0,-1,1,0,0,0]*(a5)
DB[0,0,0,0,0,1,0,-1,0]*(a5)
DB[0,0,0,0,0,1,0,0,0]*(-s12*a5)
DB[0,0,-1,0,0,0,1,0,0]*(a6)
DB[0,0,0,-1,0,0,1,0,0]*(-a6)
DB[0,0,0,0,-1,0,1,0,0]*(a6)
DB[0,0,0,0,0,0,1,0,0]*(-s12*a6)
DB[0,-1,0,0,0,0,0,0,1]*(a8)
DB[0,0,0,-1,0,0,0,0,1]*(-a8)

DB[0,0,0,0,0,0,0,0,0]*(a0-a3)
DB[1,0,0,-1,0,0,0,0,0]*(-a0)
DB[1,0,0,0,-1,0,0,0,0]*(a0)
DB[-1,1,0,0,0,0,0,0,0]*(a1)
DB[0,1,0,-1,0,0,0,0,0]*(-a1)
DB[0,1,0,0,0,0,0,0,-1]*(a1)
DB[0,1,0,0,0,0,0,0,0]*(-mTsq*a1)
DB[-1,0,1,0,0,0,0,0,0]*(a2)
DB[0,0,1,-1,0,0,0,0,0]*(-a2)
DB[0,0,1,0,0,0,-1,0,0]*(a2)
DB[0,0,1,0,0,0,0,0,0]*(-s12*a2)
DB[-1,0,0,1,0,0,0,0,0]*(a3)
DB[0,0,0,0,0,0,0,1,0]*(s12*a7)
DB[0,0,0,1,-1,0,0,0,0]*(-a3)
DB[-1,0,0,0,0,0,0,1,0]*(a7)
DB[0,0,0,-1,0,0,0,1,0]*(-a7)
DB[0,0,0,0,-1,0,0,1,0]*(a7)
DB[0,0,0,0,0,-1,0,1,0]*(a7)
DB[0,0,0,0,0,0,-1,1,0]*(-a7)

DB[0,0,0,0,0,0,0,0,0]*(-2*a0+a2+a7)
DB[1,0,-1,0,0,0,0,0,0]*(a0)
DB[1,0,0,0,0,0,0,-1,0]*(a0)
DB[1,0,0,0,0,0,0,0,0]*(-a0*s12)
DB[-1,1,0,0,0,0,0,0,0]*(-2*a1)
DB[0,1,-1,0,0,0,0,0,0]*(a1)
DB[0,1,0,0,0,0,0,-1,0]*(a1)
DB[0,1,0,0,0,0,0,0,0]*(-a1*s16+mTsq*a1-s12*a1)
DB[-1,0,1,0,0,0,0,0,0]*(-2*a2)
DB[0,0,0,0,0,0,0,1,0]*(-2*s12*a7)
DB[0,0,1,0,0,0,0,-1,0]*(a2)
DB[-1,0,0,1,0,0,0,0,0]*(-2*a3)
DB[0,0,-1,1,0,0,0,0,0]*(a3)
DB[0,0,0,1,-1,0,0,0,0]*(a3)
DB[0,0,0,1,0,-1,0,0,0]*(-a3)
DB[0,0,0,1,0,0,0,-1,0]*(a3)
DB[0,0,0,1,0,0,0,0,0]*(-s12*a3)
DB[-1,0,0,0,0,0,0,1,0]*(-2*a7)
DB[0,0,-1,0,0,0,0,1,0]*(a7)

