DB[-1,1,0,0,0,0,0,0,0]*(a1*s16+mTsq*a1+2*s12*a1-2*a1*s345)
DB[0,1,-1,0,0,0,0,0,0]*(-a1*s16-s12*a1+a1*s345)
DB[0,1,0,0,0,0,0,-1,0]*(-mTsq*a1-s12*a1+a1*s345)
DB[0,1,0,0,0,0,0,0,0]*(s12*a1*s16-s12*a1*s345+s12^2*a1)
DB[-1,0,1,0,0,0,0,0,0]*(3*s12*a2)
DB[0,0,0,0,0,0,0,0,0]*(s12*a7-s12*a2+s12*a6-s12*a5)
DB[0,0,1,0,0,0,0,-1,0]*(-2*s12*a2)
DB[0,0,0,0,-1,1,0,0,0]*(s12*a5)
DB[0,0,0,0,0,0,0,0,1]*(s12*a8*s16-mTsq*s12*a8)
DB[0,0,0,0,-1,0,1,0,0]*(s12*a6)
DB[0,0,0,0,0,-1,1,0,0]*(-2*s12*a6)
DB[0,0,0,0,0,0,1,0,0]*(-s12^2*a6)
DB[0,0,0,0,-1,0,0,0,1]*(-a8*s345+a8*s16+s12*a8)
DB[0,0,0,0,0,-1,0,0,1]*(a8*s345-mTsq*a8-s12*a8)
DB[0,0,1,0,0,0,0,0,0]*(s12^2*a2)
DB[-1,0,0,0,0,0,0,1,0]*(-s12*a7)
DB[0,0,0,0,0,0,-1,0,1]*(mTsq*a8-a8*s16)

DB[-1,1,0,0,0,0,0,0,0]*(-mTsq*a1+s12*a1-a1*s345)
DB[0,1,0,0,0,0,0,-1,0]*(mTsq*a1-s12*a1+a1*s345)
DB[0,1,0,0,0,0,0,0,0]*(s12*a1*s16-s12*a1*s345+s12^2*a1)
DB[0,0,0,0,0,0,0,0,0]*(a1*s16-a8*s345-a5*s16+a8*s16+s12*a1-a1*s345+s345*a6+s12*a8-s16*a7+mTsq*a5-s12*a2-s12*a5-mTsq*a6+s345*a7)
DB[0,1,-1,0,0,0,0,0,0]*(-a1*s16-s12*a1+a1*s345)
DB[0,0,0,0,0,0,-1,0,1]*(-mTsq*a8-a8*s16)
DB[-1,0,1,0,0,0,0,0,0]*(s345*a2+s12*a2-mTsq*a2)
DB[0,0,1,0,0,0,0,-1,0]*(-s345*a2-s12*a2+mTsq*a2)
DB[0,0,1,0,0,0,0,0,0]*(s12^2*a2)
DB[0,-1,1,0,0,0,0,0,0]*(s12*a2)
DB[-1,0,0,0,0,0,0,1,0]*(s16*a7-s345*a7)
DB[0,0,0,0,0,0,0,0,1]*(s12*a8*s16-mTsq*a8*s16+mTsq*a8*s345)
DB[0,0,0,0,0,-1,0,0,1]*(a8*s345+mTsq*a8-s12*a8)
DB[0,0,0,0,0,1,-1,0,0]*(a5*s16-mTsq*a5)
DB[0,0,0,0,0,0,1,0,-1]*(s12*a6)
DB[0,0,0,0,0,1,0,0,-1]*(s12*a5)
DB[0,0,0,0,0,1,0,0,0]*(-s12*a5*s16)
DB[0,0,0,0,0,-1,1,0,0]*(-s345*a6-s12*a6+mTsq*a6)
DB[0,0,0,0,0,0,1,0,0]*(-s12*s345*a6)

DB[-1,1,0,0,0,0,0,0,0]*(2*mTsq*a1-2*s12*a1+2*a1*s345)
DB[0,1,-1,0,0,0,0,0,0]*(a1*s16-2*mTsq*a1+s12*a1-a1*s345)
DB[0,1,0,0,0,0,0,-1,0]*(-mTsq*a1+s12*a1-a1*s345)
DB[0,1,0,0,0,0,0,0,0]*(-s12*a1*s16+s12*a1*s345+2*mTsq*s12*a1-s12^2*a1)
DB[-1,0,1,0,0,0,0,0,0]*(-2*s345*a2-2*s12*a2+2*mTsq*a2)
DB[0,0,0,0,0,0,0,0,0]*(-a1*s16+mTsq*a8+a5*s16+mTsq*a1-a8*s16+s345*a2+s16*a7-mTsq*a5-s12*a6+s12*a5-mTsq*a2-s345*a7)
DB[0,0,1,0,0,0,0,-1,0]*(s345*a2+s12*a2-mTsq*a2)
DB[0,0,0,0,-1,1,0,0,0]*(-a5*s16+mTsq*a5-s12*a5)
DB[0,0,0,0,0,0,0,0,1]*(-s12*a8*s16+mTsq*a8*s16+mTsq*s12*a8-mTsq^2*a8)
DB[0,0,0,0,-1,0,1,0,0]*(-s345*a6-s12*a6+mTsq*a6)
DB[0,0,0,0,0,-1,1,0,0]*(s345*a6+s12*a6-mTsq*a6)
DB[0,0,0,0,0,0,1,0,0]*(s12^2*a6-mTsq*s12*a6)
DB[0,0,0,0,-1,0,0,0,1]*(a8*s345+mTsq*a8-s12*a8)
DB[0,0,0,0,0,-1,0,0,1]*(-a8*s345-mTsq*a8+s12*a8)
DB[0,-1,0,0,0,0,0,1,0]*(-s12*a7)
DB[0,0,-1,0,0,0,0,1,0]*(s12*a7+s16*a7-s345*a7)
DB[0,0,0,0,0,0,-1,0,1]*(-mTsq*a8+a8*s16)
DB[0,0,1,0,0,0,0,0,0]*(-s12*s345*a2+mTsq*s12*a2)
DB[0,0,0,0,0,0,1,0,-1]*(s12*a6)
DB[-1,0,0,0,0,0,0,1,0]*(-2*s16*a7+2*s345*a7)
DB[0,0,0,0,0,0,0,1,0]*(-s12*s16*a7-s12^2*a7+s12*s345*a7)
DB[0,-1,1,0,0,0,0,0,0]*(s12*a2)

