82 3
28 3
73 3
26 3
42 3
74 3
168 3
200 3
274 3
290 3
322 3
265 3
268 3
266 3
392 3
85 4
83 4
114 4
86 4
29 4
45 4
60 4
89 4
105 4
77 4
92 4
27 4
43 4
58 4
30 4
46 4
75 4
90 4
106 4
78 4
212 4
210 4
169 4
184 4
156 4
172 4
201 4
216 4
232 4
204 4
154 4
170 4
202 4
277 4
293 4
325 4
275 4
291 4
306 4
278 4
294 4
323 4
338 4
354 4
326 4
281 4
297 4
269 4
284 4
300 4
329 4
332 4
267 4
282 4
298 4
270 4
330 4
404 4
420 4
452 4
402 4
418 4
450 4
393 4
408 4
424 4
396 4
456 4
394 4
117 5
115 5
87 5
118 5
61 5
121 5
93 5
109 5
124 5
59 5
31 5
47 5
62 5
91 5
107 5
122 5
79 5
94 5
110 5
213 5
244 5
211 5
242 5
214 5
185 5
157 5
173 5
188 5
217 5
233 5
248 5
205 5
220 5
236 5
155 5
171 5
186 5
158 5
174 5
203 5
218 5
234 5
206 5
309 5
341 5
357 5
307 5
279 5
295 5
310 5
339 5
355 5
370 5
327 5
342 5
358 5
313 5
285 5
301 5
316 5
345 5
361 5
333 5
348 5
364 5
283 5
299 5
314 5
271 5
286 5
302 5
331 5
346 5
362 5
334 5
405 5
421 5
436 5
453 5
468 5
484 5
403 5
419 5
434 5
406 5
422 5
451 5
466 5
482 5
454 5
409 5
425 5
440 5
397 5
412 5
428 5
457 5
472 5
488 5
460 5
395 5
410 5
426 5
398 5
458 5
119 6
125 6
63 6
123 6
95 6
111 6
126 6
245 6
243 6
215 6
246 6
189 6
249 6
221 6
237 6
252 6
187 6
159 6
175 6
190 6
219 6
235 6
250 6
207 6
222 6
238 6
373 6
311 6
371 6
343 6
359 6
374 6
317 6
377 6
349 6
365 6
380 6
315 6
287 6
303 6
318 6
347 6
363 6
378 6
335 6
350 6
366 6
437 6
469 6
485 6
500 6
435 6
407 6
423 6
438 6
467 6
483 6
498 6
455 6
470 6
486 6
441 6
413 6
429 6
444 6
473 6
489 6
504 6
461 6
476 6
492 6
411 6
427 6
442 6
399 6
414 6
430 6
459 6
474 6
490 6
462 6
127 7
247 7
253 7
191 7
251 7
223 7
239 7
254 7
375 7
381 7
319 7
379 7
351 7
367 7
382 7
501 7
439 7
499 7
471 7
487 7
502 7
445 7
505 7
477 7
493 7
508 7
443 7
415 7
431 7
446 7
475 7
491 7
506 7
463 7
478 7
494 7
255 8
383 8
503 8
509 8
447 8
507 8
479 8
495 8
510 8
511 9
