DB[1,0,1,0,1,0,1,0,0]  #  85
DB[1,0,1,0,0,1,0,0,0]  #  37
DB[1,0,1,0,1,1,0,0,0]  #  53
DB[1,0,1,0,1,1,1,0,0]  # 117
DB[0,0,1,1,0,0,1,0,0]  #  76
DB[0,1,0,1,1,0,1,0,0]  #  90
DB[1,0,0,1,0,1,0,0,0]  #  41
DB[0,1,0,1,0,1,0,0,0]  #  42
DB[-1,1,0,1,0,1,0,0,0] #  42
DB[0,0,1,1,0,1,0,0,0]  #  44
DB[-1,0,1,1,0,1,0,0,0] #  44
DB[1,0,1,1,0,1,0,0,0]  #  45
DB[1,0,1,1,0,1,-1,0,0] #  45
DB[1,-1,1,1,0,1,0,0,0] #  45
DB[0,0,1,1,0,1,1,0,0]  # 108
DB[1,1,1,1,0,1,0,0,0]  #  47
DB[1,1,1,1,0,1,-1,0,0] #  47
DB[0,1,1,1,0,1,1,0,0]  # 110
DB[-1,1,1,1,0,1,1,0,0] # 110
DB[1,0,0,1,1,1,0,0,0]  #  57
DB[1,0,0,1,1,1,-1,0,0] #  57
DB[0,1,0,1,1,1,0,0,0]  #  58
DB[1,1,0,1,1,1,0,0,0]  #  59
DB[1,1,0,1,1,1,-1,0,0] #  59
DB[0,1,0,1,1,1,1,0,0]  # 122
DB[-1,1,0,1,1,1,1,0,0] # 122
DB[1,0,1,1,1,1,0,0,0]  #  61
DB[1,1,1,1,1,1,0,0,0]  #  63
DB[1,1,1,1,1,1,1,0,0]  # 127
DB[1,1,1,1,1,1,1,-1,0] # 127
DB[1,1,1,1,1,1,1,0,-1] # 127
