hxb[0,0,0,0,0,0,0,0,0,0,0,0,0]*(-a3-2*a0-a10-a1+d-a11-a2-a9)
hxb[-1,1,0,0,0,0,0,0,0,0,0,0,0]*(-a1)
hxb[0,0,0,0,0,0,0,0,0,0,0,1,0]*(mt2*a11)
hxb[-1,0,1,0,0,0,0,0,0,0,0,0,0]*(-a2)
hxb[-1,0,0,0,0,0,0,0,0,0,0,1,0]*(-a11)
hxb[0,0,1,0,0,0,0,0,0,0,0,0,0]*(s12*a2)
hxb[-1,0,0,1,0,0,0,0,0,0,0,0,0]*(-a3)
hxb[-1,0,0,0,0,0,0,0,0,0,1,0,0]*(-a10)
hxb[0,0,0,1,0,0,0,0,-1,0,0,0,0]*(a3)
hxb[-1,0,0,0,0,0,0,0,0,1,0,0,0]*(-a9)

hxb[-1,0,0,1,0,0,0,0,0,0,0,0,0]*(a3)
hxb[0,0,0,0,0,0,0,0,0,0,0,0,0]*(-a3-a7-a4+d-2*a8-a5-a12-a6)
hxb[0,0,0,1,0,0,0,0,-1,0,0,0,0]*(-a3)
hxb[0,0,0,0,0,0,0,0,-1,0,0,0,1]*(-a12)
hxb[0,0,0,0,1,0,0,0,-1,0,0,0,0]*(-a4)
hxb[0,0,0,0,1,0,0,0,0,0,0,0,0]*(a4*s12)
hxb[0,0,0,0,0,0,0,1,-1,0,0,0,0]*(-a7)
hxb[0,0,0,0,0,1,0,0,-1,0,0,0,0]*(-a5)
hxb[0,0,0,0,0,1,0,0,0,0,0,0,0]*(s123*a5)
hxb[0,0,0,0,0,0,1,0,0,0,0,0,0]*(s56*a6)
hxb[0,0,0,0,0,0,1,0,-1,0,0,0,0]*(-a6)

hxb[0,0,0,0,0,0,0,0,0,0,0,0,0]*(a0-a1)
hxb[1,-1,0,0,0,0,0,0,0,0,0,0,0]*(-a0)
hxb[-1,1,0,0,0,0,0,0,0,0,0,0,0]*(a1)
hxb[0,0,0,0,0,0,0,0,0,0,0,1,0]*(-a11*s234-mt2*a11+a11*s16+s56*a11)
hxb[-1,0,1,0,0,0,0,0,0,0,0,0,0]*(a2)
hxb[0,-1,1,0,0,0,0,0,0,0,0,0,0]*(-a2)
hxb[0,0,1,0,0,0,0,0,0,0,0,0,0]*(-s12*a2)
hxb[-1,0,0,1,0,0,0,0,0,0,0,0,0]*(a3)
hxb[0,-1,0,1,0,0,0,0,0,0,0,0,0]*(-a3)
hxb[0,0,0,1,0,0,0,0,-1,0,0,0,0]*(-a3)
hxb[0,0,0,1,0,0,0,0,0,0,0,0,-1]*(a3)
hxb[-1,0,0,0,0,0,0,0,0,1,0,0,0]*(a9)
hxb[0,-1,0,0,0,0,0,0,0,1,0,0,0]*(-a9)
hxb[0,0,0,0,0,0,0,0,0,1,0,0,0]*(s23*a9+s12*a9-s123*a9)
hxb[-1,0,0,0,0,0,0,0,0,0,1,0,0]*(a10)
hxb[0,-1,0,0,0,0,0,0,0,0,1,0,0]*(-a10)
hxb[0,0,0,0,0,0,0,0,0,0,1,0,0]*(a10*s123+a10*s234-s56*a10-a10*s23)
hxb[-1,0,0,0,0,0,0,0,0,0,0,1,0]*(a11)
hxb[0,-1,0,0,0,0,0,0,0,0,0,1,0]*(-a11)

hxb[-1,0,0,1,0,0,0,0,0,0,0,0,0]*(-a3)
hxb[0,-1,0,1,0,0,0,0,0,0,0,0,0]*(a3)
hxb[0,0,0,1,0,0,0,0,-1,0,0,0,0]*(a3)
hxb[0,0,0,1,0,0,0,0,0,0,0,0,-1]*(-a3)
hxb[0,0,0,0,1,0,0,0,-1,0,0,0,0]*(a4)
hxb[0,0,0,0,1,0,0,0,0,0,0,0,-1]*(-a4)
hxb[0,0,0,0,1,0,0,0,0,0,0,0,0]*(-a4*s12)
hxb[0,0,0,0,0,1,0,0,-1,0,0,0,0]*(a5)
hxb[0,0,0,0,0,1,0,0,0,0,0,0,-1]*(-a5)
hxb[0,0,0,0,0,1,0,0,0,0,0,0,0]*(-s123*a5+s23*a5)
hxb[0,0,0,0,0,0,1,0,-1,0,0,0,0]*(a6)
hxb[0,0,0,0,0,0,1,0,0,0,0,0,-1]*(-a6)
hxb[0,0,0,0,0,0,1,0,0,0,0,0,0]*(s234*a6-s56*a6)
hxb[0,0,0,0,0,0,0,1,-1,0,0,0,0]*(a7)
hxb[0,0,0,0,0,0,0,1,0,0,0,0,-1]*(-a7)
hxb[0,0,0,0,0,0,0,1,0,0,0,0,0]*(-mt2*a7+a7*s16)
hxb[0,0,0,0,0,0,0,0,0,0,0,0,0]*(a8-a12)
hxb[0,0,0,0,0,0,0,0,1,0,0,0,-1]*(-a8)
hxb[0,0,0,0,0,0,0,0,-1,0,0,0,1]*(a12)

hxb[1,-1,0,0,0,0,0,0,0,0,0,0,0]*(a0)
hxb[1,0,-1,0,0,0,0,0,0,0,0,0,0]*(-a0)
hxb[1,0,0,0,0,0,0,0,0,0,0,0,0]*(a0*s12)
hxb[0,0,0,0,0,0,0,0,0,0,0,0,0]*(a1-a2)
hxb[0,1,-1,0,0,0,0,0,0,0,0,0,0]*(-a1)
hxb[0,-1,1,0,0,0,0,0,0,0,0,0,0]*(a2)
hxb[0,0,0,0,0,0,0,0,0,0,0,1,0]*(a11*s234-a11*s34-a11*s16+a11*s12+a11*s345)
hxb[0,-1,0,1,0,0,0,0,0,0,0,0,0]*(a3)
hxb[0,0,-1,1,0,0,0,0,0,0,0,0,0]*(-a3)
hxb[0,0,0,1,-1,0,0,0,0,0,0,0,0]*(a3)
hxb[0,0,0,1,0,0,0,0,0,0,0,0,-1]*(-a3)
hxb[0,-1,0,0,0,0,0,0,0,1,0,0,0]*(a9)
hxb[0,0,-1,0,0,0,0,0,0,1,0,0,0]*(-a9)
hxb[0,0,0,0,0,0,0,0,0,1,0,0,0]*(-s23*a9+s12*a9)
hxb[0,-1,0,0,0,0,0,0,0,0,1,0,0]*(a10)
hxb[0,0,-1,0,0,0,0,0,0,0,1,0,0]*(-a10)
hxb[0,0,0,0,0,0,0,0,0,0,1,0,0]*(a10*s34-a10*s234+a10*s12+a10*s23)
hxb[0,-1,0,0,0,0,0,0,0,0,0,1,0]*(a11)
hxb[0,0,-1,0,0,0,0,0,0,0,0,1,0]*(-a11)

hxb[0,-1,0,1,0,0,0,0,0,0,0,0,0]*(-a3)
hxb[0,0,-1,1,0,0,0,0,0,0,0,0,0]*(a3)
hxb[0,0,0,1,-1,0,0,0,0,0,0,0,0]*(-a3)
hxb[0,0,0,1,0,0,0,0,0,0,0,0,-1]*(a3)
hxb[0,0,0,0,0,0,0,0,0,0,0,0,0]*(-a4+a12)
hxb[0,0,0,0,1,0,0,0,0,0,0,0,-1]*(a4)
hxb[0,0,0,0,-1,1,0,0,0,0,0,0,0]*(-a5)
hxb[0,0,0,0,0,1,0,0,0,0,0,0,-1]*(a5)
hxb[0,0,0,0,0,1,0,0,0,0,0,0,0]*(-s23*a5)
hxb[0,0,0,0,-1,0,1,0,0,0,0,0,0]*(-a6)
hxb[0,0,0,0,0,0,1,0,0,0,0,0,-1]*(a6)
hxb[0,0,0,0,0,0,1,0,0,0,0,0,0]*(-s234*a6+s34*a6)
hxb[0,0,0,0,-1,0,0,1,0,0,0,0,0]*(-a7)
hxb[0,0,0,0,0,0,0,1,0,0,0,0,-1]*(a7)
hxb[0,0,0,0,0,0,0,1,0,0,0,0,0]*(-a7*s16+a7*s345)
hxb[0,0,0,0,-1,0,0,0,1,0,0,0,0]*(-a8)
hxb[0,0,0,0,0,0,0,0,1,0,0,0,-1]*(a8)
hxb[0,0,0,0,0,0,0,0,1,0,0,0,0]*(a8*s12)
hxb[0,0,0,0,-1,0,0,0,0,0,0,0,1]*(-a12)

hxb[0,0,0,0,0,0,0,0,0,0,0,0,0]*(a0-a9)
hxb[1,0,0,0,0,0,0,0,0,-1,0,0,0]*(-a0)
hxb[-1,1,0,0,0,0,0,0,0,0,0,0,0]*(a1)
hxb[0,1,0,0,0,0,0,0,0,-1,0,0,0]*(-a1)
hxb[0,1,0,0,0,0,0,0,0,0,0,0,0]*(s23*a1+a1*s12-s123*a1)
hxb[-1,0,1,0,0,0,0,0,0,0,0,0,0]*(a2)
hxb[0,0,1,0,0,0,0,0,0,-1,0,0,0]*(-a2)
hxb[0,0,1,0,0,0,0,0,0,0,0,0,0]*(s12*a2-s123*a2)
hxb[-1,0,0,1,0,0,0,0,0,0,0,0,0]*(a3)
hxb[0,0,0,1,-1,0,0,0,0,0,0,0,0]*(-a3)
hxb[0,0,0,1,0,-1,0,0,0,0,0,0,0]*(a3)
hxb[0,0,0,1,0,0,0,0,0,-1,0,0,0]*(-a3)
hxb[0,0,0,1,0,0,0,0,0,0,0,0,0]*(a3*s12-a3*s123)
hxb[-1,0,0,0,0,0,0,0,0,1,0,0,0]*(a9)
hxb[0,0,0,0,0,0,0,0,0,0,0,1,0]*(s45*a11+a11*s34-a11*s345)
hxb[-1,0,0,0,0,0,0,0,0,0,1,0,0]*(a10)
hxb[0,0,0,0,0,0,0,0,0,-1,1,0,0]*(-a10)
hxb[0,0,0,0,0,0,0,0,0,0,1,0,0]*(-a10*s34)
hxb[-1,0,0,0,0,0,0,0,0,0,0,1,0]*(a11)
hxb[0,0,0,0,0,0,0,0,0,-1,0,1,0]*(-a11)

hxb[-1,0,0,1,0,0,0,0,0,0,0,0,0]*(-a3)
hxb[0,0,0,1,-1,0,0,0,0,0,0,0,0]*(a3)
hxb[0,0,0,1,0,-1,0,0,0,0,0,0,0]*(-a3)
hxb[0,0,0,1,0,0,0,0,0,-1,0,0,0]*(a3)
hxb[0,0,0,1,0,0,0,0,0,0,0,0,0]*(-a3*s12+a3*s123)
hxb[0,0,0,0,0,0,0,0,0,0,0,0,0]*(a4-a5)
hxb[0,0,0,0,1,-1,0,0,0,0,0,0,0]*(-a4)
hxb[0,0,0,0,-1,1,0,0,0,0,0,0,0]*(a5)
hxb[0,0,0,0,0,0,0,0,0,0,0,0,1]*(s23*a12)
hxb[0,0,0,0,-1,0,1,0,0,0,0,0,0]*(a6)
hxb[0,0,0,0,0,-1,1,0,0,0,0,0,0]*(-a6)
hxb[0,0,0,0,0,0,1,0,0,0,0,0,0]*(-s34*a6)
hxb[0,0,0,0,-1,0,0,1,0,0,0,0,0]*(a7)
hxb[0,0,0,0,0,-1,0,1,0,0,0,0,0]*(-a7)
hxb[0,0,0,0,0,0,0,1,0,0,0,0,0]*(a7*s45-a7*s345)
hxb[0,0,0,0,-1,0,0,0,1,0,0,0,0]*(a8)
hxb[0,0,0,0,0,-1,0,0,1,0,0,0,0]*(-a8)
hxb[0,0,0,0,0,0,0,0,1,0,0,0,0]*(s123*a8-a8*s12)
hxb[0,0,0,0,-1,0,0,0,0,0,0,0,1]*(a12)
hxb[0,0,0,0,0,-1,0,0,0,0,0,0,1]*(-a12)

hxb[0,0,0,0,0,0,0,0,0,0,0,0,0]*(a0-a10)
hxb[1,0,0,0,0,0,0,0,0,0,-1,0,0]*(-a0)
hxb[-1,1,0,0,0,0,0,0,0,0,0,0,0]*(a1)
hxb[0,1,0,0,0,0,0,0,0,0,-1,0,0]*(-a1)
hxb[0,1,0,0,0,0,0,0,0,0,0,0,0]*(a1*s234-s23*a1+s123*a1-s56*a1)
hxb[-1,0,1,0,0,0,0,0,0,0,0,0,0]*(a2)
hxb[0,0,1,0,0,0,0,0,0,0,-1,0,0]*(-a2)
hxb[0,0,1,0,0,0,0,0,0,0,0,0,0]*(a2*s34-s56*a2+s123*a2)
hxb[-1,0,0,1,0,0,0,0,0,0,0,0,0]*(a3)
hxb[0,0,0,1,0,-1,0,0,0,0,0,0,0]*(-a3)
hxb[0,0,0,1,0,0,-1,0,0,0,0,0,0]*(a3)
hxb[0,0,0,1,0,0,0,0,0,0,-1,0,0]*(-a3)
hxb[0,0,0,1,0,0,0,0,0,0,0,0,0]*(-a3*s56+a3*s123)
hxb[-1,0,0,0,0,0,0,0,0,1,0,0,0]*(a9)
hxb[0,0,0,0,0,0,0,0,0,1,-1,0,0]*(-a9)
hxb[0,0,0,0,0,0,0,0,0,1,0,0,0]*(-s34*a9)
hxb[-1,0,0,0,0,0,0,0,0,0,1,0,0]*(a10)
hxb[0,0,0,0,0,0,0,0,0,0,0,1,0]*(-s45*a11+mt2*a11)
hxb[-1,0,0,0,0,0,0,0,0,0,0,1,0]*(a11)
hxb[0,0,0,0,0,0,0,0,0,0,-1,1,0]*(-a11)

hxb[-1,0,0,1,0,0,0,0,0,0,0,0,0]*(-a3)
hxb[0,0,0,1,0,-1,0,0,0,0,0,0,0]*(a3)
hxb[0,0,0,1,0,0,-1,0,0,0,0,0,0]*(-a3)
hxb[0,0,0,1,0,0,0,0,0,0,-1,0,0]*(a3)
hxb[0,0,0,1,0,0,0,0,0,0,0,0,0]*(a3*s56-a3*s123)
hxb[0,0,0,0,1,-1,0,0,0,0,0,0,0]*(a4)
hxb[0,0,0,0,1,0,-1,0,0,0,0,0,0]*(-a4)
hxb[0,0,0,0,1,0,0,0,0,0,0,0,0]*(a4*s34)
hxb[0,0,0,0,0,0,0,0,0,0,0,0,0]*(a5-a6)
hxb[0,0,0,0,0,1,-1,0,0,0,0,0,0]*(-a5)
hxb[0,0,0,0,0,-1,1,0,0,0,0,0,0]*(a6)
hxb[0,0,0,0,0,0,0,0,0,0,0,0,1]*(-s23*a12+a12*s234)
hxb[0,0,0,0,0,-1,0,1,0,0,0,0,0]*(a7)
hxb[0,0,0,0,0,0,-1,1,0,0,0,0,0]*(-a7)
hxb[0,0,0,0,0,0,0,1,0,0,0,0,0]*(mt2*a7-a7*s45)
hxb[0,0,0,0,0,-1,0,0,1,0,0,0,0]*(a8)
hxb[0,0,0,0,0,0,-1,0,1,0,0,0,0]*(-a8)
hxb[0,0,0,0,0,0,0,0,1,0,0,0,0]*(-s123*a8+s56*a8)
hxb[0,0,0,0,0,-1,0,0,0,0,0,0,1]*(a12)
hxb[0,0,0,0,0,0,-1,0,0,0,0,0,1]*(-a12)

hxb[-1,0,0,1,0,0,0,0,0,0,0,0,0]*(-a3)
hxb[0,0,0,1,0,0,-1,0,0,0,0,0,0]*(a3)
hxb[0,0,0,1,0,0,0,-1,0,0,0,0,0]*(-a3)
hxb[0,0,0,1,0,0,0,0,0,0,0,-1,0]*(a3)
hxb[0,0,0,1,0,0,0,0,0,0,0,0,0]*(-a3*s56-a3*mt2)
hxb[0,0,0,0,1,0,-1,0,0,0,0,0,0]*(a4)
hxb[0,0,0,0,1,0,0,-1,0,0,0,0,0]*(-a4)
hxb[0,0,0,0,1,0,0,0,0,0,0,0,0]*(a4*s345-mt2*a4-a4*s34)
hxb[0,0,0,0,0,1,-1,0,0,0,0,0,0]*(a5)
hxb[0,0,0,0,0,1,0,-1,0,0,0,0,0]*(-a5)
hxb[0,0,0,0,0,1,0,0,0,0,0,0,0]*(-mt2*a5+s45*a5)
hxb[0,0,0,0,0,0,0,0,0,0,0,0,0]*(-a7+a6)
hxb[0,0,0,0,0,0,1,-1,0,0,0,0,0]*(-a6)
hxb[0,0,0,0,0,0,-1,1,0,0,0,0,0]*(a7)
hxb[0,0,0,0,0,0,0,0,0,0,0,0,1]*(s16*a12-mt2*a12-a12*s234)
hxb[0,0,0,0,0,0,0,1,0,0,0,0,0]*(-2*mt2*a7)
hxb[0,0,0,0,0,0,-1,0,1,0,0,0,0]*(a8)
hxb[0,0,0,0,0,0,0,-1,1,0,0,0,0]*(-a8)
hxb[0,0,0,0,0,0,0,0,1,0,0,0,0]*(-s56*a8)
hxb[0,0,0,0,0,0,-1,0,0,0,0,0,1]*(a12)
hxb[0,0,0,0,0,0,0,-1,0,0,0,0,1]*(-a12)

hxb[0,0,0,0,0,0,0,0,0,0,0,0,0]*(a0-a11)
hxb[1,0,0,0,0,0,0,0,0,0,0,-1,0]*(-a0)
hxb[1,0,0,0,0,0,0,0,0,0,0,0,0]*(a0*mt2)
hxb[-1,1,0,0,0,0,0,0,0,0,0,0,0]*(a1)
hxb[0,1,0,0,0,0,0,0,0,0,0,-1,0]*(-a1)
hxb[0,1,0,0,0,0,0,0,0,0,0,0,0]*(-a1*s234+a1*s16+s56*a1)
hxb[-1,0,1,0,0,0,0,0,0,0,0,0,0]*(a2)
hxb[0,0,1,0,0,0,0,0,0,0,0,-1,0]*(-a2)
hxb[0,0,1,0,0,0,0,0,0,0,0,0,0]*(-a2*s34+s56*a2+s345*a2)
hxb[-1,0,0,1,0,0,0,0,0,0,0,0,0]*(a3)
hxb[0,0,0,1,0,0,-1,0,0,0,0,0,0]*(-a3)
hxb[0,0,0,1,0,0,0,-1,0,0,0,0,0]*(a3)
hxb[0,0,0,1,0,0,0,0,0,0,0,-1,0]*(-a3)
hxb[0,0,0,1,0,0,0,0,0,0,0,0,0]*(a3*s56+a3*mt2)
hxb[-1,0,0,0,0,0,0,0,0,1,0,0,0]*(a9)
hxb[0,0,0,0,0,0,0,0,0,1,0,-1,0]*(-a9)
hxb[0,0,0,0,0,0,0,0,0,1,0,0,0]*(s45*a9+s34*a9-s345*a9+mt2*a9)
hxb[-1,0,0,0,0,0,0,0,0,0,1,0,0]*(a10)
hxb[0,0,0,0,0,0,0,0,0,0,1,-1,0]*(-a10)
hxb[0,0,0,0,0,0,0,0,0,0,1,0,0]*(2*mt2*a10-a10*s45)
hxb[-1,0,0,0,0,0,0,0,0,0,0,1,0]*(a11)
hxb[0,0,0,0,0,0,0,0,0,0,0,1,0]*(-mt2*a11)

hxb[0,0,0,0,0,0,0,0,0,0,0,0,0]*(a3-a0)
hxb[1,0,0,-1,0,0,0,0,0,0,0,0,0]*(a0)
hxb[1,0,0,0,0,0,0,0,-1,0,0,0,0]*(-a0)
hxb[-1,1,0,0,0,0,0,0,0,0,0,0,0]*(-a1)
hxb[0,1,0,-1,0,0,0,0,0,0,0,0,0]*(a1)
hxb[0,1,0,0,0,0,0,0,0,0,0,0,-1]*(-a1)
hxb[-1,0,1,0,0,0,0,0,0,0,0,0,0]*(-a2)
hxb[0,0,1,-1,0,0,0,0,0,0,0,0,0]*(a2)
hxb[0,0,1,0,-1,0,0,0,0,0,0,0,0]*(-a2)
hxb[0,0,1,0,0,0,0,0,0,0,0,0,0]*(s12*a2)
hxb[-1,0,0,1,0,0,0,0,0,0,0,0,0]*(-a3)
hxb[0,0,0,0,0,0,0,0,0,0,0,1,0]*(-s56*a11)
hxb[0,0,0,1,0,0,0,0,-1,0,0,0,0]*(a3)
hxb[-1,0,0,0,0,0,0,0,0,1,0,0,0]*(-a9)
hxb[0,0,0,-1,0,0,0,0,0,1,0,0,0]*(a9)
hxb[0,0,0,0,-1,0,0,0,0,1,0,0,0]*(a9)
hxb[0,0,0,0,0,-1,0,0,0,1,0,0,0]*(-a9)
hxb[0,0,0,0,0,0,0,0,-1,1,0,0,0]*(-a9)
hxb[0,0,0,0,0,0,0,0,0,1,0,0,0]*(-s12*a9+s123*a9)
hxb[-1,0,0,0,0,0,0,0,0,0,1,0,0]*(-a10)
hxb[0,0,0,-1,0,0,0,0,0,0,1,0,0]*(a10)
hxb[0,0,0,0,0,-1,0,0,0,0,1,0,0]*(a10)
hxb[0,0,0,0,0,0,-1,0,0,0,1,0,0]*(-a10)
hxb[0,0,0,0,0,0,0,0,-1,0,1,0,0]*(-a10)
hxb[0,0,0,0,0,0,0,0,0,0,1,0,0]*(-a10*s123+s56*a10)
hxb[-1,0,0,0,0,0,0,0,0,0,0,1,0]*(-a11)
hxb[0,0,0,-1,0,0,0,0,0,0,0,1,0]*(a11)
hxb[0,0,0,0,0,0,-1,0,0,0,0,1,0]*(a11)
hxb[0,0,0,0,0,0,0,-1,0,0,0,1,0]*(-a11)
hxb[0,0,0,0,0,0,0,0,-1,0,0,1,0]*(-a11)

hxb[-1,0,0,1,0,0,0,0,0,0,0,0,0]*(a3)
hxb[0,0,0,0,0,0,0,0,0,0,0,0,0]*(a3-a8)
hxb[0,0,0,1,0,0,0,0,-1,0,0,0,0]*(-a3)
hxb[0,0,-1,0,1,0,0,0,0,0,0,0,0]*(-a4)
hxb[0,0,0,-1,1,0,0,0,0,0,0,0,0]*(a4)
hxb[0,0,0,0,1,0,0,0,-1,0,0,0,0]*(-a4)
hxb[0,0,0,0,1,0,0,0,0,0,0,0,0]*(a4*s12)
hxb[-1,0,0,0,0,1,0,0,0,0,0,0,0]*(a5)
hxb[0,0,-1,0,0,1,0,0,0,0,0,0,0]*(-a5)
hxb[0,0,0,-1,0,1,0,0,0,0,0,0,0]*(a5)
hxb[0,0,0,0,0,1,0,0,-1,0,0,0,0]*(-a5)
hxb[0,0,0,0,0,1,0,0,0,-1,0,0,0]*(-a5)
hxb[0,0,0,0,0,1,0,0,0,0,0,0,0]*(s12*a5)
hxb[-1,0,0,0,0,0,1,0,0,0,0,0,0]*(2*a6)
hxb[0,0,-1,0,0,0,1,0,0,0,0,0,0]*(-a6)
hxb[0,0,0,-1,0,0,1,0,0,0,0,0,0]*(a6)
hxb[0,0,0,0,0,0,1,0,-1,0,0,0,0]*(-a6)
hxb[0,0,0,0,0,0,1,0,0,-1,0,0,0]*(-a6)
hxb[0,0,0,0,0,0,1,0,0,0,-1,0,0]*(-a6)
hxb[0,0,0,0,0,0,1,0,0,0,0,0,0]*(s12*a6)
hxb[-1,0,0,0,0,0,0,1,0,0,0,0,0]*(3*a7)
hxb[0,0,-1,0,0,0,0,1,0,0,0,0,0]*(-a7)
hxb[0,0,0,-1,0,0,0,1,0,0,0,0,0]*(a7)
hxb[0,0,0,0,0,0,0,1,-1,0,0,0,0]*(-a7)
hxb[0,0,0,0,0,0,0,1,0,-1,0,0,0]*(-a7)
hxb[0,0,0,0,0,0,0,1,0,0,-1,0,0]*(-a7)
hxb[0,0,0,0,0,0,0,1,0,0,0,-1,0]*(-a7)
hxb[0,0,0,0,0,0,0,1,0,0,0,0,0]*(mt2*a7+a7*s12)
hxb[-1,0,0,0,0,0,0,0,1,0,0,0,0]*(-a8)
hxb[0,0,0,-1,0,0,0,0,1,0,0,0,0]*(a8)
hxb[0,0,0,0,0,0,0,0,-1,0,0,0,1]*(-a12)
hxb[0,-1,0,0,0,0,0,0,0,0,0,0,1]*(-a12)
hxb[0,0,0,-1,0,0,0,0,0,0,0,0,1]*(a12)

