0
0 25
0 268
0 0 1 0 0 0 0 0 0 0 0 0 0 0 
1 -1 1 0 0 0 0 0 0 0 0 0 0 -s12 
1 0 0 0 0 0 0 0 0 0 0 0 0 0 
0 0 0 1 0 0 0 0 0 0 0 0 0 0 
0 0 0 0 0 0 0 0 1 0 0 0 0 0 
0 0 0 0 1 -1 0 0 1 0 0 0 0 s123-s12 
0 0 0 0 1 0 -1 0 1 0 0 0 0 s56-s12+s34 
0 0 0 0 1 0 0 -1 1 0 0 0 0 -mt2+s345-s12 
0 0 0 0 1 0 0 0 0 0 0 0 0 0 
1 0 1 0 0 0 0 0 0 -1 0 0 0 -s123+s12 
1 0 1 0 0 0 0 0 0 0 -1 0 0 -s56+s123+s34 
1 0 1 0 0 0 0 0 0 0 0 -1 0 s56+mt2+s345-s34 
0 0 0 0 1 0 0 0 1 0 0 0 -1 -s12 

1
0 27
0 270
0 0 1 0 0 0 0 0 0 0 0 0 0 0 
0 1 0 0 0 0 0 0 0 0 0 0 0 0 
1 0 0 0 0 0 0 0 0 0 0 0 0 0 
0 0 0 1 0 0 0 0 0 0 0 0 0 0 
0 0 0 0 0 0 0 0 1 0 0 0 0 0 
1 0 0 0 0 0 0 0 0 0 0 0 0 0 
1 0 0 0 0 0 0 0 0 0 0 0 0 0 
1 0 0 0 0 0 0 0 0 0 0 0 0 0 
1 0 0 0 0 0 0 0 0 0 0 0 0 0 
1 0 0 0 0 0 0 0 0 0 0 0 0 0 
1 0 0 0 0 0 0 0 0 0 0 0 0 0 
1 0 0 0 0 0 0 0 0 0 0 0 0 0 
1 0 0 0 0 0 0 0 0 0 0 0 0 0 

0
0 29
0 269
0 0 1 0 0 0 0 0 0 0 0 0 0 0 
1 -1 1 0 0 0 0 0 0 0 0 0 0 -s12 
1 0 0 0 0 0 0 0 0 0 0 0 0 0 
0 0 0 1 0 0 0 0 0 0 0 0 0 0 
0 0 0 0 0 0 0 0 1 0 0 0 0 0 
0 0 0 0 1 -1 0 0 1 0 0 0 0 s123-s12 
0 0 0 0 1 0 -1 0 1 0 0 0 0 s56-s12+s34 
0 0 0 0 1 0 0 -1 1 0 0 0 0 -mt2+s345-s12 
0 0 0 0 1 0 0 0 0 0 0 0 0 0 
1 0 1 0 0 0 0 0 0 -1 0 0 0 -s123+s12 
1 0 1 0 0 0 0 0 0 0 -1 0 0 -s56+s123+s34 
1 0 1 0 0 0 0 0 0 0 0 -1 0 s56+mt2+s345-s34 
0 0 0 0 1 0 0 0 1 0 0 0 -1 -s12 

1
0 31
0 271
0 0 1 0 0 0 0 0 0 0 0 0 0 0 
0 1 0 0 0 0 0 0 0 0 0 0 0 0 
1 0 0 0 0 0 0 0 0 0 0 0 0 0 
0 0 0 1 0 0 0 0 0 0 0 0 0 0 
0 0 0 0 0 0 0 0 1 0 0 0 0 0 
0 0 0 0 1 0 0 0 0 0 0 0 0 0 
0 0 0 0 1 0 0 0 0 0 0 0 0 0 
0 0 0 0 1 0 0 0 0 0 0 0 0 0 
0 0 0 0 1 0 0 0 0 0 0 0 0 0 
0 0 0 0 1 0 0 0 0 0 0 0 0 0 
0 0 0 0 1 0 0 0 0 0 0 0 0 0 
0 0 0 0 1 0 0 0 0 0 0 0 0 0 
0 0 0 0 1 0 0 0 0 0 0 0 0 0 

1
0 58
0 46
1 0 0 0 0 0 0 0 0 0 0 0 0 0 
0 0 0 1 0 0 0 0 0 0 0 0 0 0 
1 0 0 0 0 0 0 0 0 0 0 0 0 0 
0 0 0 0 0 1 0 0 0 0 0 0 0 0 
0 0 1 0 0 0 0 0 0 0 0 0 0 0 
0 1 0 0 0 0 0 0 0 0 0 0 0 0 
1 0 0 0 0 0 0 0 0 0 0 0 0 0 
1 0 0 0 0 0 0 0 0 0 0 0 0 0 
1 0 0 0 0 0 0 0 0 0 0 0 0 0 
1 0 0 0 0 0 0 0 0 0 0 0 0 0 
1 0 0 0 0 0 0 0 0 0 0 0 0 0 
1 0 0 0 0 0 0 0 0 0 0 0 0 0 
1 0 0 0 0 0 0 0 0 0 0 0 0 0 

1
0 197
0 389
0 0 1 0 0 0 0 0 0 0 0 0 0 0 
0 1 0 0 0 0 0 0 0 0 0 0 0 0 
1 0 0 0 0 0 0 0 0 0 0 0 0 0 
0 1 0 0 0 0 0 0 0 0 0 0 0 0 
0 1 0 0 0 0 0 0 0 0 0 0 0 0 
0 1 0 0 0 0 0 0 0 0 0 0 0 0 
0 0 0 0 0 0 0 0 1 0 0 0 0 0 
0 0 0 0 0 0 0 1 0 0 0 0 0 0 
0 1 0 0 0 0 0 0 0 0 0 0 0 0 
0 1 0 0 0 0 0 0 0 0 0 0 0 0 
0 1 0 0 0 0 0 0 0 0 0 0 0 0 
0 1 0 0 0 0 0 0 0 0 0 0 0 0 
0 1 0 0 0 0 0 0 0 0 0 0 0 0 

1
0 199
0 391
1 0 0 0 0 0 0 0 0 0 0 0 0 0 
0 1 0 0 0 0 0 0 0 0 0 0 0 0 
0 0 1 0 0 0 0 0 0 0 0 0 0 0 
0 0 0 1 0 0 0 0 0 0 0 0 0 0 
0 0 0 1 0 0 0 0 0 0 0 0 0 0 
0 0 0 1 0 0 0 0 0 0 0 0 0 0 
0 0 0 0 0 0 0 0 1 0 0 0 0 0 
0 0 0 0 0 0 0 1 0 0 0 0 0 0 
0 0 0 1 0 0 0 0 0 0 0 0 0 0 
0 0 0 1 0 0 0 0 0 0 0 0 0 0 
0 0 0 1 0 0 0 0 0 0 0 0 0 0 
0 0 0 1 0 0 0 0 0 0 0 0 0 0 
0 0 0 1 0 0 0 0 0 0 0 0 0 0 

0
0 281
0 269
0 0 0 1 0 0 0 0 0 0 0 0 0 0 
-1 1 0 1 0 0 0 0 1 0 0 0 -1 0 
-1 0 1 1 -1 0 0 0 1 0 0 0 0 s12 
0 0 0 0 0 0 0 0 1 0 0 0 0 0 
0 0 1 0 0 0 0 0 0 0 0 0 0 0 
-1 0 1 0 0 0 0 0 0 1 0 0 0 s123-s12 
-2 0 1 0 0 0 0 0 0 1 1 0 0 s56-s12 
-3 0 1 0 0 0 0 0 0 1 1 1 0 -mt2-s12 
1 0 0 0 0 0 0 0 0 0 0 0 0 0 
-1 0 0 1 1 -1 0 0 0 1 0 0 0 s123-s12 
-1 0 0 1 0 1 -1 0 0 0 1 0 0 s56-s123 
-1 0 0 1 0 0 1 -1 0 0 0 1 0 -s56 
0 1 0 0 0 0 0 0 0 0 0 0 0 0 

0
0 284
0 269
-1 0 1 1 -1 0 0 0 1 0 0 0 0 s12 
0 -1 1 1 -1 0 0 0 0 0 0 0 1 0 
0 0 0 1 0 0 0 0 0 0 0 0 0 0 
0 0 0 0 0 0 0 0 1 0 0 0 0 0 
1 0 0 0 0 0 0 0 0 0 0 0 0 0 
2 0 0 0 0 0 0 0 0 -1 0 0 0 0 
3 0 0 0 0 0 0 0 0 -1 -1 0 0 s34 
4 0 0 0 0 0 0 0 0 -1 -1 -1 0 s345 
0 0 1 0 0 0 0 0 0 0 0 0 0 0 
0 0 1 1 -2 1 0 0 1 -1 0 0 0 -2*s123+3*s12 
0 0 1 1 -1 -1 1 0 1 0 -1 0 0 -2*s56+2*s123+s12+s34 
0 0 1 1 -1 0 -1 1 1 0 0 -1 0 2*s56+mt2+s345+s12-s34 
1 -1 1 0 0 0 0 0 0 0 0 0 0 -s12 

1
0 286
0 283
0 0 1 0 0 0 0 0 0 0 0 0 0 0 
0 1 0 0 0 0 0 0 0 0 0 0 0 0 
1 0 0 0 0 0 0 0 0 0 0 0 0 0 
0 0 0 1 0 0 0 0 0 0 0 0 0 0 
0 0 0 0 0 0 0 0 1 0 0 0 0 0 
0 0 1 0 0 0 0 0 0 0 0 0 0 0 
0 0 1 0 0 0 0 0 0 0 0 0 0 0 
0 0 1 0 0 0 0 0 0 0 0 0 0 0 
0 0 0 0 1 0 0 0 0 0 0 0 0 0 
0 0 1 0 0 0 0 0 0 0 0 0 0 0 
0 0 1 0 0 0 0 0 0 0 0 0 0 0 
0 0 1 0 0 0 0 0 0 0 0 0 0 0 
0 0 1 0 0 0 0 0 0 0 0 0 0 0 

