hxb[-1,1,0,0,0,0,0,0,0,0,0,0,0]*(s56*a1-2*s123*a1+a1*s12-s234*a1+2*s23*a1)
hxb[0,1,0,0,0,0,0,0,0,-1,0,0,0]*(-s56*a1+s123*a1+s234*a1-s23*a1)
hxb[-1,0,0,0,0,0,0,0,0,0,0,1,0]*(2*s45*a11-mt2*a11+s34*a11-a11*s345)
hxb[0,0,0,0,0,0,0,0,0,-1,0,1,0]*(-s45*a11+mt2*a11)
hxb[0,1,0,0,0,0,0,0,0,0,-1,0,0]*(s123*a1-a1*s12-s23*a1)
hxb[0,0,0,0,0,0,0,0,0,0,-1,1,0]*(-s45*a11-s34*a11+a11*s345)
hxb[-1,0,1,0,0,0,0,0,0,0,0,0,0]*(s56*a2-2*s123*a2+s12*a2-s34*a2)
hxb[0,0,1,0,0,0,0,0,0,-1,0,0,0]*(-s56*a2+s123*a2+s34*a2)
hxb[-1,0,0,0,0,0,0,0,0,0,1,0,0]*(-s34*a10)
hxb[0,0,0,0,0,0,0,1,0,0,0,0,0]*(-s56*a7*s345+a7*s123*s345+mt2*a7*s12-mt2*a7*s123-a7*s45*s12+s56*a7*s45)
hxb[0,0,1,0,0,0,0,0,0,0,-1,0,0]*(s123*a2-s12*a2)
hxb[0,0,0,0,0,-1,0,1,0,0,0,0,0]*(-s56*a7+a7*s12-a7*s345+mt2*a7)
hxb[0,0,0,0,0,0,0,0,0,0,0,0,0]*(-s34*a4-a6*s12+s34*a6-s123*a4-s34*a9+s56*a4-s56*a5+a6*s123+s34*a10+s12*a5)
hxb[0,0,0,0,1,-1,0,0,0,0,0,0,0]*(s34*a4-s56*a4+a4*s12)
hxb[0,0,0,0,0,1,-1,0,0,0,0,0,0]*(s123*a5-s12*a5)
hxb[0,0,0,0,1,0,-1,0,0,0,0,0,0]*(s123*a4-a4*s12)
hxb[0,0,0,0,1,0,0,0,0,0,0,0,0]*(-s34*s123*a4+s34*a4*s12)
hxb[0,0,0,0,-1,1,0,0,0,0,0,0,0]*(-s123*a5+s56*a5)
hxb[0,0,0,0,0,0,-1,1,0,0,0,0,0]*(-a7*s45+a7*s123-a7*s12+a7*s345)
hxb[0,0,0,0,0,-1,1,0,0,0,0,0,0]*(a6*s12-a6*s56-s34*a6)
hxb[0,0,0,0,-1,0,1,0,0,0,0,0,0]*(a6*s56-a6*s123)
hxb[0,0,0,0,0,0,-1,0,0,0,0,0,1]*(a12*s123-a12*s23-a12*s12)
hxb[0,0,0,0,0,-1,0,0,0,0,0,0,1]*(a12*s234-a12*s56+a12*s12)
hxb[0,0,0,0,0,0,1,0,0,0,0,0,0]*(-s34*a6*s56+s34*a6*s123)
hxb[0,0,0,0,-1,0,0,1,0,0,0,0,0]*(a7*s45+s56*a7-a7*s123-mt2*a7)
hxb[0,0,0,0,0,0,0,0,0,0,0,0,1]*(-a12*s234*s123+a12*s56*s23+a12*s234*s12-a12*s23*s12)
hxb[-1,0,0,0,0,0,0,0,0,1,0,0,0]*(s34*a9)
hxb[0,0,0,0,-1,0,0,0,0,0,0,0,1]*(-a12*s234-a12*s123+a12*s23+a12*s56)

hxb[-1,1,0,0,0,0,0,0,0,0,0,0,0]*(s123*a1-a1*s12-s23*a1)
hxb[0,0,0,0,0,0,0,0,0,0,0,0,0]*(-a9*s23-s123*a1-a9*s12-a12*s123-s23*a5+a1*s12+s123*a5-a4*s12+a12*s23+a12*s12+a9*s123+s23*a1)
hxb[-1,0,1,0,0,0,0,0,0,0,0,0,0]*(s123*a2-2*s12*a2)
hxb[0,-1,1,0,0,0,0,0,0,0,0,0,0]*(-s123*a2+s12*a2)
hxb[0,0,0,0,0,0,0,1,0,0,0,0,-1]*(a7*s45-a7*s123+a7*s12-a7*s345)
hxb[0,0,0,0,1,0,0,0,-1,0,0,0,0]*(s123*a4-a4*s12)
hxb[0,0,0,0,1,0,0,0,0,0,0,0,-1]*(-s123*a4+a4*s12)
hxb[0,0,0,0,1,0,0,0,0,0,0,0,0]*(-s123*a4*s12+a4*s12^2)
hxb[0,0,0,0,0,1,0,0,-1,0,0,0,0]*(s123*a5-s12*a5)
hxb[0,0,0,0,0,1,0,0,0,0,0,0,-1]*(-s123*a5+s12*a5)
hxb[0,0,0,0,0,1,0,0,0,0,0,0,0]*(s123*s12*a5-s123^2*a5+s23*s123*a5-s23*s12*a5)
hxb[0,0,0,0,0,0,1,0,-1,0,0,0,0]*(-a6*s12+s34*a6+a6*s123)
hxb[0,0,0,0,0,0,1,0,0,0,0,0,-1]*(a6*s12-s34*a6-a6*s123)
hxb[0,0,0,0,0,0,1,0,0,0,0,0,0]*(-a6*s56*s123+s234*a6*s123-s234*a6*s12+a6*s56*s12)
hxb[0,0,0,0,0,0,0,1,-1,0,0,0,0]*(-a7*s45+a7*s123-a7*s12+a7*s345)
hxb[0,0,0,0,0,0,0,1,0,0,0,0,0]*(a7*s123*s16-a7*s12*s16+mt2*a7*s12-mt2*a7*s123)
hxb[0,0,0,0,0,-1,0,1,0,0,0,0,0]*(-a7*s16+mt2*a7)
hxb[0,0,0,0,0,0,0,0,-1,0,0,0,1]*(a12*s123-a12*s23-a12*s12)
hxb[0,0,0,0,-1,0,1,0,0,0,0,0,0]*(-a6*s56+s234*a6)
hxb[-1,0,0,0,0,0,0,0,0,0,0,1,0]*(-s234*a11-s45*a11-mt2*a11-s34*a11+a11*s16+s56*a11+a11*s345)
hxb[0,0,0,0,-1,1,0,0,0,0,0,0,0]*(s23*a5-s123*a5)
hxb[0,0,0,0,-1,0,0,1,0,0,0,0,0]*(a7*s16-mt2*a7)
hxb[0,-1,0,0,0,0,0,0,0,0,0,1,0]*(s45*a11+s34*a11-a11*s345)
hxb[0,0,1,0,0,0,0,0,0,-1,0,0,0]*(s12*a2)
hxb[-1,0,0,0,0,0,0,0,0,1,0,0,0]*(a9*s23+a9*s12-a9*s123)
hxb[-1,0,0,0,0,0,0,0,0,0,1,0,0]*(s234*a10-a10*s23+a10*s123-s56*a10+s34*a10)
hxb[0,0,0,0,0,0,0,0,0,-1,1,0,0]*(-s234*a10+a10*s23-a10*s123+s56*a10)
hxb[0,-1,0,0,0,0,0,0,0,0,1,0,0]*(-s34*a10)
hxb[0,0,0,0,0,0,0,0,0,-1,0,1,0]*(s234*a11+mt2*a11-a11*s16-s56*a11)
hxb[0,0,0,0,1,-1,0,0,0,0,0,0,0]*(a4*s12)
hxb[0,0,0,0,0,-1,1,0,0,0,0,0,0]*(a6*s56-s234*a6)

hxb[-1,1,0,0,0,0,0,0,0,0,0,0,0]*(s56*a1-s123*a1-s234*a1+s23*a1)
hxb[0,0,0,0,0,0,0,0,0,0,0,0,0]*(a12*s234-s56*a1+s123*a1-s234*a10+a6*s56+a10*s23+a12*s123+s23*a5-s123*a5+s234*a1-s234*a6-a10*s123+s56*a10-a12*s23-a12*s56-s23*a1)
hxb[-1,0,1,0,0,0,0,0,0,0,0,0,0]*(s56*a2-s123*a2-s12*a2-s34*a2)
hxb[0,-1,1,0,0,0,0,0,0,0,0,0,0]*(-s56*a2+s123*a2+s34*a2)
hxb[0,0,0,0,0,0,0,1,0,0,0,0,0]*(-s56*mt2*a7-a7*s123*s16+s56*a7*s16+mt2*a7*s123)
hxb[0,0,0,0,1,0,0,0,-1,0,0,0,0]*(-s34*a4-s123*a4+s56*a4)
hxb[0,0,0,0,1,0,0,0,0,0,0,0,-1]*(s34*a4+s123*a4-s56*a4)
hxb[0,0,0,0,1,0,0,0,0,0,0,0,0]*(s123*a4*s12-s56*a4*s12)
hxb[0,0,0,0,0,1,0,0,-1,0,0,0,0]*(-s123*a5+s56*a5)
hxb[0,0,0,0,0,1,0,0,0,0,0,0,-1]*(s123*a5-s56*a5)
hxb[0,0,0,0,0,1,0,0,0,0,0,0,0]*(s123^2*a5-s56*s123*a5+s56*s23*a5-s23*s123*a5)
hxb[0,0,0,0,0,0,1,0,-1,0,0,0,0]*(a6*s56-a6*s123)
hxb[0,0,0,0,0,0,1,0,0,0,0,0,-1]*(-a6*s56+a6*s123)
hxb[0,0,0,0,0,0,1,0,0,0,0,0,0]*(-a6*s56^2+a6*s56*s123-s234*a6*s123+s234*a6*s56)
hxb[0,0,0,0,0,0,0,1,-1,0,0,0,0]*(a7*s45+s56*a7-a7*s123-mt2*a7)
hxb[0,0,0,0,0,0,0,1,0,0,0,0,-1]*(-a7*s45-s56*a7+a7*s123+mt2*a7)
hxb[-1,0,0,0,0,0,0,0,0,0,1,0,0]*(s234*a10-a10*s23+a10*s123-s56*a10)
hxb[0,0,0,0,0,0,0,0,-1,0,0,0,1]*(-a12*s234-a12*s123+a12*s23+a12*s56)
hxb[0,0,0,0,0,-1,0,1,0,0,0,0,0]*(a7*s16-mt2*a7)
hxb[0,0,0,0,0,0,-1,1,0,0,0,0,0]*(-a7*s16+mt2*a7)
hxb[-1,0,0,0,0,0,0,0,0,0,0,1,0]*(-s234*a11+s45*a11-2*mt2*a11+a11*s16+s56*a11)
hxb[0,0,0,0,0,-1,1,0,0,0,0,0,0]*(-a6*s56+s234*a6)
hxb[0,0,0,0,0,1,-1,0,0,0,0,0,0]*(-s23*a5+s123*a5)
hxb[0,0,1,0,0,0,0,0,0,0,-1,0,0]*(s12*a2)
hxb[0,-1,0,0,0,0,0,0,0,0,0,1,0]*(-s45*a11+mt2*a11)
hxb[0,0,0,0,0,0,0,0,0,1,-1,0,0]*(-a9*s23-a9*s12+a9*s123)
hxb[-1,0,0,0,0,0,0,0,0,1,0,0,0]*(a9*s23+a9*s12+s34*a9-a9*s123)
hxb[0,0,0,0,0,0,0,0,0,0,-1,1,0]*(s234*a11+mt2*a11-a11*s16-s56*a11)
hxb[0,0,0,0,1,-1,0,0,0,0,0,0,0]*(-a4*s12)
hxb[0,0,0,0,1,0,-1,0,0,0,0,0,0]*(a4*s12)
hxb[0,-1,0,0,0,0,0,0,0,1,0,0,0]*(-s34*a9)

hxb[-1,1,0,0,0,0,0,0,0,0,0,0,0]*(a1*s12)
hxb[0,0,0,0,0,0,0,0,0,0,0,0,0]*(-a1*s12+a4*s12+s12*a2-a12*s12)
hxb[-1,0,1,0,0,0,0,0,0,0,0,0,0]*(s12*a2)
hxb[0,-1,1,0,0,0,0,0,0,0,0,0,0]*(-2*s12*a2)
hxb[0,0,1,0,0,0,0,0,0,0,0,0,0]*(-s12^2*a2)
hxb[0,0,0,0,1,0,0,0,-1,0,0,0,0]*(a4*s12)
hxb[0,0,0,0,1,0,0,0,0,0,0,0,-1]*(-2*a4*s12)
hxb[0,0,0,0,1,0,0,0,0,0,0,0,0]*(-a4*s12^2)
hxb[0,0,0,0,0,1,0,0,-1,0,0,0,0]*(s23*a5+s12*a5)
hxb[0,0,0,0,0,1,0,0,0,0,0,0,-1]*(-s123*a5-s12*a5)
hxb[0,0,0,0,0,1,0,0,0,0,0,0,0]*(-s123*s12*a5+s23*s12*a5)
hxb[0,0,0,0,0,0,1,0,-1,0,0,0,0]*(a6*s12-s34*a6+s234*a6)
hxb[0,0,0,0,0,0,1,0,0,0,0,0,-1]*(-a6*s12-a6*s56+s34*a6)
hxb[0,0,0,0,0,0,1,0,0,0,0,0,0]*(s234*a6*s12-a6*s56*s12)
hxb[0,0,0,0,0,0,0,1,-1,0,0,0,0]*(a7*s16+a7*s12-a7*s345)
hxb[0,0,0,0,0,0,0,1,0,0,0,0,-1]*(-a7*s12+a7*s345-mt2*a7)
hxb[0,0,0,0,0,0,0,1,0,0,0,0,0]*(a7*s12*s16-mt2*a7*s12)
hxb[0,0,0,0,0,0,0,0,-1,0,0,0,1]*(a12*s12)
hxb[0,0,0,0,0,0,0,0,0,0,0,1,0]*(-s234*a11*s12+s56*a11*s12-mt2*a11*s12+a11*s12*s16)
hxb[0,0,0,0,-1,0,1,0,0,0,0,0,0]*(a6*s56-s234*a6)
hxb[0,0,-1,0,0,0,0,0,0,0,0,1,0]*(s234*a11+mt2*a11-a11*s16-s56*a11)
hxb[0,-1,0,0,0,0,0,0,0,0,0,1,0]*(-mt2*a11-s34*a11+s56*a11+a11*s345)
hxb[0,-1,0,0,0,0,0,0,0,0,1,0,0]*(a10*s123-s56*a10+s34*a10)
hxb[0,0,0,0,-1,1,0,0,0,0,0,0,0]*(-s23*a5+s123*a5)
hxb[0,-1,0,0,0,0,0,0,0,1,0,0,0]*(a9*s12-a9*s123)
hxb[-1,0,0,0,0,0,0,0,0,1,0,0,0]*(a9*s23)
hxb[0,0,0,0,0,0,0,0,0,0,1,0,0]*(-a10*s23*s12+s234*a10*s12+a10*s123*s12-s56*a10*s12)
hxb[0,0,0,0,-1,0,0,1,0,0,0,0,0]*(-a7*s16+mt2*a7)
hxb[-1,0,0,0,0,0,0,0,0,0,1,0,0]*(s234*a10-a10*s23-s34*a10)
hxb[0,0,-1,0,0,0,0,0,0,1,0,0,0]*(-a9*s23-a9*s12+a9*s123)
hxb[0,0,-1,0,0,0,0,0,0,0,1,0,0]*(-s234*a10+a10*s23-a10*s123+s56*a10)
hxb[0,0,0,0,0,0,0,0,0,1,0,0,0]*(a9*s12^2-a9*s123*s12+a9*s23*s12)
hxb[-1,0,0,0,0,0,0,0,0,0,0,1,0]*(-s234*a11+s34*a11+a11*s16-a11*s345)

hxb[-1,1,0,0,0,0,0,0,0,0,0,0,0]*(-2*s56*a1-a1*s16+s123*a1+2*s234*a1+mt2*a1-s23*a1)
hxb[0,1,0,0,0,0,0,0,0,0,-1,0,0]*(s56*a1+a1*s16-s234*a1-mt2*a1)
hxb[0,1,0,0,0,0,0,0,0,0,0,0,0]*(-mt2*s23*a1-s56*mt2*a1+s234*mt2*a1+mt2*s123*a1)
hxb[0,0,0,0,0,0,0,0,0,0,0,1,0]*(mt2^2*a11-mt2*s45*a11)
hxb[0,1,0,0,0,0,0,0,0,0,0,-1,0]*(s56*a1-s123*a1-s234*a1+s23*a1)
hxb[0,0,0,0,0,0,0,0,0,0,0,0,0]*(mt2*a10-s45*a5+a7*s45+mt2*a5+s56*a7+s45*a11-a7*s123-mt2*a11-s56*a5+a6*s123-mt2*a7-a10*s45)
hxb[-1,0,1,0,0,0,0,0,0,0,0,0,0]*(mt2*a2-s345*a2-2*s56*a2+s123*a2+2*s34*a2)
hxb[0,0,1,0,0,0,0,0,0,0,-1,0,0]*(-mt2*a2+s345*a2+s56*a2-s34*a2)
hxb[0,0,1,0,0,0,0,0,0,0,0,0,0]*(s34*mt2*a2+mt2*s123*a2-s56*mt2*a2)
hxb[0,0,0,0,0,-1,1,0,0,0,0,0,0]*(-a6*s56)
hxb[0,0,1,0,0,0,0,0,0,0,0,-1,0]*(s56*a2-s123*a2-s34*a2)
hxb[0,0,0,0,0,0,0,0,0,1,0,0,0]*(-s34*a9*mt2)
hxb[0,0,0,0,1,-1,0,0,0,0,0,0,0]*(s34*a4-s56*a4-a4*s345+mt2*a4)
hxb[0,0,0,0,1,0,-1,0,0,0,0,0,0]*(s123*a4+a4*s345-mt2*a4)
hxb[0,0,0,0,1,0,0,0,0,0,0,0,0]*(s56*mt2*a4-s56*a4*s345+s123*a4*s345-s34*s123*a4-mt2*s123*a4)
hxb[0,0,0,0,0,0,1,-1,0,0,0,0,0]*(a6*s56-a6*s123)
hxb[0,0,0,0,1,0,0,-1,0,0,0,0,0]*(-s34*a4-s123*a4+s56*a4)
hxb[0,0,0,0,0,0,-1,1,0,0,0,0,0]*(-a7*s45+a7*s123-mt2*a7)
hxb[-1,0,0,0,0,0,0,0,0,0,0,1,0]*(-s45*a11+3*mt2*a11)
hxb[0,0,0,0,0,1,-1,0,0,0,0,0,0]*(s45*a5-mt2*a5+s123*a5)
hxb[0,0,0,0,0,-1,0,1,0,0,0,0,0]*(-s56*a7+2*mt2*a7)
hxb[0,0,0,0,0,1,0,-1,0,0,0,0,0]*(-s123*a5+s56*a5)
hxb[0,0,0,0,0,1,0,0,0,0,0,0,0]*(-mt2*s123*a5+s123*s45*a5+s56*mt2*a5-s56*s45*a5)
hxb[0,0,0,0,0,0,0,1,0,0,0,0,0]*(s56*mt2*a7-2*mt2*a7*s123+s56*a7*s45)
hxb[0,0,0,0,0,0,0,0,0,0,-1,1,0]*(-2*mt2*a11)
hxb[0,0,0,0,0,0,0,0,0,1,0,-1,0]*(s34*a9)
hxb[-1,0,0,0,0,0,0,0,0,0,1,0,0]*(-mt2*a10+a10*s45)
hxb[-1,0,0,0,0,0,0,0,0,1,0,0,0]*(a9*s345-2*s34*a9-a9*s45)
hxb[0,0,0,0,0,0,0,0,0,1,-1,0,0]*(-a9*s345+s34*a9+a9*s45)
hxb[0,0,0,0,0,0,0,0,0,0,0,0,1]*(-a12*mt2*s123-a12*s234*s123+a12*s56*s23+a12*s56*mt2+a12*s123*s16-a12*s56*s16)
hxb[0,0,0,0,0,0,-1,0,0,0,0,0,1]*(a12*s123+a12*s16-a12*mt2-a12*s23)
hxb[0,0,0,0,0,0,0,-1,0,0,0,0,1]*(-a12*s234-a12*s123+a12*s23+a12*s56)
hxb[0,0,0,0,0,-1,0,0,0,0,0,0,1]*(a12*s234-a12*s16+a12*mt2-a12*s56)

hxb[-1,1,0,0,0,0,0,0,0,0,0,0,0]*(-s56*a1-a1*s16+s234*a1+mt2*a1)
hxb[0,0,0,0,0,0,0,0,0,0,0,0,0]*(-a12*s234+s56*a1+a1*s16-a6*s56+s234*a11+mt2*a11+a12*s16-a12*mt2-s234*a1-mt2*a1+s234*a6-a7*s16-a11*s16+a12*s56-s56*a11+mt2*a7)
hxb[-1,0,1,0,0,0,0,0,0,0,0,0,0]*(mt2*a2-s345*a2-s56*a2-s12*a2+s34*a2)
hxb[0,-1,1,0,0,0,0,0,0,0,0,0,0]*(-mt2*a2+s345*a2+s56*a2-s34*a2)
hxb[0,0,1,0,0,0,0,0,0,0,0,0,0]*(-mt2*s12*a2)
hxb[0,0,0,0,1,0,0,0,-1,0,0,0,0]*(s34*a4-s56*a4-a4*s345+mt2*a4)
hxb[0,0,0,0,1,0,0,0,0,0,0,0,-1]*(-s34*a4+s56*a4+a4*s345-mt2*a4)
hxb[0,0,0,0,1,0,0,0,0,0,0,0,0]*(s56*a4*s12)
hxb[0,0,0,0,0,1,0,0,-1,0,0,0,0]*(-s45*a5+mt2*a5-s56*a5)
hxb[0,0,0,0,0,1,0,0,0,0,0,0,-1]*(s45*a5-mt2*a5+s56*a5)
hxb[0,0,0,0,0,1,0,0,0,0,0,0,0]*(s56*s123*a5-s56*s23*a5)
hxb[0,0,0,0,0,0,1,0,-1,0,0,0,0]*(-a6*s56)
hxb[0,0,0,0,0,0,1,0,0,0,0,0,-1]*(a6*s56)
hxb[0,0,0,0,0,0,1,0,0,0,0,0,0]*(a6*s56^2-s234*a6*s56)
hxb[0,0,0,0,0,0,0,1,-1,0,0,0,0]*(-s56*a7+2*mt2*a7)
hxb[0,0,0,0,0,0,0,1,0,0,0,0,-1]*(s56*a7-2*mt2*a7)
hxb[0,0,0,0,0,0,0,1,0,0,0,0,0]*(s56*mt2*a7-s56*a7*s16)
hxb[0,0,0,0,0,0,0,0,-1,0,0,0,1]*(a12*s234-a12*s16+a12*mt2-a12*s56)
hxb[0,0,0,0,0,0,0,0,0,0,0,1,0]*(mt2*a11*s16+s56*mt2*a11-mt2^2*a11-s234*mt2*a11)
hxb[-1,0,0,0,0,0,0,0,0,1,0,0,0]*(a9*s23+a9*s12+a9*s345-s34*a9-a9*s45-a9*s123)
hxb[0,0,0,0,0,0,1,-1,0,0,0,0,0]*(a6*s56-s234*a6)
hxb[0,0,0,0,0,0,0,0,0,0,1,0,0]*(mt2*a10*s123+s234*mt2*a10-s56*mt2*a10-mt2*a10*s23)
hxb[0,0,0,0,0,0,0,0,0,1,0,-1,0]*(-a9*s23-a9*s12+a9*s123)
hxb[0,0,1,0,0,0,0,0,0,0,0,-1,0]*(s12*a2)
hxb[0,0,0,0,0,0,0,0,0,0,1,-1,0]*(-s234*a10+a10*s23-a10*s123+s56*a10)
hxb[-1,0,0,0,0,0,0,0,0,0,1,0,0]*(-mt2*a10+s234*a10-a10*s23+a10*s123-s56*a10+a10*s45)
hxb[0,0,0,0,0,1,-1,0,0,0,0,0,0]*(s23*a5-s123*a5)
hxb[0,-1,0,0,0,0,0,0,0,0,1,0,0]*(mt2*a10-a10*s45)
hxb[0,0,0,0,1,0,-1,0,0,0,0,0,0]*(-a4*s12)
hxb[0,0,0,0,1,0,0,-1,0,0,0,0,0]*(a4*s12)
hxb[0,-1,0,0,0,0,0,0,0,0,0,1,0]*(-2*mt2*a11)
hxb[0,0,0,0,0,1,0,-1,0,0,0,0,0]*(-s23*a5+s123*a5)
hxb[0,0,0,0,0,0,-1,1,0,0,0,0,0]*(a7*s16-mt2*a7)
hxb[-1,0,0,0,0,0,0,0,0,0,0,1,0]*(-s234*a11+mt2*a11+a11*s16+s56*a11)
hxb[0,-1,0,0,0,0,0,0,0,1,0,0,0]*(-a9*s345+s34*a9+a9*s45)
hxb[0,0,0,0,0,0,0,0,0,1,0,0,0]*(-a9*mt2*s123+a9*mt2*s23+a9*mt2*s12)

hxb[0,0,0,0,0,0,0,0,0,0,0,0,0]*(a9*s23+s123*a1+a12*s123-s123*a4+s23*a5-a1*s12-s123*a2-a12*s23+s12*a2-a12*s12-s23*a1+s12*a5)
hxb[0,1,-1,0,0,0,0,0,0,0,0,0,0]*(-s123*a1+a1*s12+s23*a1)
hxb[-1,1,0,0,0,0,0,0,0,0,0,0,0]*(-a1*s12)
hxb[0,1,0,0,0,0,0,0,0,-1,0,0,0]*(a1*s12)
hxb[0,1,0,0,0,0,0,0,0,0,0,0,0]*(-a1*s12^2-s23*a1*s12+s123*a1*s12)
hxb[0,-1,1,0,0,0,0,0,0,0,0,0,0]*(s123*a2-s12*a2)
hxb[0,0,0,0,0,0,0,0,0,0,0,1,0]*(-s45*a11*s12+a11*s345*s12-s34*a11*s12)
hxb[-1,0,1,0,0,0,0,0,0,0,0,0,0]*(-s12*a2)
hxb[0,0,1,0,0,0,0,0,0,-1,0,0,0]*(s12*a2)
hxb[0,0,1,0,0,0,0,0,0,0,0,0,0]*(s123*s12*a2-s12^2*a2)
hxb[0,0,0,0,0,0,0,0,0,-1,0,1,0]*(-s234*a11+s34*a11+a11*s16-a11*s345)
hxb[0,0,0,0,1,0,0,0,0,0,0,0,-1]*(s123*a4-a4*s12)
hxb[-1,0,0,0,0,0,0,0,0,0,0,1,0]*(s234*a11-s34*a11-a11*s16+a11*s345)
hxb[0,0,0,0,1,-1,0,0,0,0,0,0,0]*(a4*s12)
hxb[0,0,0,0,-1,1,0,0,0,0,0,0,0]*(-s23*a5-s123*a5)
hxb[0,0,0,0,0,1,0,0,0,0,0,0,-1]*(s123*a5-s12*a5)
hxb[0,0,0,0,0,1,0,0,0,0,0,0,0]*(-s23*s123*a5+s23*s12*a5)
hxb[0,0,0,0,0,0,0,0,0,0,1,0,0]*(s34*a10*s12)
hxb[0,0,0,0,0,0,0,1,0,0,0,0,-1]*(-a7*s45+a7*s123-a7*s12+a7*s345)
hxb[0,0,0,0,-1,0,1,0,0,0,0,0,0]*(-a6*s123-s234*a6)
hxb[0,0,0,0,0,0,1,0,0,0,0,0,-1]*(-a6*s12+s34*a6+a6*s123)
hxb[0,0,0,0,0,0,1,0,0,0,0,0,0]*(-s234*a6*s123+s34*a6*s123+s234*a6*s12)
hxb[0,0,0,0,0,0,0,1,0,0,0,0,0]*(-a7*s123*s16+a7*s12*s16+a7*s123*s345-a7*s45*s12)
hxb[0,0,0,0,0,-1,1,0,0,0,0,0,0]*(a6*s12-s34*a6+s234*a6)
hxb[0,0,0,0,-1,0,0,1,0,0,0,0,0]*(a7*s45-a7*s123-a7*s16)
hxb[-1,0,0,0,0,0,0,0,0,1,0,0,0]*(-a9*s23)
hxb[0,0,0,0,0,-1,0,1,0,0,0,0,0]*(a7*s16+a7*s12-a7*s345)
hxb[0,0,0,0,0,0,0,0,0,-1,1,0,0]*(s234*a10-a10*s23-s34*a10)
hxb[0,0,-1,0,0,0,0,0,0,0,1,0,0]*(-s34*a10)
hxb[0,-1,0,0,0,0,0,0,0,0,0,1,0]*(-s45*a11-s34*a11+a11*s345)
hxb[-1,0,0,0,0,0,0,0,0,0,1,0,0]*(-s234*a10+a10*s23+s34*a10)
hxb[0,0,0,0,-1,0,0,0,0,0,0,0,1]*(-a12*s123+a12*s23)
hxb[0,0,-1,0,0,0,0,0,0,0,0,1,0]*(s45*a11+s34*a11-a11*s345)
hxb[0,-1,0,0,0,0,0,0,0,0,1,0,0]*(s34*a10)
hxb[0,0,0,0,0,-1,0,0,0,0,0,0,1]*(a12*s12)
hxb[0,0,0,0,0,0,0,0,0,0,0,0,1]*(-a12*s23*s12)

hxb[-1,1,0,0,0,0,0,0,0,0,0,0,0]*(-s56*a1-a1*s16-s123*a1+a1*s12+s234*a1+mt2*a1+s23*a1)
hxb[0,1,0,0,0,0,0,0,0,-1,0,0,0]*(s56*a1+a1*s16-s234*a1-mt2*a1)
hxb[0,1,0,0,0,0,0,0,0,0,0,0,0]*(mt2*s23*a1-mt2*s123*a1+mt2*a1*s12)
hxb[0,0,0,0,0,0,0,0,0,0,0,1,0]*(-mt2*a11*s345+s34*mt2*a11+mt2*s45*a11)
hxb[0,1,0,0,0,0,0,0,0,0,0,-1,0]*(s123*a1-a1*s12-s23*a1)
hxb[0,0,0,0,0,0,0,0,0,0,0,0,0]*(s34*a4+s45*a5+a6*s12-a7*s45-mt2*a5-s34*a6-s45*a11+a7*s123-a9*s345+s34*a9-s56*a4+s56*a5-s34*a11-a6*s123+a9*s45-a4*s345+mt2*a4-a7*s12+a11*s345+a7*s345)
hxb[-1,0,1,0,0,0,0,0,0,0,0,0,0]*(mt2*a2-s345*a2-s56*a2-s123*a2+s12*a2+s34*a2)
hxb[0,0,1,0,0,0,0,0,0,-1,0,0,0]*(-mt2*a2+s345*a2+s56*a2-s34*a2)
hxb[0,0,1,0,0,0,0,0,0,0,0,0,0]*(-mt2*s123*a2+mt2*s12*a2)
hxb[0,0,0,0,0,0,0,0,0,-1,1,0,0]*(mt2*a10-a10*s45)
hxb[0,0,1,0,0,0,0,0,0,0,0,-1,0]*(s123*a2-s12*a2)
hxb[0,0,0,0,0,0,-1,1,0,0,0,0,0]*(a7*s45-a7*s123+a7*s12-a7*s345)
hxb[-1,0,0,0,0,0,0,0,0,0,0,1,0]*(s45*a11+2*mt2*a11+s34*a11-a11*s345)
hxb[0,0,0,0,1,-1,0,0,0,0,0,0,0]*(-s34*a4+s56*a4+a4*s345-mt2*a4)
hxb[0,0,0,0,1,0,-1,0,0,0,0,0,0]*(-s123*a4+a4*s12)
hxb[0,0,0,0,1,0,0,-1,0,0,0,0,0]*(s123*a4-a4*s12)
hxb[0,0,0,0,1,0,0,0,0,0,0,0,0]*(-mt2*a4*s12-s123*a4*s345+s34*s123*a4-s34*a4*s12+mt2*s123*a4+a4*s345*s12)
hxb[0,0,0,0,-1,1,0,0,0,0,0,0,0]*(-s45*a5+mt2*a5-s56*a5)
hxb[0,0,0,0,0,0,0,0,0,-1,0,1,0]*(-2*mt2*a11)
hxb[0,0,0,0,0,1,-1,0,0,0,0,0,0]*(-s123*a5+s12*a5)
hxb[0,0,0,0,0,1,0,-1,0,0,0,0,0]*(s123*a5-s12*a5)
hxb[0,0,0,0,0,1,0,0,0,0,0,0,0]*(s45*s12*a5+mt2*s123*a5-mt2*s12*a5-s123*s45*a5)
hxb[0,0,0,0,-1,0,1,0,0,0,0,0,0]*(-a6*s56)
hxb[0,0,0,0,0,-1,1,0,0,0,0,0,0]*(a6*s56)
hxb[0,0,0,0,0,0,1,0,0,0,0,0,0]*(s34*a6*s56)
hxb[0,0,0,0,-1,0,0,1,0,0,0,0,0]*(-s56*a7+2*mt2*a7)
hxb[0,0,0,0,0,0,1,-1,0,0,0,0,0]*(-a6*s12+s34*a6+a6*s123)
hxb[0,0,0,0,0,-1,0,1,0,0,0,0,0]*(s56*a7-2*mt2*a7)
hxb[0,0,0,0,0,0,0,1,0,0,0,0,0]*(s56*a7*s345-2*mt2*a7*s12+2*mt2*a7*s123-s56*a7*s45)
hxb[-1,0,0,0,0,0,0,0,0,1,0,0,0]*(a9*s345-s34*a9-a9*s45)
hxb[0,0,0,0,0,0,0,0,0,0,1,-1,0]*(s34*a10)
hxb[0,0,0,0,0,0,0,0,0,0,1,0,0]*(-s34*mt2*a10)
hxb[-1,0,0,0,0,0,0,0,0,0,1,0,0]*(-mt2*a10-s34*a10+a10*s45)
hxb[0,0,0,0,-1,0,0,0,0,0,0,0,1]*(a12*s234-a12*s16+a12*mt2-a12*s56)
hxb[0,0,0,0,0,-1,0,0,0,0,0,0,1]*(-a12*s234+a12*s16-a12*mt2+a12*s56)
hxb[0,0,0,0,0,0,0,0,0,0,0,0,1]*(a12*s12*s16+a12*mt2*s123+a12*s234*s123-a12*s56*s23-a12*s123*s16-a12*s234*s12-a12*mt2*s12)
hxb[0,0,0,0,0,0,-1,0,0,0,0,0,1]*(-a12*s123+a12*s23+a12*s12)
hxb[0,0,0,0,0,0,0,-1,0,0,0,0,1]*(a12*s123-a12*s23-a12*s12)

hxb[0,0,0,0,0,0,0,0,0,0,0,0,0]*(-a12*s234+s56*a1+s34*a4+a6*s12-s123*a1+s234*a10-a10*s23-s34*a6-a12*s123+s123*a4-s23*a5-s56*a4-s234*a1+s234*a6-s56*a2+s123*a2+a12*s23-s34*a10+a12*s56+s34*a2+s23*a1-s12*a5)
hxb[0,1,-1,0,0,0,0,0,0,0,0,0,0]*(-s56*a1+s123*a1+s234*a1-s23*a1)
hxb[-1,1,0,0,0,0,0,0,0,0,0,0,0]*(-a1*s12)
hxb[0,1,0,0,0,0,0,0,0,0,-1,0,0]*(a1*s12)
hxb[0,1,0,0,0,0,0,0,0,0,0,0,0]*(s23*a1*s12+s56*a1*s12-s234*a1*s12-s123*a1*s12)
hxb[0,-1,1,0,0,0,0,0,0,0,0,0,0]*(s56*a2-s123*a2-s34*a2)
hxb[0,0,0,0,0,0,0,0,0,0,0,1,0]*(s45*a11*s12-mt2*a11*s12)
hxb[-1,0,1,0,0,0,0,0,0,0,0,0,0]*(-s12*a2)
hxb[0,0,1,0,0,0,0,0,0,0,-1,0,0]*(s12*a2)
hxb[0,0,1,0,0,0,0,0,0,0,0,0,0]*(-s123*s12*a2+s56*s12*a2-s34*s12*a2)
hxb[0,0,0,0,0,0,0,0,0,0,-1,1,0]*(-s234*a11+s34*a11+a11*s16-a11*s345)
hxb[0,0,0,0,1,0,0,0,0,0,0,0,-1]*(-s34*a4-s123*a4+s56*a4)
hxb[0,0,0,0,1,-1,0,0,0,0,0,0,0]*(-a4*s12)
hxb[0,0,0,0,1,0,-1,0,0,0,0,0,0]*(a4*s12)
hxb[0,0,0,0,1,0,0,0,0,0,0,0,0]*(-s34*a4*s12)
hxb[0,0,0,0,-1,1,0,0,0,0,0,0,0]*(s123*a5-s56*a5)
hxb[0,0,0,0,0,1,0,0,0,0,0,0,-1]*(-s123*a5+s56*a5)
hxb[0,0,0,0,0,1,0,0,0,0,0,0,0]*(-s56*s23*a5+s23*s123*a5)
hxb[-1,0,0,0,0,0,0,0,0,0,0,1,0]*(s234*a11-s34*a11-a11*s16+a11*s345)
hxb[0,0,0,0,0,1,-1,0,0,0,0,0,0]*(s23*a5+s12*a5)
hxb[0,0,0,0,-1,0,1,0,0,0,0,0,0]*(-a6*s56+a6*s123)
hxb[0,0,0,0,0,0,1,0,0,0,0,0,-1]*(a6*s56-a6*s123)
hxb[0,0,0,0,0,0,1,0,0,0,0,0,0]*(s34*a6*s56+s234*a6*s123-s34*a6*s123-s234*a6*s56)
hxb[0,0,0,0,0,-1,1,0,0,0,0,0,0]*(-a6*s12+s34*a6-s234*a6)
hxb[0,0,0,0,0,0,0,1,0,0,0,0,-1]*(a7*s45+s56*a7-a7*s123-mt2*a7)
hxb[0,0,0,0,-1,0,0,1,0,0,0,0,0]*(-a7*s45-s56*a7+a7*s123+mt2*a7)
hxb[0,0,0,0,0,0,0,1,0,0,0,0,0]*(s56*a7*s345+a7*s123*s16-s56*a7*s16-a7*s123*s345-mt2*a7*s12+a7*s45*s12)
hxb[0,0,0,0,0,0,0,0,0,1,0,0,0]*(s34*a9*s12)
hxb[0,0,0,0,0,-1,0,1,0,0,0,0,0]*(-a7*s16-a7*s12+a7*s345)
hxb[0,0,0,0,0,0,-1,1,0,0,0,0,0]*(a7*s16+a7*s12-a7*s345)
hxb[0,0,0,0,0,0,0,0,0,1,-1,0,0]*(a9*s23)
hxb[0,0,0,0,-1,0,0,0,0,0,0,0,1]*(a12*s234+a12*s123-a12*s23-a12*s56)
hxb[0,0,-1,0,0,0,0,0,0,0,0,1,0]*(-s45*a11+mt2*a11)
hxb[0,0,0,0,0,-1,0,0,0,0,0,0,1]*(-a12*s12)
hxb[0,0,0,0,0,0,-1,0,0,0,0,0,1]*(a12*s12)
hxb[0,0,0,0,0,0,0,0,0,0,0,0,1]*(-a12*s234*s12+a12*s23*s12)
hxb[-1,0,0,0,0,0,0,0,0,1,0,0,0]*(-a9*s23)
hxb[0,-1,0,0,0,0,0,0,0,0,0,1,0]*(s45*a11-mt2*a11)
hxb[0,0,-1,0,0,0,0,0,0,1,0,0,0]*(-s34*a9)
hxb[-1,0,0,0,0,0,0,0,0,0,1,0,0]*(-s234*a10+a10*s23+s34*a10)
hxb[0,-1,0,0,0,0,0,0,0,1,0,0,0]*(s34*a9)

hxb[0,0,0,0,0,0,0,0,0,0,0,0,0]*(-mt2*a2+a12*s234-s56*a1-s34*a4-a1*s16-a6*s12-s234*a11+s34*a6+s56*a4-a12*s16+s345*a2+a12*mt2+s234*a1+s34*a11+mt2*a1-s234*a6+a7*s16+s56*a2+a4*s345+a11*s16-a12*s56-s34*a2-mt2*a4+a7*s12-a11*s345-a7*s345)
hxb[0,1,-1,0,0,0,0,0,0,0,0,0,0]*(s56*a1+a1*s16-s234*a1-mt2*a1)
hxb[-1,1,0,0,0,0,0,0,0,0,0,0,0]*(-a1*s12)
hxb[0,1,0,0,0,0,0,0,0,0,0,-1,0]*(a1*s12)
hxb[0,1,0,0,0,0,0,0,0,0,0,0,0]*(-a1*s12*s16-s56*a1*s12+s234*a1*s12)
hxb[0,-1,1,0,0,0,0,0,0,0,0,0,0]*(mt2*a2-s345*a2-s56*a2+s34*a2)
hxb[0,0,0,0,0,0,0,0,0,0,0,1,0]*(-mt2*a11*s16+mt2*a11*s345+2*mt2*a11*s12-s34*mt2*a11+s234*mt2*a11)
hxb[-1,0,1,0,0,0,0,0,0,0,0,0,0]*(-s12*a2)
hxb[0,0,1,0,0,0,0,0,0,0,0,-1,0]*(s12*a2)
hxb[0,0,1,0,0,0,0,0,0,0,0,0,0]*(-s56*s12*a2-s345*s12*a2+s34*s12*a2)
hxb[-1,0,0,0,0,0,0,0,0,0,0,1,0]*(s234*a11-s34*a11-a11*s16+a11*s345)
hxb[0,0,0,0,1,0,0,0,0,0,0,0,-1]*(s34*a4-s56*a4-a4*s345+mt2*a4)
hxb[0,0,0,0,1,0,-1,0,0,0,0,0,0]*(-a4*s12)
hxb[0,0,0,0,1,0,0,-1,0,0,0,0,0]*(a4*s12)
hxb[0,0,0,0,1,0,0,0,0,0,0,0,0]*(mt2*a4*s12+s34*a4*s12-a4*s345*s12)
hxb[0,0,0,0,-1,1,0,0,0,0,0,0,0]*(s45*a5-mt2*a5+s56*a5)
hxb[0,0,0,0,0,1,0,0,0,0,0,0,-1]*(-s45*a5+mt2*a5-s56*a5)
hxb[0,0,0,0,0,1,0,0,0,0,0,0,0]*(-s45*s12*a5+mt2*s12*a5+s56*s23*a5)
hxb[0,0,0,0,0,1,-1,0,0,0,0,0,0]*(-s23*a5-s12*a5)
hxb[0,0,0,0,0,1,0,-1,0,0,0,0,0]*(s23*a5+s12*a5)
hxb[0,0,0,0,0,0,-1,1,0,0,0,0,0]*(-a7*s16-a7*s12+a7*s345)
hxb[0,0,0,0,-1,0,1,0,0,0,0,0,0]*(a6*s56)
hxb[0,0,0,0,0,0,1,0,0,0,0,0,-1]*(-a6*s56)
hxb[0,0,0,0,0,0,1,0,0,0,0,0,0]*(-s34*a6*s56+s234*a6*s56)
hxb[-1,0,0,0,0,0,0,0,0,0,1,0,0]*(-s234*a10+a10*s23+s34*a10)
hxb[0,0,0,0,0,0,1,-1,0,0,0,0,0]*(a6*s12-s34*a6+s234*a6)
hxb[0,0,0,0,-1,0,0,1,0,0,0,0,0]*(s56*a7-2*mt2*a7)
hxb[0,0,0,0,0,0,0,1,0,0,0,0,-1]*(-s56*a7+2*mt2*a7)
hxb[0,0,0,0,0,0,0,1,0,0,0,0,0]*(-s56*a7*s345+s56*a7*s16+2*mt2*a7*s12)
hxb[0,0,0,0,0,0,0,0,0,0,1,0,0]*(s34*mt2*a10+a10*s45*s12-mt2*a10*s12-s234*mt2*a10+mt2*a10*s23)
hxb[0,0,-1,0,0,0,0,0,0,0,0,1,0]*(-2*mt2*a11)
hxb[0,-1,0,0,0,0,0,0,0,0,1,0,0]*(-mt2*a10+a10*s45)
hxb[0,0,0,0,-1,0,0,0,0,0,0,0,1]*(-a12*s234+a12*s16-a12*mt2+a12*s56)
hxb[0,-1,0,0,0,0,0,0,0,0,0,1,0]*(2*mt2*a11)
hxb[0,0,0,0,0,0,-1,0,0,0,0,0,1]*(-a12*s12)
hxb[0,0,0,0,0,0,0,-1,0,0,0,0,1]*(a12*s12)
hxb[0,0,0,0,0,0,0,0,0,0,0,0,1]*(-a12*s12*s16+a12*s234*s12+a12*mt2*s12)
hxb[0,0,0,0,0,0,0,0,0,0,1,-1,0]*(s234*a10-a10*s23-s34*a10)
hxb[-1,0,0,0,0,0,0,0,0,1,0,0,0]*(-a9*s23)
hxb[0,0,0,0,0,0,0,0,0,1,0,0,0]*(a9*s345*s12-s34*a9*s12-a9*mt2*s23-a9*s45*s12)
hxb[0,0,-1,0,0,0,0,0,0,1,0,0,0]*(-a9*s345+s34*a9+a9*s45)
hxb[0,0,-1,0,0,0,0,0,0,0,1,0,0]*(mt2*a10-a10*s45)
hxb[0,0,0,0,0,0,0,0,0,1,0,-1,0]*(a9*s23)
hxb[0,-1,0,0,0,0,0,0,0,1,0,0,0]*(a9*s345-s34*a9-a9*s45)

