(2*ep^2*hxb[1, 0, 0, 1, 0, 0, 0, 1, 0, 0, 0, 0, 0])/((1 - 4*ep)*mt2) - (13*ep^3*hxb[1, 0, 0, 1, 0, 0, 0, 1, 0, 0, 0, 0, 0])/((1 - 4*ep)*mt2) + (27*ep^4*hxb[1, 0, 0, 1, 0, 0, 0, 1, 0, 0, 0, 0, 0])/((1 - 4*ep)*mt2) - (18*ep^5*hxb[1, 0, 0, 1, 0, 0, 0, 1, 0, 0, 0, 0, 0])/((1 - 4*ep)*mt2)
(2*ep*hxb[1, 0, 0, 1, 1, 0, 0, 0, 0, 0, 0, 0, 0])/s12 - (13*ep^2*hxb[1, 0, 0, 1, 1, 0, 0, 0, 0, 0, 0, 0, 0])/s12 + (27*ep^3*hxb[1, 0, 0, 1, 1, 0, 0, 0, 0, 0, 0, 0, 0])/s12 - (18*ep^4*hxb[1, 0, 0, 1, 1, 0, 0, 0, 0, 0, 0, 0, 0])/s12
ep^2*s16*hxb[0, 2, 0, 1, 0, 0, 0, 2, 0, 0, 0, 0, 0]
2*ep^2*mt2*hxb[0, 2, 0, 1, 0, 0, 0, 2, 0, 0, 0, 0, 0] + ep^2*mt2*hxb[0, 2, 0, 2, 0, 0, 0, 1, 0, 0, 0, 0, 0] - ep^2*s16*hxb[0, 2, 0, 2, 0, 0, 0, 1, 0, 0, 0, 0, 0]
ep^2*s345*hxb[0, 0, 2, 1, 0, 0, 0, 2, 0, 0, 0, 0, 0]
2*ep^2*mt2*hxb[0, 0, 2, 1, 0, 0, 0, 2, 0, 0, 0, 0, 0] + ep^2*mt2*hxb[0, 0, 2, 2, 0, 0, 0, 1, 0, 0, 0, 0, 0] - ep^2*s345*hxb[0, 0, 2, 2, 0, 0, 0, 1, 0, 0, 0, 0, 0]
(ep^2*hxb[1, 0, 1, 0, 0, 0, 0, 1, 0, 0, 0, 0, 0])/mt2 - (3*ep^3*hxb[1, 0, 1, 0, 0, 0, 0, 1, 0, 0, 0, 0, 0])/mt2 + (2*ep^4*hxb[1, 0, 1, 0, 0, 0, 0, 1, 0, 0, 0, 0, 0])/mt2
ep^3*hxb[1, 0, 0, 2, 1, 0, 0, 1, 0, 0, 0, 0, 0]*root[-4*mt2*s12 + (-mt2 - s12 + s345)^2]
ep^2*s345*hxb[1, 0, 0, 1, 1, 0, 0, 2, 0, 0, 0, 0, 0] - 2*ep^3*s345*hxb[1, 0, 0, 1, 1, 0, 0, 2, 0, 0, 0, 0, 0] + (ep^3*mt2*hxb[1, 0, 0, 2, 1, 0, 0, 1, 0, 0, 0, 0, 0])/2 - (ep^3*s12*hxb[1, 0, 0, 2, 1, 0, 0, 1, 0, 0, 0, 0, 0])/2 - (ep^3*s345*hxb[1, 0, 0, 2, 1, 0, 0, 1, 0, 0, 0, 0, 0])/2
ep^2*hxb[0, 1, 0, 1, 1, 0, 0, 0, 1, 0, 0, 0, 0] - 5*ep^3*hxb[0, 1, 0, 1, 1, 0, 0, 0, 1, 0, 0, 0, 0] + 6*ep^4*hxb[0, 1, 0, 1, 1, 0, 0, 0, 1, 0, 0, 0, 0]
-(ep^3*s16*hxb[0, 1, 0, 2, 1, 0, 0, 1, 0, 0, 0, 0, 0]) + ep^3*s345*hxb[0, 1, 0, 2, 1, 0, 0, 1, 0, 0, 0, 0, 0]
ep^3*hxb[0, 0, 1, 2, 0, 0, 0, 1, 1, 0, 0, 0, 0]*root[-4*mt2*s12 + (-mt2 - s12 + s345)^2]
ep^2*hxb[1, 0, 1, 0, 1, 0, 0, 0, 1, 0, 0, 0, 0] - 4*ep^3*hxb[1, 0, 1, 0, 1, 0, 0, 0, 1, 0, 0, 0, 0] + 4*ep^4*hxb[1, 0, 1, 0, 1, 0, 0, 0, 1, 0, 0, 0, 0]
ep^2*s345*hxb[1, 0, 1, 0, 1, 0, 0, 2, 0, 0, 0, 0, 0] - 2*ep^3*s345*hxb[1, 0, 1, 0, 1, 0, 0, 2, 0, 0, 0, 0, 0]
ep^3*hxb[1, 0, 1, 1, 0, 0, 0, 2, 0, 0, 0, 0, 0]*root[-4*mt2*s12 + (-mt2 - s12 + s345)^2]
ep^3*hxb[1, 0, 1, 2, 0, 0, 0, 1, 0, 0, 0, 0, 0]*root[-4*mt2*s12 + (-mt2 - s12 + s345)^2]
-(ep^3*mt2*hxb[1, 0, 1, 1, 0, 0, 0, 2, 0, 0, 0, 0, 0]) - ep^3*s12*hxb[1, 0, 1, 1, 0, 0, 0, 2, 0, 0, 0, 0, 0] + ep^3*s345*hxb[1, 0, 1, 1, 0, 0, 0, 2, 0, 0, 0, 0, 0] - (ep^3*mt2*hxb[1, 0, 1, 2, 0, 0, 0, 1, 0, 0, 0, 0, 0])/2 - (ep^3*s12*hxb[1, 0, 1, 2, 0, 0, 0, 1, 0, 0, 0, 0, 0])/2 + (ep^3*s345*hxb[1, 0, 1, 2, 0, 0, 0, 1, 0, 0, 0, 0, 0])/2 + ep^2*mt2*s12*hxb[2, 0, 1, 1, 0, 0, 0, 2, 0, 0, 0, 0, 0]
ep^3*hxb[0, 1, 0, 1, 1, 0, 0, 1, 1, 0, 0, 0, 0]*root[-4*mt2*s12 + (-mt2 - s12 + s345)^2] - 2*ep^4*hxb[0, 1, 0, 1, 1, 0, 0, 1, 1, 0, 0, 0, 0]*root[-4*mt2*s12 + (-mt2 - s12 + s345)^2]
-(ep^3*mt2*s12*hxb[0, 1, 0, 2, 1, 0, 0, 1, 1, 0, 0, 0, 0]) + ep^3*s12*s16*hxb[0, 1, 0, 2, 1, 0, 0, 1, 1, 0, 0, 0, 0]
-(ep^4*mt2*hxb[1, 1, 0, 1, 1, 0, 0, 1, 0, 0, 0, 0, 0]) + ep^4*s12*hxb[1, 1, 0, 1, 1, 0, 0, 1, 0, 0, 0, 0, 0] + ep^4*s16*hxb[1, 1, 0, 1, 1, 0, 0, 1, 0, 0, 0, 0, 0]
-(ep^3*mt2*s12*hxb[1, 1, 0, 2, 1, 0, 0, 1, 0, 0, 0, 0, 0]) + ep^3*s12*s16*hxb[1, 1, 0, 2, 1, 0, 0, 1, 0, 0, 0, 0, 0]
ep^3*hxb[1, 0, 1, 0, 1, 0, 0, 1, 1, 0, 0, 0, 0]*root[-4*mt2*s12 + (-mt2 - s12 + s345)^2] - 2*ep^4*hxb[1, 0, 1, 0, 1, 0, 0, 1, 1, 0, 0, 0, 0]*root[-4*mt2*s12 + (-mt2 - s12 + s345)^2]
ep^4*hxb[1, 0, 1, 1, 1, 0, 0, 1, 0, 0, 0, 0, 0]*root[-4*mt2*s12 + (-mt2 - s12 + s345)^2]
ep^4*s12*hxb[0, 1, 1, 1, 0, 0, 0, 1, 1, 0, 0, 0, 0] + ep^4*s16*hxb[0, 1, 1, 1, 0, 0, 0, 1, 1, 0, 0, 0, 0] - ep^4*s345*hxb[0, 1, 1, 1, 0, 0, 0, 1, 1, 0, 0, 0, 0]
-(ep^3*mt2*s12*hxb[0, 1, 1, 2, 0, 0, 0, 1, 1, 0, 0, 0, 0]) + ep^3*s12*s16*hxb[0, 1, 1, 2, 0, 0, 0, 1, 1, 0, 0, 0, 0]
ep^3*s12*s16*hxb[1, 1, 1, 1, 0, 0, 0, 2, 0, 0, 0, 0, 0]
-(ep^3*mt2*s12*hxb[1, 1, 1, 1, 0, 0, 0, 2, 0, 0, 0, 0, 0]) - ep^3*mt2*s12*hxb[1, 1, 1, 2, 0, 0, 0, 1, 0, 0, 0, 0, 0] + ep^3*s12*s16*hxb[1, 1, 1, 2, 0, 0, 0, 1, 0, 0, 0, 0, 0]
-(ep^4*s12*s16*hxb[1, 1, 1, 1, 1, 0, 0, 1, 0, 0, 0, 0, 0]) + ep^4*s12*s345*hxb[1, 1, 1, 1, 1, 0, 0, 1, 0, 0, 0, 0, 0]
-(ep^4*mt2*s12^2*hxb[1, 1, 1, 1, 1, 0, 0, 1, 1, 0, 0, 0, 0]) + ep^4*s12^2*s16*hxb[1, 1, 1, 1, 1, 0, 0, 1, 1, 0, 0, 0, 0]
ep^4*s12*hxb[1, 1, 1, 1, 1, 0, 0, 1, 1, 0, 0, 0, -1]*root[-4*mt2*s12 + (-mt2 - s12 + s345)^2]
-(ep^3*mt2*s12*hxb[0, 1, 0, 2, 1, 0, 0, 1, 1, 0, 0, 0, 0]) + ep^3*s12*s345*hxb[0, 1, 0, 2, 1, 0, 0, 1, 1, 0, 0, 0, 0] - 3*ep^4*s12^2*hxb[0, 1, 1, 1, 1, 0, 0, 1, 1, 0, 0, 0, 0] + (ep^3*mt2*s12*hxb[0, 1, 1, 2, 0, 0, 0, 1, 1, 0, 0, 0, 0])/2 - (ep^3*s12*s345*hxb[0, 1, 1, 2, 0, 0, 0, 1, 1, 0, 0, 0, 0])/2 + ep^4*s12^2*hxb[1, 1, 0, 1, 1, 0, 0, 1, 1, 0, 0, 0, 0] + ep^4*s12^2*hxb[1, 1, 1, 1, 1, 0, 0, 1, 1, -1, 0, 0, 0] + ep^4*s12^2*hxb[1, 1, 1, 1, 1, 0, 0, 1, 1, 0, -1, 0, 0] + ep^4*s12^2*hxb[1, 1, 1, 1, 1, 0, 0, 1, 1, 0, 0, -1, 0] - ep^4*mt2*s12^2*hxb[1, 1, 1, 1, 1, 0, 0, 1, 1, 0, 0, 0, 0] - ep^4*s12^3*hxb[1, 1, 1, 1, 1, 0, 0, 1, 1, 0, 0, 0, 0]