prime 2147483647
d mTsq s12 s16 s345
1884278736 199026821 172156904 1982543560 2002902599
1338997596 199026821 172156904 1982543560 2002902599
693914755 199026821 172156904 1982543560 2002902599
1347953095 199026821 172156904 1982543560 2002902599
1564791464 199026821 172156904 1982543560 2002902599
23684380 199026821 172156904 1982543560 2002902599
1726672713 199026821 172156904 1982543560 2002902599
1598464048 199026821 172156904 1982543560 2002902599
903972924 199026821 172156904 1982543560 2002902599
258523644 199026821 172156904 1982543560 2002902599
