DB[0,1,0,0,1,0,1,0,0]  #  82
DB[1,0,1,0,1,0,1,0,0]  #  85
DB[0,1,1,0,1,0,1,0,0]  #  86
DB[1,1,1,0,1,0,1,0,0]  #  87
DB[0,1,0,1,1,0,0,0,0]  #  26
DB[0,0,1,1,1,0,0,0,0]  #  28
DB[0,1,1,1,1,0,0,0,0]  #  30
DB[-1,1,1,1,1,0,0,0,0] #  30
DB[0,1,0,1,0,0,1,0,0]  #  74
DB[-1,1,0,1,0,0,1,0,0] #  74
DB[1,1,0,1,0,0,1,0,0]  #  75
DB[0,1,0,1,1,0,1,0,0]  #  90
DB[-1,1,0,1,1,0,1,0,0] #  90
DB[0,1,-1,1,1,0,1,0,0] #  90
DB[0,1,1,1,1,0,1,0,0]  #  94
DB[0,1,0,1,0,1,0,0,0]  #  42
DB[-1,1,0,1,0,1,0,0,0] #  42
DB[1,0,1,1,0,1,0,0,0]  #  45
DB[0,1,1,1,0,1,0,0,0]  #  46
DB[1,1,1,1,0,1,0,0,0]  #  47
DB[1,1,1,1,-1,1,0,0,0] #  47
DB[0,1,1,1,1,1,0,0,0]  #  62
DB[-1,1,1,1,1,1,0,0,0] #  62
DB[1,1,0,1,0,1,1,0,0]  # 107
DB[1,1,0,1,-1,1,1,0,0] # 107
DB[0,1,0,1,1,1,1,0,0]  # 122
DB[-1,1,0,1,1,1,1,0,0] # 122
DB[0,1,1,1,1,1,1,0,0]  # 126
DB[1,1,1,1,1,1,1,0,0]  # 127
DB[1,1,1,1,1,1,1,-1,0] # 127
DB[1,1,1,1,1,1,1,0,-1] # 127
