(2*ep^2*DB[0, 1, 0, 1, 1, 0, 0, 0, 0])/((1 - 4*ep)*mTsq) - (13*ep^3*DB[0, 1, 0, 1, 1, 0, 0, 0, 0])/((1 - 4*ep)*mTsq) + (27*ep^4*DB[0, 1, 0, 1, 1, 0, 0, 0, 0])/((1 - 4*ep)*mTsq) - (18*ep^5*DB[0, 1, 0, 1, 1, 0, 0, 0, 0])/((1 - 4*ep)*mTsq)
(2*ep*DB[0, 0, 1, 1, 1, 0, 0, 0, 0])/s45 - (13*ep^2*DB[0, 0, 1, 1, 1, 0, 0, 0, 0])/s45 + (27*ep^3*DB[0, 0, 1, 1, 1, 0, 0, 0, 0])/s45 - (18*ep^4*DB[0, 0, 1, 1, 1, 0, 0, 0, 0])/s45
ep^2*s15*DB[0, 2, 0, 1, 0, 2, 0, 0, 0]
ep^2*mTsq*DB[0, 1, 0, 2, 0, 2, 0, 0, 0] - ep^2*s15*DB[0, 1, 0, 2, 0, 2, 0, 0, 0] + 2*ep^2*mTsq*DB[0, 2, 0, 1, 0, 2, 0, 0, 0]
ep^2*s23*DB[0, 2, 0, 1, 0, 0, 2, 0, 0]
ep^2*mTsq*DB[0, 1, 0, 2, 0, 0, 2, 0, 0] - ep^2*s23*DB[0, 1, 0, 2, 0, 0, 2, 0, 0] + 2*ep^2*mTsq*DB[0, 2, 0, 1, 0, 0, 2, 0, 0]
(ep^2*DB[0, 1, 0, 0, 1, 0, 1, 0, 0])/mTsq - (3*ep^3*DB[0, 1, 0, 0, 1, 0, 1, 0, 0])/mTsq + (2*ep^4*DB[0, 1, 0, 0, 1, 0, 1, 0, 0])/mTsq
ep^3*DB[0, 1, 1, 2, 1, 0, 0, 0, 0]*root[(-mTsq + s23 - s45)^2 - 4*mTsq*s45]
(ep^3*mTsq*DB[0, 1, 1, 2, 1, 0, 0, 0, 0])/2 - (ep^3*s23*DB[0, 1, 1, 2, 1, 0, 0, 0, 0])/2 - (ep^3*s45*DB[0, 1, 1, 2, 1, 0, 0, 0, 0])/2 + ep^2*s23*DB[0, 2, 1, 1, 1, 0, 0, 0, 0] - 2*ep^3*s23*DB[0, 2, 1, 1, 1, 0, 0, 0, 0]
ep^2*DB[1, 0, 1, 1, 0, 1, 0, 0, 0] - 5*ep^3*DB[1, 0, 1, 1, 0, 1, 0, 0, 0] + 6*ep^4*DB[1, 0, 1, 1, 0, 1, 0, 0, 0]
-(ep^3*s15*DB[0, 1, 1, 2, 0, 1, 0, 0, 0]) + ep^3*s23*DB[0, 1, 1, 2, 0, 1, 0, 0, 0]
ep^3*DB[1, 1, 0, 2, 0, 0, 1, 0, 0]*root[(-mTsq + s23 - s45)^2 - 4*mTsq*s45]
ep^2*DB[1, 0, 1, 0, 1, 0, 1, 0, 0] - 4*ep^3*DB[1, 0, 1, 0, 1, 0, 1, 0, 0] + 4*ep^4*DB[1, 0, 1, 0, 1, 0, 1, 0, 0]
ep^2*s23*DB[0, 2, 1, 0, 1, 0, 1, 0, 0] - 2*ep^3*s23*DB[0, 2, 1, 0, 1, 0, 1, 0, 0]
ep^3*DB[0, 2, 0, 1, 1, 0, 1, 0, 0]*root[(-mTsq + s23 - s45)^2 - 4*mTsq*s45]
ep^3*DB[0, 1, 0, 2, 1, 0, 1, 0, 0]*root[(-mTsq + s23 - s45)^2 - 4*mTsq*s45]
-1/2*(ep^3*mTsq*DB[0, 1, 0, 2, 1, 0, 1, 0, 0]) + (ep^3*s23*DB[0, 1, 0, 2, 1, 0, 1, 0, 0])/2 - (ep^3*s45*DB[0, 1, 0, 2, 1, 0, 1, 0, 0])/2 - ep^3*mTsq*DB[0, 2, 0, 1, 1, 0, 1, 0, 0] + ep^3*s23*DB[0, 2, 0, 1, 1, 0, 1, 0, 0] - ep^3*s45*DB[0, 2, 0, 1, 1, 0, 1, 0, 0] + ep^2*mTsq*s45*DB[0, 2, 0, 1, 2, 0, 1, 0, 0]
ep^3*DB[1, 1, 1, 1, 0, 1, 0, 0, 0]*root[(-mTsq + s23 - s45)^2 - 4*mTsq*s45] - 2*ep^4*DB[1, 1, 1, 1, 0, 1, 0, 0, 0]*root[(-mTsq + s23 - s45)^2 - 4*mTsq*s45]
-(ep^3*mTsq*s45*DB[1, 1, 1, 2, 0, 1, 0, 0, 0]) + ep^3*s15*s45*DB[1, 1, 1, 2, 0, 1, 0, 0, 0]
-(ep^4*mTsq*DB[0, 1, 1, 1, 1, 1, 0, 0, 0]) + ep^4*s15*DB[0, 1, 1, 1, 1, 1, 0, 0, 0] + ep^4*s45*DB[0, 1, 1, 1, 1, 1, 0, 0, 0]
-(ep^3*mTsq*s45*DB[0, 1, 1, 2, 1, 1, 0, 0, 0]) + ep^3*s15*s45*DB[0, 1, 1, 2, 1, 1, 0, 0, 0]
ep^3*DB[1, 1, 1, 0, 1, 0, 1, 0, 0]*root[(-mTsq + s23 - s45)^2 - 4*mTsq*s45] - 2*ep^4*DB[1, 1, 1, 0, 1, 0, 1, 0, 0]*root[(-mTsq + s23 - s45)^2 - 4*mTsq*s45]
ep^4*DB[0, 1, 1, 1, 1, 0, 1, 0, 0]*root[(-mTsq + s23 - s45)^2 - 4*mTsq*s45]
ep^4*s15*DB[1, 1, 0, 1, 0, 1, 1, 0, 0] - ep^4*s23*DB[1, 1, 0, 1, 0, 1, 1, 0, 0] + ep^4*s45*DB[1, 1, 0, 1, 0, 1, 1, 0, 0]
-(ep^3*mTsq*s45*DB[1, 1, 0, 2, 0, 1, 1, 0, 0]) + ep^3*s15*s45*DB[1, 1, 0, 2, 0, 1, 1, 0, 0]
ep^3*s15*s45*DB[0, 2, 0, 1, 1, 1, 1, 0, 0]
-(ep^3*mTsq*s45*DB[0, 1, 0, 2, 1, 1, 1, 0, 0]) + ep^3*s15*s45*DB[0, 1, 0, 2, 1, 1, 1, 0, 0] - ep^3*mTsq*s45*DB[0, 2, 0, 1, 1, 1, 1, 0, 0]
-(ep^4*s15*s45*DB[0, 1, 1, 1, 1, 1, 1, 0, 0]) + ep^4*s23*s45*DB[0, 1, 1, 1, 1, 1, 1, 0, 0]
-(ep^4*mTsq*s45^2*DB[1, 1, 1, 1, 1, 1, 1, 0, 0]) + ep^4*s15*s45^2*DB[1, 1, 1, 1, 1, 1, 1, 0, 0]
-(ep^4*s45*DB[0, 1, 1, 1, 1, 1, 1, 0, 0]*root[(-mTsq + s23 - s45)^2 - 4*mTsq*s45]) + ep^4*s45*DB[1, 1, 0, 1, 1, 1, 1, 0, 0]*root[(-mTsq + s23 - s45)^2 - 4*mTsq*s45] + ep^4*s45*DB[1, 1, 1, 1, 1, 1, 1, -1, 0]*root[(-mTsq + s23 - s45)^2 - 4*mTsq*s45] - ep^4*s45^2*DB[1, 1, 1, 1, 1, 1, 1, 0, 0]*root[(-mTsq + s23 - s45)^2 - 4*mTsq*s45]
(ep^3*mTsq*s45*DB[1, 1, 0, 2, 0, 1, 1, 0, 0])/2 - (ep^3*s23*s45*DB[1, 1, 0, 2, 0, 1, 1, 0, 0])/2 + ep^4*s45^2*DB[1, 1, 1, 1, 1, 1, 1, 0, -1] - ep^4*mTsq*s45^2*DB[1, 1, 1, 1, 1, 1, 1, 0, 0] - ep^3*mTsq*s45*DB[1, 1, 1, 2, 0, 1, 0, 0, 0] + ep^3*s23*s45*DB[1, 1, 1, 2, 0, 1, 0, 0, 0]