hxb[1,0,1,0,1,0,0,0,1,0,0,0,0]   # 277
hxb[1,0,1,0,0,1,0,0,1,0,0,0,0]   # 293
hxb[1,0,1,0,0,0,1,0,1,0,0,0,0]   # 325
hxb[1,0,1,0,1,0,1,0,0,0,0,0,0]   #  85
hxb[1,0,1,0,1,0,1,0,1,0,0,0,0]   # 341
hxb[1,0,1,0,1,1,1,0,1,0,0,0,0]   # 373
hxb[1,0,1,0,0,0,0,1,0,0,0,0,0]   # 133
hxb[1,0,1,0,1,0,0,1,0,0,0,0,0]   # 149
hxb[1,0,1,0,1,0,0,1,1,0,0,0,0]   # 405
hxb[1,0,1,0,0,1,0,1,0,0,0,0,0]   # 165
hxb[1,0,1,0,0,1,0,1,1,0,0,0,0]   # 421
hxb[1,0,1,0,1,1,0,1,1,0,0,0,0]   # 437
hxb[1,0,1,0,0,0,1,1,1,0,0,0,0]   # 453
hxb[1,0,1,0,1,0,1,1,0,0,0,0,0]   # 213
hxb[1,0,1,0,1,0,1,1,1,0,0,0,0]   # 469
hxb[1,0,1,0,0,1,1,1,1,0,0,0,0]   # 485
hxb[1,0,1,0,1,1,1,1,0,0,0,0,0]   # 245
hxb[1,0,1,0,1,1,1,1,1,0,0,0,0]   # 501
hxb[0,0,1,1,0,0,0,0,1,0,0,0,0]   # 268
hxb[0,1,0,1,1,0,0,0,1,0,0,0,0]   # 282
hxb[1,0,0,1,0,1,0,0,0,0,0,0,0]   #  41
hxb[0,1,0,1,0,1,0,0,0,0,0,0,0]   #  42
hxb[0,1,0,1,0,1,0,0,1,0,0,0,0]   # 298
hxb[1,0,1,1,0,1,0,0,0,0,0,0,0]   #  45
hxb[0,0,1,1,0,1,0,0,1,0,0,0,0]   # 300
hxb[1,0,1,1,0,1,0,0,1,0,0,0,0]   # 301
hxb[1,1,1,1,0,1,0,0,0,0,0,0,0]   #  47
hxb[0,1,1,1,0,1,0,0,1,0,0,0,0]   # 302
hxb[-1,1,1,1,0,1,0,0,1,0,0,0,0]  # 302
hxb[1,1,1,1,0,1,0,0,1,0,0,0,0]   # 303
hxb[1,1,0,1,1,1,0,0,0,0,0,0,0]   #  59
hxb[0,1,0,1,1,1,0,0,1,0,0,0,0]   # 314
hxb[1,1,1,1,1,1,0,0,1,0,0,0,0]   # 319
hxb[1,1,1,1,1,1,-1,0,1,0,0,0,0]  # 319
hxb[1,0,0,1,0,0,1,0,0,0,0,0,0]   #  73
hxb[0,1,0,1,0,0,1,0,0,0,0,0,0]   #  74
hxb[0,1,0,1,0,0,1,0,1,0,0,0,0]   # 330
hxb[0,0,1,1,0,0,1,0,0,0,0,0,0]   #  76
hxb[1,0,1,1,0,0,1,0,0,0,0,0,0]   #  77
hxb[1,0,1,1,0,0,1,0,-1,0,0,0,0]  #  77
hxb[0,0,1,1,0,0,1,0,1,0,0,0,0]   # 332
hxb[-1,0,1,1,0,0,1,0,1,0,0,0,0]  # 332
hxb[1,0,1,1,0,0,1,0,1,0,0,0,0]   # 333
hxb[1,1,1,1,0,0,1,0,0,0,0,0,0]   #  79
hxb[0,1,1,1,0,0,1,0,1,0,0,0,0]   # 334
hxb[-1,1,1,1,0,0,1,0,1,0,0,0,0]  # 334
hxb[1,1,1,1,0,0,1,0,1,0,0,0,0]   # 335
hxb[1,0,0,1,1,0,1,0,0,0,0,0,0]   #  89
hxb[1,0,0,1,1,0,1,0,-1,0,0,0,0]  #  89
hxb[0,1,0,1,1,0,1,0,0,0,0,0,0]   #  90
hxb[1,1,0,1,1,0,1,0,0,0,0,0,0]   #  91
hxb[1,1,0,1,1,0,1,0,-1,0,0,0,0]  #  91
hxb[0,1,0,1,1,0,1,0,1,0,0,0,0]   # 346
hxb[-1,1,0,1,1,0,1,0,1,0,0,0,0]  # 346
hxb[1,0,1,1,1,0,1,0,0,0,0,0,0]   #  93
hxb[1,1,1,1,1,0,1,0,0,0,0,0,0]   #  95
hxb[1,1,1,1,1,0,1,0,1,0,0,0,0]   # 351
hxb[1,1,1,1,1,-1,1,0,1,0,0,0,0]  # 351
hxb[1,1,1,1,1,0,1,0,1,-1,0,0,0]  # 351
hxb[1,1,0,1,0,1,1,0,0,0,0,0,0]   # 107
hxb[0,1,0,1,0,1,1,0,1,0,0,0,0]   # 362
hxb[1,0,1,1,0,1,1,0,0,0,0,0,0]   # 109
hxb[1,0,1,1,0,1,1,0,-1,0,0,0,0]  # 109
hxb[0,0,1,1,0,1,1,0,1,0,0,0,0]   # 364
hxb[1,0,1,1,0,1,1,0,1,0,0,0,0]   # 365
hxb[0,1,1,1,0,1,1,0,0,0,0,0,0]   # 110
hxb[1,1,1,1,0,1,1,0,0,0,0,0,0]   # 111
hxb[1,1,1,1,0,1,1,0,-1,0,0,0,0]  # 111
hxb[0,1,1,1,0,1,1,0,1,0,0,0,0]   # 366
hxb[-1,1,1,1,0,1,1,0,1,0,0,0,0]  # 366
hxb[1,1,1,1,0,1,1,0,1,0,0,0,0]   # 367
hxb[1,1,1,1,-1,1,1,0,1,0,0,0,0]  # 367
hxb[1,1,1,1,0,1,1,-1,1,0,0,0,0]  # 367
hxb[1,0,0,1,1,1,1,0,0,0,0,0,0]   # 121
hxb[0,1,0,1,1,1,1,0,0,0,0,0,0]   # 122
hxb[1,1,0,1,1,1,1,0,0,0,0,0,0]   # 123
hxb[1,1,0,1,1,1,1,0,-1,0,0,0,0]  # 123
hxb[0,1,0,1,1,1,1,0,1,0,0,0,0]   # 378
hxb[-1,1,0,1,1,1,1,0,1,0,0,0,0]  # 378
hxb[1,0,1,1,1,1,1,0,0,0,0,0,0]   # 125
hxb[1,1,1,1,1,1,1,0,0,0,0,0,0]   # 127
hxb[1,1,1,1,1,1,1,0,-1,0,0,0,0]  # 127
hxb[1,1,1,1,1,1,1,-1,0,0,0,0,0]  # 127
hxb[1,1,1,1,1,1,1,0,1,0,0,0,0]   # 383
hxb[1,1,1,1,1,1,1,-1,1,0,0,0,0]  # 383
hxb[1,1,1,1,1,1,1,0,1,-1,0,0,0]  # 383
hxb[1,0,0,1,0,0,0,1,0,0,0,0,0]   # 137
hxb[0,1,0,1,0,0,0,1,0,0,0,0,0]   # 138
hxb[-1,1,0,1,0,0,0,1,0,0,0,0,0]  # 138
hxb[0,0,1,1,0,0,0,1,0,0,0,0,0]   # 140
hxb[-1,0,1,1,0,0,0,1,0,0,0,0,0]  # 140
hxb[1,0,1,1,0,0,0,1,0,0,0,0,0]   # 141
hxb[1,0,1,1,0,0,0,1,-1,0,0,0,0]  # 141
hxb[1,-1,1,1,0,0,0,1,0,0,0,0,0]  # 141
hxb[0,0,1,1,0,0,0,1,1,0,0,0,0]   # 396
hxb[1,1,1,1,0,0,0,1,0,0,0,0,0]   # 143
hxb[1,1,1,1,0,0,0,1,-1,0,0,0,0]  # 143
hxb[0,1,1,1,0,0,0,1,1,0,0,0,0]   # 398
hxb[-1,1,1,1,0,0,0,1,1,0,0,0,0]  # 398
hxb[1,0,0,1,1,0,0,1,0,0,0,0,0]   # 153
hxb[1,0,0,1,1,0,0,1,-1,0,0,0,0]  # 153
hxb[0,1,0,1,1,0,0,1,0,0,0,0,0]   # 154
hxb[1,1,0,1,1,0,0,1,0,0,0,0,0]   # 155
hxb[1,1,0,1,1,0,0,1,-1,0,0,0,0]  # 155
hxb[0,1,0,1,1,0,0,1,1,0,0,0,0]   # 410
hxb[-1,1,0,1,1,0,0,1,1,0,0,0,0]  # 410
hxb[1,0,1,1,1,0,0,1,0,0,0,0,0]   # 157
hxb[1,1,1,1,1,0,0,1,0,0,0,0,0]   # 159
hxb[1,1,1,1,1,0,0,1,1,0,0,0,0]   # 415
hxb[1,1,1,1,1,-1,0,1,1,0,0,0,0]  # 415
hxb[1,1,1,1,1,0,0,1,1,-1,0,0,0]  # 415
hxb[1,0,0,1,0,1,0,1,0,0,0,0,0]   # 169
hxb[1,0,0,1,0,1,0,1,-1,0,0,0,0]  # 169
hxb[0,1,0,1,0,1,0,1,0,0,0,0,0]   # 170
hxb[-1,1,0,1,0,1,0,1,0,0,0,0,0]  # 170
hxb[1,1,0,1,0,1,0,1,0,0,0,0,0]   # 171
hxb[1,1,0,1,0,1,0,1,-1,0,0,0,0]  # 171
hxb[0,1,0,1,0,1,0,1,1,0,0,0,0]   # 426
hxb[-1,1,0,1,0,1,0,1,1,0,0,0,0]  # 426
hxb[0,0,1,1,0,1,0,1,0,0,0,0,0]   # 172
hxb[1,0,1,1,0,1,0,1,0,0,0,0,0]   # 173
hxb[1,0,1,1,0,1,0,1,-1,0,0,0,0]  # 173
hxb[1,-1,1,1,0,1,0,1,0,0,0,0,0]  # 173
hxb[1,0,1,1,-1,1,0,1,0,0,0,0,0]  # 173
hxb[1,0,1,1,0,1,0,1,0,-1,0,0,0]  # 173
hxb[1,0,1,1,0,1,0,1,-2,0,0,0,0]  # 173
hxb[0,0,1,1,0,1,0,1,1,0,0,0,0]   # 428
hxb[-1,0,1,1,0,1,0,1,1,0,0,0,0]  # 428
hxb[1,0,1,1,0,1,0,1,1,0,0,0,0]   # 429
hxb[0,1,1,1,0,1,0,1,0,0,0,0,0]   # 174
hxb[-1,1,1,1,0,1,0,1,0,0,0,0,0]  # 174
hxb[1,1,1,1,0,1,0,1,0,0,0,0,0]   # 175
hxb[1,1,1,1,0,1,0,1,-1,0,0,0,0]  # 175
hxb[1,1,1,1,-1,1,0,1,0,0,0,0,0]  # 175
hxb[1,1,1,1,0,1,-1,1,0,0,0,0,0]  # 175
hxb[1,1,1,1,0,1,0,1,0,-1,0,0,0]  # 175
hxb[1,1,1,1,0,1,0,1,0,0,-1,0,0]  # 175
hxb[0,1,1,1,0,1,0,1,1,0,0,0,0]   # 430
hxb[-1,1,1,1,0,1,0,1,1,0,0,0,0]  # 430
hxb[1,1,1,1,0,1,0,1,1,0,0,0,0]   # 431
hxb[1,1,1,1,-1,1,0,1,1,0,0,0,0]  # 431
hxb[1,1,1,1,0,1,-1,1,1,0,0,0,0]  # 431
hxb[1,1,1,1,0,1,0,1,1,-1,0,0,0]  # 431
hxb[1,0,0,1,1,1,0,1,0,0,0,0,0]   # 185
hxb[0,1,0,1,1,1,0,1,0,0,0,0,0]   # 186
hxb[1,1,0,1,1,1,0,1,0,0,0,0,0]   # 187
hxb[1,1,0,1,1,1,0,1,-1,0,0,0,0]  # 187
hxb[0,1,0,1,1,1,0,1,1,0,0,0,0]   # 442
hxb[-1,1,0,1,1,1,0,1,1,0,0,0,0]  # 442
hxb[1,0,1,1,1,1,0,1,0,0,0,0,0]   # 189
hxb[1,1,1,1,1,1,0,1,0,0,0,0,0]   # 191
hxb[1,1,1,1,1,1,0,1,-1,0,0,0,0]  # 191
hxb[1,1,1,1,1,1,-1,1,0,0,0,0,0]  # 191
hxb[1,1,1,1,1,1,0,1,1,0,0,0,0]   # 447
hxb[1,1,1,1,1,1,-1,1,1,0,0,0,0]  # 447
hxb[1,1,1,1,1,1,0,1,1,-1,0,0,0]  # 447
hxb[1,0,0,1,0,0,1,1,0,0,0,0,0]   # 201
hxb[0,1,0,1,0,0,1,1,0,0,0,0,0]   # 202
hxb[1,1,0,1,0,0,1,1,0,0,0,0,0]   # 203
hxb[1,1,0,1,0,0,1,1,-1,0,0,0,0]  # 203
hxb[0,1,0,1,0,0,1,1,1,0,0,0,0]   # 458
hxb[-1,1,0,1,0,0,1,1,1,0,0,0,0]  # 458
hxb[0,0,1,1,0,0,1,1,0,0,0,0,0]   # 204
hxb[1,0,1,1,0,0,1,1,0,0,0,0,0]   # 205
hxb[1,0,1,1,0,0,1,1,-1,0,0,0,0]  # 205
hxb[1,-1,1,1,0,0,1,1,0,0,0,0,0]  # 205
hxb[1,0,1,1,-1,0,1,1,0,0,0,0,0]  # 205
hxb[1,0,1,1,0,0,1,1,0,-1,0,0,0]  # 205
hxb[1,0,1,1,0,0,1,1,-2,0,0,0,0]  # 205
hxb[0,0,1,1,0,0,1,1,1,0,0,0,0]   # 460
hxb[-1,0,1,1,0,0,1,1,1,0,0,0,0]  # 460
hxb[1,0,1,1,0,0,1,1,1,0,0,0,0]   # 461
hxb[0,1,1,1,0,0,1,1,0,0,0,0,0]   # 206
hxb[-1,1,1,1,0,0,1,1,0,0,0,0,0]  # 206
hxb[1,1,1,1,0,0,1,1,0,0,0,0,0]   # 207
hxb[1,1,1,1,0,0,1,1,-1,0,0,0,0]  # 207
hxb[1,1,1,1,-1,0,1,1,0,0,0,0,0]  # 207
hxb[1,1,1,1,0,-1,1,1,0,0,0,0,0]  # 207
hxb[1,1,1,1,0,0,1,1,0,-1,0,0,0]  # 207
hxb[0,1,1,1,0,0,1,1,1,0,0,0,0]   # 462
hxb[-1,1,1,1,0,0,1,1,1,0,0,0,0]  # 462
hxb[1,1,1,1,0,0,1,1,1,0,0,0,0]   # 463
hxb[1,1,1,1,-1,0,1,1,1,0,0,0,0]  # 463
hxb[1,1,1,1,0,-1,1,1,1,0,0,0,0]  # 463
hxb[1,1,1,1,0,0,1,1,1,-1,0,0,0]  # 463
hxb[1,0,0,1,1,0,1,1,0,0,0,0,0]   # 217
hxb[1,0,0,1,1,0,1,1,-1,0,0,0,0]  # 217
hxb[0,1,0,1,1,0,1,1,0,0,0,0,0]   # 218
hxb[-1,1,0,1,1,0,1,1,0,0,0,0,0]  # 218
hxb[1,1,0,1,1,0,1,1,0,0,0,0,0]   # 219
hxb[1,1,0,1,1,0,1,1,-1,0,0,0,0]  # 219
hxb[0,1,0,1,1,0,1,1,1,0,0,0,0]   # 474
hxb[-1,1,0,1,1,0,1,1,1,0,0,0,0]  # 474
hxb[1,0,1,1,1,0,1,1,0,0,0,0,0]   # 221
hxb[1,1,1,1,1,0,1,1,0,0,0,0,0]   # 223
hxb[1,1,1,1,1,0,1,1,-1,0,0,0,0]  # 223
hxb[1,1,1,1,1,-1,1,1,0,0,0,0,0]  # 223
hxb[1,1,1,1,1,0,1,1,0,-1,0,0,0]  # 223
hxb[1,1,1,1,1,0,1,1,1,0,0,0,0]   # 479
hxb[1,1,1,1,1,-1,1,1,1,0,0,0,0]  # 479
hxb[1,1,1,1,1,0,1,1,1,-1,0,0,0]  # 479
hxb[1,0,0,1,0,1,1,1,0,0,0,0,0]   # 233
hxb[0,1,0,1,0,1,1,1,0,0,0,0,0]   # 234
hxb[1,1,0,1,0,1,1,1,0,0,0,0,0]   # 235
hxb[1,1,0,1,0,1,1,1,-1,0,0,0,0]  # 235
hxb[0,1,0,1,0,1,1,1,1,0,0,0,0]   # 490
hxb[-1,1,0,1,0,1,1,1,1,0,0,0,0]  # 490
hxb[0,0,1,1,0,1,1,1,0,0,0,0,0]   # 236
hxb[1,0,1,1,0,1,1,1,0,0,0,0,0]   # 237
hxb[1,0,1,1,0,1,1,1,-1,0,0,0,0]  # 237
hxb[1,-1,1,1,0,1,1,1,0,0,0,0,0]  # 237
hxb[1,0,1,1,-1,1,1,1,0,0,0,0,0]  # 237
hxb[1,0,1,1,0,1,1,1,0,-1,0,0,0]  # 237
hxb[1,0,1,1,0,1,1,1,0,0,-1,0,0]  # 237
hxb[0,0,1,1,0,1,1,1,1,0,0,0,0]   # 492
hxb[-1,0,1,1,0,1,1,1,1,0,0,0,0]  # 492
hxb[1,0,1,1,0,1,1,1,1,0,0,0,0]   # 493
hxb[0,1,1,1,0,1,1,1,0,0,0,0,0]   # 238
hxb[-1,1,1,1,0,1,1,1,0,0,0,0,0]  # 238
hxb[1,1,1,1,0,1,1,1,0,0,0,0,0]   # 239
hxb[1,1,1,1,0,1,1,1,-1,0,0,0,0]  # 239
hxb[1,1,1,1,-1,1,1,1,0,0,0,0,0]  # 239
hxb[1,1,1,1,0,1,1,1,0,-1,0,0,0]  # 239
hxb[1,1,1,1,0,1,1,1,0,0,-1,0,0]  # 239
hxb[1,1,1,1,0,1,1,1,0,0,0,-1,0]  # 239
hxb[1,1,1,1,0,1,1,1,-2,0,0,0,0]  # 239
hxb[1,1,1,1,-1,1,1,1,-1,0,0,0,0] # 239
hxb[1,1,1,1,0,1,1,1,-1,-1,0,0,0] # 239
hxb[0,1,1,1,0,1,1,1,1,0,0,0,0]   # 494
hxb[-1,1,1,1,0,1,1,1,1,0,0,0,0]  # 494
hxb[1,1,1,1,0,1,1,1,1,0,0,0,0]   # 495
hxb[1,1,1,1,-1,1,1,1,1,0,0,0,0]  # 495
hxb[1,1,1,1,0,1,1,1,1,-1,0,0,0]  # 495
hxb[1,1,1,1,0,1,1,1,1,0,-1,0,0]  # 495
hxb[1,0,0,1,1,1,1,1,0,0,0,0,0]   # 249
hxb[1,0,0,1,1,1,1,1,-1,0,0,0,0]  # 249
hxb[0,1,0,1,1,1,1,1,0,0,0,0,0]   # 250
hxb[-1,1,0,1,1,1,1,1,0,0,0,0,0]  # 250
hxb[1,1,0,1,1,1,1,1,0,0,0,0,0]   # 251
hxb[1,1,0,1,1,1,1,1,-1,0,0,0,0]  # 251
hxb[0,1,0,1,1,1,1,1,1,0,0,0,0]   # 506
hxb[-1,1,0,1,1,1,1,1,1,0,0,0,0]  # 506
hxb[1,0,1,1,1,1,1,1,0,0,0,0,0]   # 253
hxb[1,1,1,1,1,1,1,1,0,0,0,0,0]   # 255
hxb[1,1,1,1,1,1,1,1,-1,0,0,0,0]  # 255
hxb[1,1,1,1,1,1,1,1,0,-1,0,0,0]  # 255
hxb[1,1,1,1,1,1,1,1,0,0,-1,0,0]  # 255
hxb[1,1,1,1,1,1,1,1,1,0,0,0,0]   # 511
hxb[1,1,1,1,1,1,1,1,1,-1,0,0,0]  # 511
hxb[1,1,1,1,1,1,1,1,1,0,0,0,-1]  # 511
