494 13491976348480256801 1 7
3 7 1 2 8 6 5 

431 9557529551455143785 1 7
3 8 5 7 1 2 0 

491 8707361489774113246 1 7
3 7 1 0 8 6 5 

506 16722244922123143210 1 7
3 7 1 8 6 4 5 

493 8830574629014272787 1 7
3 8 6 5 7 2 0 

508 4053262343493591330 1 7
3 7 2 8 6 4 5 

446 6507135698969616620 1 7
3 7 1 2 8 4 5 

478 3230777704929513234 1 7
3 7 1 2 8 6 4 

445 4328906663291953507 1 7
3 8 5 4 7 2 0 

415 3574654126988648558 1 7
3 8 4 7 1 2 0 

505 3027167816032472574 1 7
3 7 0 8 6 4 5 

487 8663635268414269970 1 7
8 6 5 1 7 2 0 

463 6127852328716799529 1 7
3 8 6 7 1 2 0 

439 16780035438401141375 1 7
8 5 4 1 7 2 0 

351 12253613747174267739 1 7
3 1 2 0 6 8 4 

477 14668126791303687512 1 7
3 8 6 4 7 2 0 

502 11435360593467807173 1 7
1 7 2 6 8 4 5 

247 7562247036550554493 2 7
4 6 5 1 7 2 0 
6 4 5 1 7 2 0 

475 16932382854108113095 1 7
3 7 1 0 8 6 4 

443 14849513673853416906 1 7
3 7 1 0 8 5 4 

499 3698474396349336971 1 7
1 7 0 6 8 4 5 

319 6983276285160050665 1 7
3 2 1 0 8 4 5 

367 8438103107404498747 1 7
3 1 2 0 6 8 5 

379 10953832287287644371 1 7
3 1 0 6 8 4 5 

471 4938694484608740780 1 7
6 8 4 1 7 2 0 

382 17043640658523512949 1 7
3 1 2 6 8 4 5 

127 13009293640513519576 1 7
3 1 2 0 6 4 5 

254 14585537182198059143 1 7
3 1 7 2 6 4 5 

375 16844044535455793421 1 7
2 1 0 6 8 4 5 

191 11552548510862594554 1 7
3 5 4 1 7 2 0 

501 16823744767236173019 1 7
2 0 7 6 8 4 5 

381 11866441802957422658 1 7
3 2 0 8 6 4 5 

223 18331614825223708693 1 7
3 6 4 1 7 2 0 

251 17869903068467405947 1 7
3 1 7 0 6 4 5 

239 11288196196435643286 1 7
3 6 5 1 7 2 0 

253 300628198339388885 1 7
3 2 0 7 6 4 5 

414 16399078097094544141 1 6
3 8 4 7 1 2 

474 6842798603180859790 1 6
3 7 1 8 6 4 

459 4727641915520848370 1 6
3 8 6 7 1 0 

490 10312402312055441388 1 6
3 7 1 8 6 5 

399 3318348489979606003 2 6
3 8 7 1 2 0 
8 3 7 1 2 0 

504 6902457905443362551 2 6
3 7 8 6 4 5 
7 3 8 6 4 5 

476 1287788115590149667 1 6
3 7 2 8 6 4 

427 14809915427952977301 1 6
3 8 5 7 1 0 

442 16103793450016808500 1 6
3 7 1 8 5 4 

492 3690504423803613369 1 6
3 7 2 8 6 5 

462 13879945287216977830 1 6
3 8 6 7 1 2 

430 5685452927133427216 1 6
3 8 5 7 1 2 

473 3939973762955648545 1 6
3 7 0 8 6 4 

107 5975174786737769716 1 5
3 6 5 1 0 

364 4313874886105576394 2 5
2 3 8 6 5 
3 2 8 6 5 

220 12846597931014302544 1 5
3 4 6 2 7 

93 140246563241065007 4 5
3 2 0 6 4 
3 0 2 4 6 
3 4 6 0 2 
3 6 4 2 0 

350 13471107584342521745 1 6
3 1 2 6 8 4 

206 3648683169801252283 2 5
3 6 1 7 2 
6 3 1 7 2 

79 1401540825215874543 2 5
3 6 1 2 0 
6 3 1 2 0 

110 2175544950236515892 1 5
3 1 2 6 5 

62 18089987305941817834 1 5
3 2 1 4 5 

124 7448607367796015672 2 5
2 3 4 6 5 
3 2 4 6 5 

174 14766971179690655908 2 5
3 5 1 7 2 
5 3 1 7 2 

47 18220537304029101310 2 5
3 5 2 1 0 
5 3 2 1 0 

248 10268434840488306167 2 5
3 7 6 4 5 
7 3 6 4 5 

121 7448607367796015672 2 5
0 3 6 4 5 
3 0 6 4 5 

378 10582891848315430329 1 6
1 3 6 8 4 5 

122 8536850124090834698 1 5
1 3 6 4 5 

158 7068889601379034120 2 5
3 4 1 7 2 
4 3 1 7 2 

31 10186428924368652777 2 5
3 4 2 1 0 
4 3 2 1 0 

236 17724973857768680729 1 5
3 7 2 5 6 

109 12483974263121418195 1 5
3 0 2 6 5 

366 4310422417320566287 1 6
3 1 2 6 8 5 

94 10562128324987664746 1 5
3 1 2 6 4 

118 12015116645127478291 2 5
1 2 4 6 5 
1 2 6 4 5 

214 12933858346463241112 2 5
4 6 1 7 2 
6 4 1 7 2 

87 14137923558563700952 2 5
4 6 2 1 0 
6 4 2 1 0 

244 16339186527173778547 4 5
2 7 6 4 5 
2 7 4 6 5 
7 2 6 4 5 
7 2 4 6 5 

117 3400965940017008225 4 5
0 2 4 6 5 
0 2 6 4 5 
2 0 4 6 5 
2 0 6 4 5 

374 5806742753349314955 1 6
1 2 6 8 4 5 

186 3492510370663261974 1 5
3 7 1 5 4 

59 8361868006574133783 1 5
3 1 0 5 4 

316 10860155709480065590 2 5
2 3 8 4 5 
3 2 8 4 5 

218 11116773531417578983 1 5
3 1 7 6 4 

91 11082633897264020267 1 5
3 6 4 1 0 

348 14019544261576900905 2 5
2 3 8 6 4 
3 2 8 6 4 

188 3314976816968511185 2 5
3 2 7 5 4 
3 7 2 4 5 

61 12483974263121418195 1 5
3 2 0 4 5 

318 6949849716807694273 1 6
3 2 1 8 4 5 

242 6940786259928044956 2 5
1 7 6 4 5 
1 7 4 6 5 

115 14649053139039884513 2 5
1 0 4 6 5 
1 0 6 4 5 

171 15353812277933831518 2 5
3 5 7 1 0 
5 3 7 1 0 

428 18280247787795654454 1 5
3 8 5 7 2 

298 12578934776566916513 1 4
1 3 5 8 

203 10159231110712053493 2 5
3 6 1 7 0 
6 3 1 7 0 

460 3641285319948040773 1 5
3 8 6 7 2 

330 217161889423508097 1 4
1 3 6 8 

73 4678202216698600005 6 3
0 3 6 
0 6 3 
3 0 6 
3 6 0 
6 3 0 
6 0 3 

270 18095865166555773203 2 4
3 8 2 1 
8 3 2 1 

396 18143588366804868750 2 4
3 8 7 2 
8 3 7 2 

269 16682186679500636722 2 4
3 8 2 0 
8 3 2 0 

394 10703804074774490791 2 4
3 8 7 1 
8 3 7 1 

267 3396047412533235771 2 4
3 8 0 1 
8 3 0 1 

420 8416947379147617096 4 4
5 8 7 2 
5 8 2 7 
8 5 7 2 
8 5 2 7 

293 15926567010490264862 4 4
0 2 5 8 
0 2 8 5 
2 0 5 8 
2 0 8 5 

205 17035036159833354755 2 5
3 6 0 2 7 
6 3 0 2 7 

332 6416674840168567039 2 4
2 3 8 6 
3 2 8 6 

75 13283080465031161659 2 4
3 6 1 0 
6 3 1 0 

78 12058474830472568339 2 4
3 6 1 2 
6 3 1 2 

335 9907209358455946254 1 6
3 6 8 1 2 0 

173 12553522917503975878 2 5
3 5 2 0 7 
5 3 2 0 7 

300 11128830020736779364 2 4
2 3 8 5 
3 2 8 5 

43 9788919992719923625 2 4
3 5 1 0 
5 3 1 0 

46 4929352353679292592 2 4
3 5 1 2 
5 3 1 2 

303 12287039389472599229 1 6
3 8 5 2 1 0 

60 3200740057765086974 2 4
2 3 4 5 
3 2 4 5 

317 5315791479036506280 1 6
3 2 0 8 4 5 

393 4842580307376062446 2 4
3 8 7 0 
8 3 7 0 

266 17746045488937976178 2 3
1 3 8 
1 8 3 

157 16948318849475425447 2 5
3 4 2 0 7 
4 3 2 0 7 

284 15491749904620288271 2 4
2 3 8 4 
3 2 8 4 

27 13866778434786201621 2 4
3 4 1 0 
4 3 1 0 

30 10887181560988419067 2 4
3 4 2 1 
4 3 2 1 

287 6987343406148256504 1 6
3 8 4 2 1 0 

452 8926855875712031735 4 4
6 8 7 2 
6 8 2 7 
8 6 7 2 
8 6 2 7 

325 102149165200554101 4 4
6 8 0 2 
6 8 2 0 
8 6 2 0 
8 6 0 2 

213 15958416862204376133 2 5
4 6 2 0 7 
6 4 2 0 7 

470 8144396857320711154 1 6
1 7 2 6 8 4 

86 7689240739869875995 2 4
1 2 4 6 
1 2 6 4 

343 12143775254985332045 1 6
2 1 0 6 8 4 

322 10549799101908820074 2 3
1 6 8 
1 8 6 

77 5834067585767851843 2 4
3 6 0 2 
6 3 0 2 

334 946679600174566226 1 5
3 1 2 6 8 

204 9365237896057001788 2 4
3 6 7 2 
6 3 7 2 

461 7986309521689658317 1 6
3 8 6 7 2 0 

114 5060535889056472999 2 4
1 4 6 5 
1 6 4 5 

371 14594991062623727420 1 6
1 0 6 8 4 5 

105 3200740057765086974 2 4
0 3 6 5 
3 0 6 5 

362 3075938495040306750 1 5
1 3 6 8 5 

232 16436369471314232382 2 4
3 7 5 6 
7 3 5 6 

489 16922049085663385274 1 6
3 7 0 8 6 5 

418 17150082344863803461 2 4
1 7 5 8 
1 7 8 5 

291 3028930771575037277 2 4
5 8 1 0 
8 5 1 0 

274 17109257520926908918 2 3
1 4 8 
1 8 4 

82 10037966867287998990 2 3
1 4 6 
1 6 4 

339 576120202252554678 1 5
1 0 6 8 4 

200 3142604761162424435 6 3
3 6 7 
3 7 6 
6 3 7 
6 7 3 
7 6 3 
7 3 6 

457 3910032854739131154 1 5
3 8 6 7 0 

185 12333806618809233336 2 5
3 5 4 7 0 
3 7 0 5 4 

58 8964633321872932142 1 4
1 3 5 4 

315 11929077818170015881 1 6
3 1 0 5 8 4 

294 861096065185505031 2 4
1 2 5 8 
1 2 8 5 

156 13287040457279817746 2 4
3 4 2 7 
4 3 2 7 

413 13632895282875928332 1 6
3 8 4 7 2 0 

29 5834067585767851843 2 4
3 4 2 0 
4 3 2 0 

286 13821333288081442509 1 5
3 2 1 8 4 

392 121086978881808245 6 3
3 7 8 
3 8 7 
7 3 8 
7 8 3 
8 7 3 
8 3 7 

265 12772781651143259001 6 3
0 3 8 
0 8 3 
3 0 8 
3 8 0 
8 3 0 
8 0 3 

290 8751075632053876066 2 3
1 5 8 
1 8 5 

155 8525074646843635669 2 5
3 4 1 7 0 
4 3 1 7 0 

412 13240822816226632343 1 5
3 8 4 7 2 

282 4212063685860574941 1 4
1 3 4 8 

28 4678202216698600005 6 3
2 3 4 
2 4 3 
3 2 4 
3 4 2 
4 3 2 
4 2 3 

285 1692371311296207921 1 5
3 2 0 8 4 

450 15484076629507822394 2 4
1 7 6 8 
1 7 8 6 

323 15251515067365730627 2 4
6 8 1 0 
8 6 1 0 

201 16436369471314232382 2 4
3 6 0 7 
6 3 0 7 

458 16366376966034143303 1 5
3 7 1 8 6 

74 18416785065718041254 2 3
1 3 6 
1 6 3 

331 215833757605161786 1 5
3 6 8 1 0 

26 15947560821523262607 2 3
1 3 4 
1 4 3 

283 16983776381370362371 1 5
3 1 0 4 8 

217 1600945911452434721 1 5
3 6 4 0 7 

90 7307667797895992048 1 4
1 3 6 4 

347 3811332859110726361 1 6
3 1 0 6 8 4 

326 3745228582530055739 2 4
1 2 6 8 
1 2 8 6 

92 5834067585767851843 2 4
2 3 4 6 
3 2 4 6 

349 3623926402922477950 1 6
3 2 0 8 6 4 

83 10889743929509693794 2 4
4 6 1 0 
6 4 1 0 

210 3355867633287593829 2 4
1 7 6 4 
1 7 4 6 

467 17762432624649894418 1 6
1 7 0 6 8 4 

168 4678202216698600005 6 3
3 5 7 
3 7 5 
5 3 7 
5 7 3 
7 5 3 
7 3 5 

425 2653776447563108479 1 5
3 7 0 8 5 

278 3156361449671551441 2 4
1 2 4 8 
1 2 8 4 

268 8653824702438220459 6 3
2 3 8 
2 8 3 
3 2 8 
3 8 2 
8 3 2 
8 2 3 

85 13804373922629156747 8 4
0 2 4 6 
0 2 6 4 
2 0 4 6 
2 0 6 4 
4 6 0 2 
4 6 2 0 
6 4 2 0 
6 4 0 2 

342 9174678236683919074 1 5
1 2 6 8 4 

212 13287577141403005545 4 4
4 6 2 7 
4 6 7 2 
6 4 2 7 
6 4 7 2 

469 9232736350236195770 1 6
6 8 4 2 0 7 

172 13287040457279817746 2 4
3 5 7 2 
5 3 7 2 

429 792437532678057668 1 6
3 8 5 7 2 0 

45 2189848660886962676 4 4
3 5 0 2 
3 5 2 0 
5 3 2 0 
5 3 0 2 

302 8824375377170429197 1 5
3 2 1 8 5 

89 5834067585767851843 2 4
0 3 6 4 
3 0 6 4 

346 5391748588380919139 1 5
1 3 6 8 4 

216 12059866341095751610 2 4
3 7 6 4 
7 3 6 4 

402 1708974638755316682 2 4
1 7 4 8 
1 7 8 4 

275 4324792591388092070 2 4
1 0 4 8 
1 0 8 4 

408 1578562951315260240 2 4
3 7 8 4 
7 3 8 4 

281 6118943485193283041 2 4
0 3 8 4 
3 0 8 4 

154 16228029018774640146 2 4
3 4 1 7 
4 3 1 7 

411 4008577473393598148 1 6
3 8 4 7 1 0 

233 9509479624383589049 2 5
3 6 5 7 0 
3 7 0 6 5 

106 12699234148939934523 1 4
1 3 6 5 

363 1931597538080201097 1 6
3 1 0 6 8 5 

211 13493117424794318991 2 5
4 6 1 7 0 
6 4 1 7 0 

468 549608559197678428 2 5
2 7 6 8 4 
7 2 6 8 4 

338 6234693570562153775 1 4
1 6 8 4 

184 3200740057765086974 2 4
3 7 5 4 
7 3 5 4 

441 4698063057160115878 1 6
3 7 0 8 5 4 

456 7472194545152992316 2 4
3 7 8 6 
7 3 8 6 

329 6228704047437175274 2 4
0 3 6 8 
3 0 6 8 

202 18191582886232489180 2 4
3 6 1 7 
6 3 1 7 

424 17537082474963464878 2 4
3 7 8 5 
7 3 8 5 

297 4398254347178769315 2 4
0 3 8 5 
3 0 8 5 

170 1993328290901693589 2 4
3 5 7 1 
5 3 7 1 

42 7077939606059558898 2 3
1 3 5 
1 5 3 

299 18008305253392290652 1 5
3 5 8 1 0 

169 3200740057765086974 2 4
3 5 7 0 
5 3 7 0 

426 10417039135591205570 1 5
3 7 1 8 5 

404 123752244832598933 4 4
4 8 7 2 
4 8 2 7 
8 4 7 2 
8 4 2 7 

277 5328383340180161889 4 4
0 2 4 8 
0 2 8 4 
2 0 4 8 
2 0 8 4 

306 3642025904062892854 1 4
1 8 5 4 

354 11137605052767453084 1 4
1 8 6 5 

307 16370030346309616883 1 5
1 0 8 5 4 

279 10877116467978066898 2 5
4 8 2 1 0 
8 4 2 1 0 

370 13074438462994336266 1 5
1 6 8 4 5 

309 9870914621779698327 2 5
0 2 8 5 4 
2 0 8 5 4 

341 16462437484338646423 2 5
0 2 6 8 4 
2 0 6 8 4 

358 17914852477084365588 1 5
1 2 8 6 5 

234 13383529899633522730 1 5
3 1 7 6 5 

295 6472986523624161302 2 5
5 8 2 1 0 
8 5 2 1 0 

327 10341588332969015704 2 5
6 8 2 1 0 
8 6 2 1 0 

310 8197042301360220302 1 5
1 2 8 5 4 

355 8120954020181672186 1 5
1 0 8 6 5 

357 884596291325151242 2 5
0 2 8 6 5 
2 0 8 6 5 

345 16891488431503452291 2 5
0 3 6 8 4 
3 0 6 8 4 

271 7203302459244022271 2 5
3 8 2 1 0 
8 3 2 1 0 

333 10376096482661788737 1 5
3 8 6 2 0 

313 9575202692539405459 2 5
0 3 8 5 4 
3 0 8 5 4 

314 8749681914037532553 1 5
1 3 5 8 4 

301 3531918124681335324 1 5
3 2 0 8 5 

361 9772979720719588027 2 5
0 3 6 8 5 
3 0 6 8 5 

403 6989703090903222225 2 5
4 8 1 7 0 
8 4 1 7 0 

466 14549288435795153296 1 5
1 7 6 8 4 

405 11229615589382597489 2 5
4 8 2 0 7 
8 4 2 0 7 

451 14667132706035131680 2 5
6 8 1 7 0 
8 6 1 7 0 

453 1361715931042084080 2 5
6 8 2 0 7 
8 6 2 0 7 

421 15844688557626374318 2 5
5 8 2 0 7 
8 5 2 0 7 

482 7814208478759169115 1 5
1 7 8 6 5 

434 9804533467771898204 1 5
1 7 8 5 4 

436 8761556784638875302 2 5
2 7 8 5 4 
7 2 8 5 4 

454 6589548537913141459 2 5
6 8 1 7 2 
8 6 1 7 2 

484 14972146476162940815 2 5
2 7 8 6 5 
7 2 8 6 5 

419 551205735921907133 2 5
5 8 1 7 0 
8 5 1 7 0 

406 9235650603697751203 2 5
4 8 1 7 2 
8 4 1 7 2 

410 9043887135071143290 1 5
3 7 1 8 4 

409 16619540066222729599 1 5
3 8 4 7 0 

395 16649104640265107734 2 5
3 8 7 1 0 
8 3 7 1 0 

422 3052160396592031612 2 5
5 8 1 7 2 
8 5 1 7 2 

398 10042342885849721477 2 5
3 8 7 1 2 
8 3 7 1 2 

397 8654203571903054631 2 5
3 8 7 2 0 
8 3 7 2 0 

488 7155935104134120365 2 5
3 7 8 6 5 
7 3 8 6 5 

440 10500861329361098337 2 5
3 7 8 5 4 
7 3 8 5 4 

472 3915551094001610752 2 5
3 7 8 6 4 
7 3 8 6 4 

215 8917702220691717835 2 6
4 6 1 7 2 0 
6 4 1 7 2 0 

119 14314676082450801289 2 6
2 1 0 4 6 5 
2 1 0 6 4 5 

63 15747632864647442978 1 6
3 4 5 2 1 0 

95 7068954375665888444 1 6
3 6 4 1 2 0 

125 12509252676654053285 2 6
3 2 0 6 4 5 
3 0 2 4 6 5 

111 7210729010334779211 1 6
3 6 5 1 2 0 

245 9757074388295062491 2 6
2 0 7 6 4 5 
2 0 7 4 6 5 

219 6840303879519212211 1 6
3 6 4 1 7 0 

249 14536267297524547459 1 6
3 7 0 6 4 5 

123 11614307794441485133 1 6
3 1 0 6 4 5 

380 7026354455748229962 2 6
2 3 8 6 4 5 
3 2 8 6 4 5 

222 6246258870920189877 1 6
3 6 4 1 7 2 

237 3115888348714935248 1 6
3 6 5 0 2 7 

235 9494486676588815395 1 6
3 6 5 1 7 0 

159 14343232922493797923 2 6
3 4 1 7 2 0 
4 3 1 7 2 0 

126 16685294744698817252 1 6
3 1 2 6 4 5 

175 12185261375321898251 2 6
3 5 1 7 2 0 
5 3 1 7 2 0 

221 4272964256484872219 1 6
3 6 4 2 0 7 

243 6690444030917487192 2 6
1 7 0 6 4 5 
1 7 0 4 6 5 

500 10183704897770863031 2 6
2 7 6 8 4 5 
7 2 6 8 4 5 

189 4782597651245753538 1 6
3 5 4 2 0 7 

207 11495116393135496582 2 6
3 6 1 7 2 0 
6 3 1 7 2 0 

252 3379353504133062364 1 6
3 7 2 4 6 5 

238 2593096681662696435 1 6
3 6 5 1 7 2 

246 6596672829753608520 2 6
1 7 2 6 4 5 
1 7 2 4 6 5 

187 3781664472279992006 1 6
3 5 4 7 1 0 

444 12832783724414779275 1 6
3 7 2 8 4 5 

190 7324945847608835481 1 6
3 5 4 1 7 2 

250 16211727269086878934 1 6
3 1 7 6 4 5 

311 11877124636865782462 1 6
2 1 0 8 5 4 

359 12051392781809030628 1 6
2 1 0 8 6 5 

373 11291345920415296869 2 6
0 2 6 8 4 5 
2 0 6 8 4 5 

365 6746572348119451052 1 6
3 2 0 8 6 5 

437 13821404811754798585 1 6
2 0 7 8 5 4 

377 17877953508377020959 2 6
0 3 6 8 4 5 
3 0 6 8 4 5 

435 3841308698974840981 1 6
1 7 0 8 5 4 

455 4713080361140742662 2 6
6 8 1 7 2 0 
8 6 1 7 2 0 

407 11545012367404768748 2 6
4 8 1 7 2 0 
8 4 1 7 2 0 

438 656788085442900287 1 6
1 7 2 8 5 4 

483 4631544224342946296 1 6
1 7 0 8 6 5 

485 10072494117423045776 1 6
8 6 5 2 0 7 

498 7076766242686115439 1 6
1 7 6 8 4 5 

486 11759948055329360087 1 6
1 7 2 8 6 5 

423 14833137725861500094 2 6
5 8 1 7 2 0 
8 5 1 7 2 0 

