DB[0,0,0,0,0,0,0,0,0]*(-a1-a2-a3-2*a0+d-a7)
DB[-1,1,0,0,0,0,0,0,0]*(-a1)
DB[-1,0,0,0,0,0,0,1,0]*(-a7)
DB[-1,0,1,0,0,0,0,0,0]*(-a2)
DB[0,0,0,1,-1,0,0,0,0]*(a3)
DB[0,0,1,0,0,0,0,0,0]*(s45*a2)
DB[-1,0,0,1,0,0,0,0,0]*(-a3)

DB[-1,0,0,1,0,0,0,0,0]*(a3)
DB[0,0,0,0,0,0,0,0,0]*(-2*a4-a8-a5-a6-a3+d)
DB[0,0,0,1,-1,0,0,0,0]*(-a3)
DB[0,0,0,0,0,0,0,0,1]*(a8*mTsq)
DB[0,0,0,0,-1,1,0,0,0]*(-a5)
DB[0,0,0,0,-1,0,0,0,1]*(-a8)
DB[0,0,0,0,-1,0,1,0,0]*(-a6)
DB[0,0,0,0,0,0,1,0,0]*(s45*a6)

DB[0,0,0,0,0,0,0,0,0]*(a0-a7)
DB[1,0,0,0,0,0,0,-1,0]*(-a0)
DB[-1,1,0,0,0,0,0,0,0]*(a1)
DB[0,1,0,0,0,0,0,-1,0]*(-a1)
DB[0,1,0,0,0,0,0,0,0]*(-a1*s23+a1*s45+a1*s15)
DB[-1,0,1,0,0,0,0,0,0]*(a2)
DB[0,0,1,0,0,0,0,-1,0]*(-a2)
DB[0,0,1,0,0,0,0,0,0]*(s45*a2)
DB[-1,0,0,1,0,0,0,0,0]*(a3)
DB[0,0,0,1,0,-1,0,0,0]*(a3)
DB[0,0,0,1,0,0,-1,0,0]*(-a3)
DB[0,0,0,1,0,0,0,-1,0]*(-a3)
DB[0,0,0,1,0,0,0,0,0]*(s45*a3)
DB[-1,0,0,0,0,0,0,1,0]*(a7)

DB[-1,0,0,1,0,0,0,0,0]*(a3)
DB[0,0,0,1,0,-1,0,0,0]*(a3)
DB[0,0,0,1,0,0,-1,0,0]*(-a3)
DB[0,0,0,1,0,0,0,-1,0]*(-a3)
DB[0,0,0,1,0,0,0,0,0]*(s45*a3)
DB[0,0,0,0,1,-1,0,0,0]*(a4)
DB[0,0,0,0,1,0,-1,0,0]*(-a4)
DB[0,0,0,0,1,0,0,0,0]*(a4*s45)
DB[0,0,0,0,0,0,0,0,0]*(a5-a6)
DB[0,0,0,0,0,1,-1,0,0]*(-a5)
DB[0,0,0,0,0,-1,1,0,0]*(a6)
DB[0,0,0,0,0,0,0,0,1]*(a8*s23-a8*s15)
DB[0,0,0,0,0,-1,0,0,1]*(a8)
DB[0,0,0,0,0,0,-1,0,1]*(-a8)

DB[0,0,0,0,0,0,0,0,0]*(-a1+a0)
DB[1,-1,0,0,0,0,0,0,0]*(-a0)
DB[-1,1,0,0,0,0,0,0,0]*(a1)
DB[0,0,0,0,0,0,0,1,0]*(s15*a7-s23*a7+s45*a7)
DB[0,1,0,0,0,0,0,0,0]*(-2*a1*mTsq)
DB[-1,0,1,0,0,0,0,0,0]*(a2)
DB[0,-1,1,0,0,0,0,0,0]*(-a2)
DB[0,0,1,0,0,0,0,0,0]*(a2*s23-s45*a2-a2*mTsq)
DB[-1,0,0,1,0,0,0,0,0]*(a3)
DB[0,-1,0,1,0,0,0,0,0]*(-a3)
DB[0,0,0,1,-1,0,0,0,0]*(-a3)
DB[0,0,0,1,0,0,0,0,-1]*(a3)
DB[0,0,0,1,0,0,0,0,0]*(-mTsq*a3)
DB[-1,0,0,0,0,0,0,1,0]*(a7)
DB[0,-1,0,0,0,0,0,1,0]*(-a7)

DB[-1,0,0,1,0,0,0,0,0]*(a3)
DB[0,-1,0,1,0,0,0,0,0]*(-a3)
DB[0,0,0,1,-1,0,0,0,0]*(-a3)
DB[0,0,0,1,0,0,0,0,-1]*(a3)
DB[0,0,0,1,0,0,0,0,0]*(-mTsq*a3)
DB[0,0,0,0,0,0,0,0,0]*(-a4+a8)
DB[0,0,0,0,1,0,0,0,-1]*(a4)
DB[0,0,0,0,1,0,0,0,0]*(-a4*mTsq)
DB[0,0,0,0,-1,1,0,0,0]*(-a5)
DB[0,0,0,0,0,1,0,0,-1]*(a5)
DB[0,0,0,0,0,1,0,0,0]*(-a5*s15)
DB[0,0,0,0,-1,0,1,0,0]*(-a6)
DB[0,0,0,0,0,0,1,0,-1]*(a6)
DB[0,0,0,0,0,0,1,0,0]*(s45*a6-s23*a6)
DB[0,0,0,0,-1,0,0,0,1]*(-a8)
DB[0,0,0,0,0,0,0,0,1]*(a8*mTsq)

DB[1,-1,0,0,0,0,0,0,0]*(a0)
DB[1,0,-1,0,0,0,0,0,0]*(-a0)
DB[1,0,0,0,0,0,0,0,0]*(s45*a0)
DB[0,0,0,0,0,0,0,0,0]*(a1-a2)
DB[0,1,-1,0,0,0,0,0,0]*(-a1)
DB[0,1,0,0,0,0,0,0,0]*(a1*mTsq+a1*s23)
DB[0,-1,1,0,0,0,0,0,0]*(a2)
DB[0,0,0,0,0,0,0,1,0]*(-s15*a7+s23*a7+s45*a7)
DB[0,0,1,0,0,0,0,0,0]*(-a2*s23+a2*mTsq)
DB[0,-1,0,1,0,0,0,0,0]*(a3)
DB[0,0,-1,1,0,0,0,0,0]*(-a3)
DB[0,0,0,1,0,0,-1,0,0]*(a3)
DB[0,0,0,1,0,0,0,0,-1]*(-a3)
DB[0,0,0,1,0,0,0,0,0]*(mTsq*a3)
DB[0,-1,0,0,0,0,0,1,0]*(a7)
DB[0,0,-1,0,0,0,0,1,0]*(-a7)

DB[0,-1,0,1,0,0,0,0,0]*(a3)
DB[0,0,-1,1,0,0,0,0,0]*(-a3)
DB[0,0,0,1,0,0,-1,0,0]*(a3)
DB[0,0,0,1,0,0,0,0,-1]*(-a3)
DB[0,0,0,1,0,0,0,0,0]*(mTsq*a3)
DB[0,0,0,0,1,0,-1,0,0]*(a4)
DB[0,0,0,0,1,0,0,0,-1]*(-a4)
DB[0,0,0,0,1,0,0,0,0]*(a4*mTsq-a4*s45)
DB[0,0,0,0,0,1,-1,0,0]*(a5)
DB[0,0,0,0,0,1,0,0,-1]*(-a5)
DB[0,0,0,0,0,1,0,0,0]*(a5*s15)
DB[0,0,0,0,0,0,0,0,0]*(-a8+a6)
DB[0,0,0,0,0,0,1,0,-1]*(-a6)
DB[0,0,0,0,0,0,1,0,0]*(s23*a6)
DB[0,0,0,0,0,0,-1,0,1]*(a8)
DB[0,0,0,0,0,0,0,0,1]*(-a8*s23)

DB[-1,0,0,1,0,0,0,0,0]*(-a3)
DB[0,0,0,0,0,0,0,0,0]*(a4-a3)
DB[0,0,0,1,-1,0,0,0,0]*(a3)
DB[-1,0,0,0,1,0,0,0,0]*(a4)
DB[0,0,0,-1,1,0,0,0,0]*(-a4)
DB[0,0,0,0,-1,0,0,0,1]*(a8)
DB[-1,0,0,0,0,1,0,0,0]*(-a5)
DB[0,0,-1,0,0,1,0,0,0]*(a5)
DB[0,0,0,-1,0,1,0,0,0]*(-a5)
DB[0,0,0,0,-1,1,0,0,0]*(a5)
DB[0,0,0,0,0,1,0,-1,0]*(a5)
DB[0,0,0,0,0,1,0,0,0]*(-s45*a5)
DB[0,0,-1,0,0,0,1,0,0]*(a6)
DB[0,0,0,-1,0,0,1,0,0]*(-a6)
DB[0,0,0,0,-1,0,1,0,0]*(a6)
DB[0,0,0,0,0,0,1,0,0]*(-s45*a6)
DB[0,-1,0,0,0,0,0,0,1]*(a8)
DB[0,0,0,-1,0,0,0,0,1]*(-a8)

DB[0,0,0,0,0,0,0,0,0]*(-a3+a0)
DB[1,0,0,-1,0,0,0,0,0]*(-a0)
DB[1,0,0,0,-1,0,0,0,0]*(a0)
DB[-1,1,0,0,0,0,0,0,0]*(a1)
DB[0,1,0,-1,0,0,0,0,0]*(-a1)
DB[0,1,0,0,0,0,0,0,-1]*(a1)
DB[0,1,0,0,0,0,0,0,0]*(-a1*mTsq)
DB[-1,0,1,0,0,0,0,0,0]*(a2)
DB[0,0,1,-1,0,0,0,0,0]*(-a2)
DB[0,0,1,0,0,0,-1,0,0]*(a2)
DB[0,0,1,0,0,0,0,0,0]*(-s45*a2)
DB[-1,0,0,1,0,0,0,0,0]*(a3)
DB[0,0,0,0,0,0,0,1,0]*(s45*a7)
DB[0,0,0,1,-1,0,0,0,0]*(-a3)
DB[-1,0,0,0,0,0,0,1,0]*(a7)
DB[0,0,0,-1,0,0,0,1,0]*(-a7)
DB[0,0,0,0,-1,0,0,1,0]*(a7)
DB[0,0,0,0,0,-1,0,1,0]*(a7)
DB[0,0,0,0,0,0,-1,1,0]*(-a7)

