DB[-1,1,0,0,0,0,0,0,0]*(-2*a1*mTsq+a1*s23-a1*s45-a1*s15)
DB[0,0,0,0,0,0,0,0,0]*(-a8*s23+a5*mTsq-s15*a7-s45*a6-mTsq*a6+s23*a7-a1*s23-s45*a7+s23*a6+a8*s15+a1*s45-a5*s15+a8*s45+a1*s15)
DB[0,0,0,0,0,1,-1,0,0]*(-a5*mTsq+a5*s15)
DB[-1,0,0,0,0,0,0,1,0]*(s15*a7-s23*a7+s45*a7)
DB[0,1,0,0,0,0,0,-1,0]*(2*a1*mTsq)
DB[0,0,0,0,-1,0,1,0,0]*(-s45*a6)
DB[-1,0,1,0,0,0,0,0,0]*(a2*s23-2*s45*a2-a2*mTsq)
DB[0,-1,1,0,0,0,0,0,0]*(s45*a2)
DB[0,0,0,0,0,0,0,0,1]*(-a8*mTsq*s15+a8*s45*mTsq+a8*mTsq*s23)
DB[0,0,0,0,-1,1,0,0,0]*(-s45*a5)
DB[0,0,1,0,0,0,0,-1,0]*(-a2*s23+s45*a2+a2*mTsq)
DB[0,0,0,0,0,0,-1,0,1]*(-2*a8*mTsq)
DB[0,0,0,0,0,-1,0,0,1]*(2*a8*mTsq)
DB[0,0,0,0,0,1,0,0,-1]*(s45*a5)
DB[0,0,0,0,0,1,0,0,0]*(-s45*a5*s15)
DB[0,0,0,0,0,0,1,0,-1]*(s45*a6)
DB[0,0,0,0,-1,0,0,0,1]*(a8*s23-a8*s15-a8*s45)
DB[0,0,0,0,0,0,1,0,0]*(-s45*s23*a6+s45^2*a6)
DB[0,0,0,0,0,-1,1,0,0]*(s45*a6+mTsq*a6-s23*a6)

DB[0,0,0,0,0,0,0,0,0]*(a8*s23-a5*mTsq+s15*a7+mTsq*a6-s23*a7+a1*s23-s23*a6-a8*s15-a1*s45+s45*a2+s45*a5+a5*s15-a8*s45-a1*s15)
DB[0,1,-1,0,0,0,0,0,0]*(-a1*s23+a1*s45+a1*s15)
DB[0,1,0,0,0,0,0,0,0]*(a1*s45*s23-a1*s45*s15-a1*s45^2)
DB[-1,1,0,0,0,0,0,0,0]*(a1*mTsq+a1*s23-a1*s45)
DB[0,1,0,0,0,0,0,-1,0]*(-a1*mTsq-a1*s23+a1*s45)
DB[0,0,0,0,0,1,0,0,0]*(s45*a5*s15)
DB[0,-1,1,0,0,0,0,0,0]*(-s45*a2)
DB[-1,0,0,0,0,0,0,1,0]*(-s15*a7+s23*a7)
DB[0,0,1,0,0,0,0,0,0]*(-s45^2*a2)
DB[-1,0,1,0,0,0,0,0,0]*(-a2*s23-s45*a2+a2*mTsq)
DB[0,0,1,0,0,0,0,-1,0]*(a2*s23+s45*a2-a2*mTsq)
DB[0,0,0,0,0,1,-1,0,0]*(a5*mTsq-a5*s15)
DB[0,0,0,0,0,0,0,0,1]*(a8*mTsq*s15-a8*s45*s15-a8*mTsq*s23)
DB[0,0,0,0,0,1,0,0,-1]*(-s45*a5)
DB[0,0,0,0,0,0,1,0,-1]*(-s45*a6)
DB[0,0,0,0,0,0,-1,0,1]*(a8*mTsq+a8*s15)
DB[0,0,0,0,0,-1,0,0,1]*(-a8*s23-a8*mTsq+a8*s45)
DB[0,0,0,0,0,-1,1,0,0]*(s45*a6-mTsq*a6+s23*a6)
DB[0,0,0,0,0,0,1,0,0]*(s45*s23*a6)

DB[-1,1,0,0,0,0,0,0,0]*(-a1*mTsq-a1*s23+a1*s45)
DB[0,0,0,0,0,0,0,0,0]*(a8*s23-a1*mTsq+s45*a6+mTsq*a6+a1*s23-a8*mTsq-a2*s23-s23*a6-a1*s45+s45*a2+a2*mTsq-a8*s45)
DB[0,1,0,0,0,0,0,0,0]*(-2*a1*s45*mTsq)
DB[0,0,0,0,0,0,0,1,0]*(s45^2*a7-s45*s23*a7+s45*s15*a7)
DB[0,1,-1,0,0,0,0,0,0]*(2*a1*mTsq)
DB[0,0,0,0,0,1,0,0,-1]*(-s45*a5)
DB[-1,0,1,0,0,0,0,0,0]*(a2*s23+s45*a2-a2*mTsq)
DB[0,-1,1,0,0,0,0,0,0]*(-2*s45*a2)
DB[0,0,1,0,0,0,0,0,0]*(s45*a2*s23-s45^2*a2-s45*a2*mTsq)
DB[0,0,0,0,0,0,1,0,0]*(s45*s23*a6+s45*mTsq*a6-s45^2*a6)
DB[0,0,-1,0,0,0,0,1,0]*(-s15*a7+s23*a7-s45*a7)
DB[0,0,0,0,0,1,0,0,0]*(s45*a5*s15)
DB[0,0,0,0,-1,1,0,0,0]*(-a5*mTsq+s45*a5+a5*s15)
DB[0,0,0,0,0,1,-1,0,0]*(a5*mTsq-a5*s15)
DB[-1,0,0,0,0,0,0,1,0]*(s15*a7-s23*a7)
DB[0,-1,0,0,0,0,0,1,0]*(s45*a7)
DB[0,0,0,0,0,0,1,0,-1]*(-2*s45*a6)
DB[0,0,0,0,-1,0,1,0,0]*(s45*a6-mTsq*a6+s23*a6)
DB[0,0,0,0,0,0,0,0,1]*(a8*mTsq^2-a8*s45*mTsq-a8*mTsq*s23)
DB[0,0,0,0,0,0,-1,0,1]*(2*a8*mTsq)
DB[0,0,0,0,-1,0,0,0,1]*(-a8*s23-a8*mTsq+a8*s45)

