0
0 73
0 28
0 0 1 0 0 0 0 0 0 0 
1 -1 1 0 0 0 0 0 0 -s45-mTsq+s23 
1 0 0 0 0 0 0 0 0 0 
0 0 0 1 0 0 0 0 0 0 
0 0 0 0 0 0 1 0 0 0 
0 0 0 0 1 -1 1 0 0 -s45 
0 0 0 0 1 0 0 0 0 0 
1 0 1 0 0 0 0 -1 0 s45 
0 0 0 0 1 0 1 0 -1 -s45+mTsq+s23 

0
0 77
0 29
0 0 1 0 0 0 0 0 0 0 
1 -1 1 0 0 0 0 0 0 -s45-mTsq+s23 
1 0 0 0 0 0 0 0 0 0 
0 0 0 1 0 0 0 0 0 0 
0 0 0 0 0 0 1 0 0 0 
0 0 0 0 1 -1 1 0 0 -s45 
0 0 0 0 1 0 0 0 0 0 
1 0 1 0 0 0 0 -1 0 s45 
0 0 0 0 1 0 1 0 -1 -s45+mTsq+s23 

0
0 89
0 29
0 0 0 1 0 0 0 0 0 0 
-1 1 0 1 1 0 0 0 -1 mTsq 
-1 0 1 1 1 0 -1 0 0 s45 
0 0 0 0 1 0 0 0 0 0 
1 0 0 0 0 0 0 0 0 0 
-1 0 1 0 0 0 0 1 0 -s45 
0 0 1 0 0 0 0 0 0 0 
-1 0 0 1 0 -1 1 1 0 -s45 
0 1 0 0 0 0 0 0 0 mTsq 

0
0 92
0 29
-1 0 1 1 1 0 -1 0 0 s45 
0 -1 1 1 0 0 -1 0 1 -2*mTsq+s23 
0 0 0 1 0 0 0 0 0 0 
0 0 0 0 1 0 0 0 0 0 
0 0 1 0 0 0 0 0 0 0 
2 0 0 0 0 0 0 -1 0 0 
1 0 0 0 0 0 0 0 0 0 
0 0 1 1 1 1 -2 -1 0 3*s45 
1 -1 1 0 0 0 0 0 0 -s45+s23 

1
0 105
0 60
0 0 1 0 0 0 0 0 0 0 
1 0 0 0 0 0 0 0 0 0 
1 0 0 0 0 0 0 0 0 0 
0 0 0 1 0 0 0 0 0 0 
1 0 0 0 0 0 0 0 0 0 
0 0 0 0 0 1 0 0 0 0 
0 0 0 0 1 0 0 0 0 0 
1 0 0 0 0 0 0 0 0 0 
1 0 0 0 0 0 0 0 0 0 

1
0 109
0 61
0 0 1 0 0 0 0 0 0 0 
0 1 0 0 0 0 0 0 0 0 
1 0 0 0 0 0 0 0 0 0 
0 0 0 1 0 0 0 0 0 0 
0 1 0 0 0 0 0 0 0 0 
0 0 0 0 0 1 0 0 0 0 
0 0 0 0 1 0 0 0 0 0 
0 1 0 0 0 0 0 0 0 0 
0 1 0 0 0 0 0 0 0 0 

1
0 124
0 121
0 1 0 0 0 0 0 0 0 0 
0 1 0 0 0 0 0 0 0 0 
1 0 0 0 0 0 0 0 0 0 
0 0 0 1 0 0 0 0 0 0 
0 0 0 0 0 0 1 0 0 0 
0 0 0 0 0 1 0 0 0 0 
0 0 0 0 1 0 0 0 0 0 
0 1 0 0 0 0 0 0 0 0 
0 1 0 0 0 0 0 0 0 0 

