0
0 26
0 26
1 0 0 0 0 0 0 0 0 0 
0 1 0 0 0 0 0 0 0 0 
0 0 1 0 0 0 0 0 0 0 
0 0 0 0 1 0 0 0 0 0 
0 0 0 1 0 0 0 0 0 0 
-2 0 1 1 1 -1 0 1 0 -s45 
-1 0 1 1 1 0 -1 0 0 s45 
0 0 0 0 0 0 0 1 0 0 
-1 1 0 1 1 0 0 0 -1 2*mTsq 

0
0 27
0 27
1 0 0 0 0 0 0 0 0 0 
0 1 0 0 0 0 0 0 0 0 
0 0 1 0 0 0 0 0 0 0 
0 0 0 0 1 0 0 0 0 0 
0 0 0 1 0 0 0 0 0 0 
-2 0 1 1 1 -1 0 1 0 -s45 
-1 0 1 1 1 0 -1 0 0 s45 
0 0 0 0 0 0 0 1 0 0 
-1 1 0 1 1 0 0 0 -1 2*mTsq 

0
0 28
0 28
1 0 0 0 0 0 0 0 0 0 
0 1 0 0 0 0 0 0 0 0 
0 0 1 0 0 0 0 0 0 0 
0 0 0 0 1 0 0 0 0 0 
0 0 0 1 0 0 0 0 0 0 
-2 0 1 1 1 -1 0 1 0 -s45 
-1 0 1 1 1 0 -1 0 0 s45 
0 0 0 0 0 0 0 1 0 0 
-1 1 0 1 1 0 0 0 -1 2*mTsq 

0
0 28
0 28
-1 0 1 1 1 0 -1 0 0 s45 
0 -1 1 1 0 0 -1 0 1 -2*mTsq+s23 
0 0 0 1 0 0 0 0 0 0 
0 0 1 0 0 0 0 0 0 0 
0 0 0 0 1 0 0 0 0 0 
0 0 0 0 0 1 0 0 0 0 
0 0 0 0 0 0 1 0 0 0 
0 0 1 1 1 1 -2 -1 0 3*s45 
0 0 0 0 0 0 0 0 1 0 

0
0 28
0 28
-1 0 1 1 1 0 -1 0 0 s45 
0 -1 1 1 0 0 -1 0 1 -2*mTsq+s23 
0 0 0 1 0 0 0 0 0 0 
0 0 0 0 1 0 0 0 0 0 
0 0 1 0 0 0 0 0 0 0 
2 0 0 0 0 0 0 -1 0 0 
1 0 0 0 0 0 0 0 0 0 
0 0 1 1 1 1 -2 -1 0 3*s45 
1 -1 1 0 0 0 0 0 0 -s45+s23 

0
0 28
0 28
0 0 0 0 0 0 1 0 0 0 
0 0 0 0 1 0 1 0 -1 -s45+s23 
0 0 0 0 1 0 0 0 0 0 
0 0 0 1 0 0 0 0 0 0 
0 0 1 0 0 0 0 0 0 0 
2 0 0 0 0 0 0 -1 0 0 
1 0 0 0 0 0 0 0 0 0 
0 0 0 0 0 -1 2 0 0 0 
1 -1 1 0 0 0 0 0 0 -s45+s23 

0
0 28
0 28
0 0 0 0 0 0 1 0 0 0 
0 0 0 0 1 0 1 0 -1 -s45+s23 
0 0 0 0 1 0 0 0 0 0 
0 0 1 0 0 0 0 0 0 0 
0 0 0 1 0 0 0 0 0 0 
-2 0 1 1 1 -1 0 1 0 -s45 
-1 0 1 1 1 0 -1 0 0 s45 
0 0 0 0 0 -1 2 0 0 0 
-1 1 0 1 1 0 0 0 -1 2*mTsq 

0
0 29
0 29
1 0 0 0 0 0 0 0 0 0 
0 1 0 0 0 0 0 0 0 0 
0 0 1 0 0 0 0 0 0 0 
0 0 0 0 1 0 0 0 0 0 
0 0 0 1 0 0 0 0 0 0 
-2 0 1 1 1 -1 0 1 0 -s45 
-1 0 1 1 1 0 -1 0 0 s45 
0 0 0 0 0 0 0 1 0 0 
-1 1 0 1 1 0 0 0 -1 2*mTsq 

0
0 30
0 30
1 0 0 0 0 0 0 0 0 0 
0 1 0 0 0 0 0 0 0 0 
0 0 1 0 0 0 0 0 0 0 
0 0 0 0 1 0 0 0 0 0 
0 0 0 1 0 0 0 0 0 0 
-2 0 1 1 1 -1 0 1 0 -s45 
-1 0 1 1 1 0 -1 0 0 s45 
0 0 0 0 0 0 0 1 0 0 
-1 1 0 1 1 0 0 0 -1 2*mTsq 

0
0 31
0 31
1 0 0 0 0 0 0 0 0 0 
0 1 0 0 0 0 0 0 0 0 
0 0 1 0 0 0 0 0 0 0 
0 0 0 0 1 0 0 0 0 0 
0 0 0 1 0 0 0 0 0 0 
-2 0 1 1 1 -1 0 1 0 -s45 
-1 0 1 1 1 0 -1 0 0 s45 
0 0 0 0 0 0 0 1 0 0 
-1 1 0 1 1 0 0 0 -1 2*mTsq 

0
0 42
0 42
1 0 0 0 0 0 0 0 0 0 
0 1 0 0 0 0 0 0 0 0 
0 0 1 0 0 0 0 0 0 0 
0 0 0 0 0 1 0 0 0 0 
2 0 -1 1 -1 1 0 -1 0 s45 
0 0 0 1 0 0 0 0 0 0 
1 0 0 1 0 1 -1 -1 0 s45 
0 0 0 0 0 0 0 1 0 0 
1 1 -1 1 0 1 0 -1 -1 s45+mTsq+s15 

0
0 43
0 43
1 0 0 0 0 0 0 0 0 0 
0 1 0 0 0 0 0 0 0 0 
0 0 1 0 0 0 0 0 0 0 
0 0 0 0 0 1 0 0 0 0 
2 0 -1 1 -1 1 0 -1 0 s45 
0 0 0 1 0 0 0 0 0 0 
1 0 0 1 0 1 -1 -1 0 s45 
0 0 0 0 0 0 0 1 0 0 
1 1 -1 1 0 1 0 -1 -1 s45+mTsq+s15 

0
0 45
0 45
1 0 0 0 0 0 0 0 0 0 
0 1 0 0 0 0 0 0 0 0 
0 0 1 0 0 0 0 0 0 0 
0 0 0 0 0 1 0 0 0 0 
2 0 -1 1 -1 1 0 -1 0 s45 
0 0 0 1 0 0 0 0 0 0 
1 0 0 1 0 1 -1 -1 0 s45 
0 0 0 0 0 0 0 1 0 0 
1 1 -1 1 0 1 0 -1 -1 s45+mTsq+s15 

1
0 45
0 45
0 0 1 0 0 0 0 0 0 0 
0 1 0 0 0 0 0 0 0 0 
1 0 0 0 0 0 0 0 0 0 
0 0 0 1 0 0 0 0 0 0 
0 1 0 0 0 0 0 0 0 0 
0 0 0 0 0 1 0 0 0 0 
0 1 0 0 0 0 0 0 0 0 
0 1 0 0 0 0 0 0 0 0 
0 1 0 0 0 0 0 0 0 0 

1
0 45
0 45
0 0 1 0 0 0 0 0 0 0 
0 1 0 0 0 0 0 0 0 0 
1 0 0 0 0 0 0 0 0 0 
0 0 0 0 0 1 0 0 0 0 
0 1 0 0 0 0 0 0 0 0 
0 0 0 1 0 0 0 0 0 0 
0 1 0 0 0 0 0 0 0 0 
0 1 0 0 0 0 0 0 0 0 
0 1 0 0 0 0 0 0 0 0 

0
0 46
0 46
1 0 0 0 0 0 0 0 0 0 
0 1 0 0 0 0 0 0 0 0 
0 0 1 0 0 0 0 0 0 0 
0 0 0 0 0 1 0 0 0 0 
2 0 -1 1 -1 1 0 -1 0 s45 
0 0 0 1 0 0 0 0 0 0 
1 0 0 1 0 1 -1 -1 0 s45 
0 0 0 0 0 0 0 1 0 0 
1 1 -1 1 0 1 0 -1 -1 s45+mTsq+s15 

0
0 47
0 47
1 0 0 0 0 0 0 0 0 0 
0 1 0 0 0 0 0 0 0 0 
0 0 1 0 0 0 0 0 0 0 
0 0 0 0 0 1 0 0 0 0 
2 0 -1 1 -1 1 0 -1 0 s45 
0 0 0 1 0 0 0 0 0 0 
1 0 0 1 0 1 -1 -1 0 s45 
0 0 0 0 0 0 0 1 0 0 
1 1 -1 1 0 1 0 -1 -1 s45+mTsq+s15 

0
0 60
0 60
-1 0 1 1 1 0 -1 0 0 s45 
0 -1 1 1 0 0 -1 0 1 -2*mTsq+s23 
0 0 0 1 0 0 0 0 0 0 
0 0 1 0 0 0 0 0 0 0 
0 0 0 0 1 0 0 0 0 0 
0 0 0 0 0 1 0 0 0 0 
0 0 0 0 0 0 1 0 0 0 
0 0 1 1 1 1 -2 -1 0 3*s45 
0 0 0 0 0 0 0 0 1 0 

0
0 74
0 74
1 0 0 0 0 0 0 0 0 0 
0 1 0 0 0 0 0 0 0 0 
0 0 1 0 0 0 0 0 0 0 
0 0 0 0 0 0 1 0 0 0 
1 0 -1 1 -1 0 1 0 0 s45 
-1 0 0 1 0 -1 1 1 0 -s45 
0 0 0 1 0 0 0 0 0 0 
0 0 0 0 0 0 0 1 0 0 
0 1 -1 1 0 0 1 0 -1 mTsq+s23 

0
0 75
0 75
1 0 0 0 0 0 0 0 0 0 
0 1 0 0 0 0 0 0 0 0 
0 0 1 0 0 0 0 0 0 0 
0 0 0 0 0 0 1 0 0 0 
1 0 -1 1 -1 0 1 0 0 s45 
-1 0 0 1 0 -1 1 1 0 -s45 
0 0 0 1 0 0 0 0 0 0 
0 0 0 0 0 0 0 1 0 0 
0 1 -1 1 0 0 1 0 -1 mTsq+s23 

0
0 78
0 78
1 0 0 0 0 0 0 0 0 0 
0 1 0 0 0 0 0 0 0 0 
0 0 1 0 0 0 0 0 0 0 
0 0 0 0 0 0 1 0 0 0 
1 0 -1 1 -1 0 1 0 0 s45 
-1 0 0 1 0 -1 1 1 0 -s45 
0 0 0 1 0 0 0 0 0 0 
0 0 0 0 0 0 0 1 0 0 
0 1 -1 1 0 0 1 0 -1 mTsq+s23 

0
0 79
0 79
1 0 0 0 0 0 0 0 0 0 
0 1 0 0 0 0 0 0 0 0 
0 0 1 0 0 0 0 0 0 0 
0 0 0 0 0 0 1 0 0 0 
1 0 -1 1 -1 0 1 0 0 s45 
-1 0 0 1 0 -1 1 1 0 -s45 
0 0 0 1 0 0 0 0 0 0 
0 0 0 0 0 0 0 1 0 0 
0 1 -1 1 0 0 1 0 -1 mTsq+s23 

0
0 82
0 82
1 0 0 0 0 0 0 0 0 0 
0 1 0 0 0 0 0 0 0 0 
0 0 1 0 0 0 0 0 0 0 
1 0 1 -1 1 0 1 0 0 -s45 
0 0 0 0 0 0 1 0 0 0 
0 0 0 0 1 -1 1 0 0 -s45 
0 0 0 0 1 0 0 0 0 0 
0 0 0 0 0 0 0 1 0 0 
0 0 0 0 1 0 1 0 -1 -s45+mTsq+s23 

0
0 83
0 83
1 0 0 0 0 0 0 0 0 0 
0 1 0 0 0 0 0 0 0 0 
0 0 1 0 0 0 0 0 0 0 
1 0 1 -1 1 0 1 0 0 -s45 
0 0 0 0 0 0 1 0 0 0 
0 0 0 0 1 -1 1 0 0 -s45 
0 0 0 0 1 0 0 0 0 0 
0 0 0 0 0 0 0 1 0 0 
0 0 0 0 1 0 1 0 -1 -s45+mTsq+s23 

0
0 85
0 85
1 0 0 0 0 0 0 0 0 0 
0 1 0 0 0 0 0 0 0 0 
0 0 1 0 0 0 0 0 0 0 
1 0 1 -1 1 0 1 0 0 -s45 
0 0 0 0 0 0 1 0 0 0 
0 0 0 0 1 -1 1 0 0 -s45 
0 0 0 0 1 0 0 0 0 0 
0 0 0 0 0 0 0 1 0 0 
0 0 0 0 1 0 1 0 -1 -s45+mTsq+s23 

0
0 85
0 85
0 0 1 0 0 0 0 0 0 0 
1 -1 1 0 0 0 0 0 0 -s45-mTsq+s23 
1 0 0 0 0 0 0 0 0 0 
1 0 1 -1 1 0 1 0 0 -s45 
0 0 0 0 1 0 0 0 0 0 
0 0 0 0 0 1 0 0 0 0 
0 0 0 0 0 0 1 0 0 0 
1 0 1 0 0 0 0 -1 0 s45 
0 0 0 0 0 0 0 0 1 0 

0
0 85
0 85
0 0 1 0 0 0 0 0 0 0 
1 -1 1 0 0 0 0 0 0 -s45-mTsq+s23 
1 0 0 0 0 0 0 0 0 0 
0 0 0 1 0 0 0 0 0 0 
0 0 0 0 0 0 1 0 0 0 
0 0 0 0 1 -1 1 0 0 -s45 
0 0 0 0 1 0 0 0 0 0 
1 0 1 0 0 0 0 -1 0 s45 
0 0 0 0 1 0 1 0 -1 -s45+mTsq+s23 

0
0 85
0 85
0 0 0 0 1 0 0 0 0 0 
0 0 0 0 0 0 0 0 1 -mTsq 
0 0 0 0 0 0 1 0 0 0 
0 0 0 1 0 0 0 0 0 0 
1 0 0 0 0 0 0 0 0 0 
-1 0 1 0 0 0 0 1 0 -s45 
0 0 1 0 0 0 0 0 0 0 
0 0 0 0 1 1 -1 0 0 s45 
0 1 0 0 0 0 0 0 0 mTsq 

0
0 85
0 85
0 0 0 0 1 0 0 0 0 0 
0 0 0 0 0 0 0 0 1 -mTsq 
0 0 0 0 0 0 1 0 0 0 
1 0 1 -1 1 0 1 0 0 -s45 
0 0 1 0 0 0 0 0 0 0 
2 0 0 0 0 0 0 -1 0 0 
1 0 0 0 0 0 0 0 0 0 
0 0 0 0 1 1 -1 0 0 s45 
1 -1 1 0 0 0 0 0 0 -s45+s23 

0
0 85
0 85
0 0 0 0 0 0 1 0 0 0 
0 0 0 0 1 0 1 0 -1 -s45+s23 
0 0 0 0 1 0 0 0 0 0 
0 0 0 1 0 0 0 0 0 0 
0 0 1 0 0 0 0 0 0 0 
2 0 0 0 0 0 0 -1 0 0 
1 0 0 0 0 0 0 0 0 0 
0 0 0 0 0 -1 2 0 0 0 
1 -1 1 0 0 0 0 0 0 -s45+s23 

0
0 85
0 85
0 0 0 0 0 0 1 0 0 0 
0 0 0 0 1 0 1 0 -1 -s45+s23 
0 0 0 0 1 0 0 0 0 0 
1 0 1 -1 1 0 1 0 0 -s45 
1 0 0 0 0 0 0 0 0 0 
-1 0 1 0 0 0 0 1 0 -s45 
0 0 1 0 0 0 0 0 0 0 
0 0 0 0 0 -1 2 0 0 0 
0 1 0 0 0 0 0 0 0 mTsq 

0
0 86
0 86
1 0 0 0 0 0 0 0 0 0 
0 1 0 0 0 0 0 0 0 0 
0 0 1 0 0 0 0 0 0 0 
1 0 1 -1 1 0 1 0 0 -s45 
0 0 0 0 0 0 1 0 0 0 
0 0 0 0 1 -1 1 0 0 -s45 
0 0 0 0 1 0 0 0 0 0 
0 0 0 0 0 0 0 1 0 0 
0 0 0 0 1 0 1 0 -1 -s45+mTsq+s23 

0
0 87
0 87
1 0 0 0 0 0 0 0 0 0 
0 1 0 0 0 0 0 0 0 0 
0 0 1 0 0 0 0 0 0 0 
1 0 1 -1 1 0 1 0 0 -s45 
0 0 0 0 0 0 1 0 0 0 
0 0 0 0 1 -1 1 0 0 -s45 
0 0 0 0 1 0 0 0 0 0 
0 0 0 0 0 0 0 1 0 0 
0 0 0 0 1 0 1 0 -1 -s45+mTsq+s23 

0
0 93
0 93
0 0 1 0 0 0 0 0 0 0 
1 -1 1 0 0 0 0 0 0 -s45-mTsq+s23 
1 0 0 0 0 0 0 0 0 0 
0 0 0 1 0 0 0 0 0 0 
0 0 0 0 0 0 1 0 0 0 
0 0 0 0 1 -1 1 0 0 -s45 
0 0 0 0 1 0 0 0 0 0 
1 0 1 0 0 0 0 -1 0 s45 
0 0 0 0 1 0 1 0 -1 -s45+mTsq+s23 

0
0 93
0 93
0 0 0 0 0 0 1 0 0 0 
0 0 0 0 1 0 1 0 -1 -s45+s23 
0 0 0 0 1 0 0 0 0 0 
0 0 0 1 0 0 0 0 0 0 
0 0 1 0 0 0 0 0 0 0 
2 0 0 0 0 0 0 -1 0 0 
1 0 0 0 0 0 0 0 0 0 
0 0 0 0 0 -1 2 0 0 0 
1 -1 1 0 0 0 0 0 0 -s45+s23 

0
0 93
0 93
0 0 0 0 1 0 0 0 0 0 
0 0 0 0 0 0 0 0 1 -mTsq 
0 0 0 0 0 0 1 0 0 0 
0 0 0 1 0 0 0 0 0 0 
1 0 0 0 0 0 0 0 0 0 
-1 0 1 0 0 0 0 1 0 -s45 
0 0 1 0 0 0 0 0 0 0 
0 0 0 0 1 1 -1 0 0 s45 
0 1 0 0 0 0 0 0 0 mTsq 

1
0 114
0 114
1 0 0 0 0 0 0 0 0 0 
0 1 0 0 0 0 0 0 0 0 
1 0 0 0 0 0 0 0 0 0 
1 0 0 0 0 0 0 0 0 0 
0 0 0 0 0 0 1 0 0 0 
0 0 0 0 0 1 0 0 0 0 
0 0 0 0 1 0 0 0 0 0 
1 0 0 0 0 0 0 0 0 0 
1 0 0 0 0 0 0 0 0 0 

1
0 115
0 115
1 0 0 0 0 0 0 0 0 0 
0 1 0 0 0 0 0 0 0 0 
0 0 1 0 0 0 0 0 0 0 
0 0 1 0 0 0 0 0 0 0 
0 0 0 0 0 0 1 0 0 0 
0 0 0 0 0 1 0 0 0 0 
0 0 0 0 1 0 0 0 0 0 
0 0 1 0 0 0 0 0 0 0 
0 0 1 0 0 0 0 0 0 0 

0
0 117
0 117
0 0 1 0 0 0 0 0 0 0 
1 -1 1 0 0 0 0 0 0 -s45-mTsq+s23 
1 0 0 0 0 0 0 0 0 0 
1 0 1 -1 1 0 1 0 0 -s45 
0 0 0 0 1 0 0 0 0 0 
0 0 0 0 0 1 0 0 0 0 
0 0 0 0 0 0 1 0 0 0 
1 0 1 0 0 0 0 -1 0 s45 
0 0 0 0 0 0 0 0 1 0 

1
0 117
0 117
1 0 0 0 0 0 0 0 0 0 
0 1 0 0 0 0 0 0 0 0 
0 0 1 0 0 0 0 0 0 0 
0 1 0 0 0 0 0 0 0 0 
0 0 0 0 0 0 1 0 0 0 
0 0 0 0 0 1 0 0 0 0 
0 0 0 0 1 0 0 0 0 0 
0 1 0 0 0 0 0 0 0 0 
0 1 0 0 0 0 0 0 0 0 

1
0 117
0 117
0 0 1 0 0 0 0 0 0 0 
0 1 0 0 0 0 0 0 0 0 
1 0 0 0 0 0 0 0 0 0 
0 1 0 0 0 0 0 0 0 0 
0 0 0 0 0 0 1 0 0 0 
0 0 0 0 0 1 0 0 0 0 
0 0 0 0 1 0 0 0 0 0 
0 1 0 0 0 0 0 0 0 0 
0 1 0 0 0 0 0 0 0 0 

1
0 118
0 118
1 0 0 0 0 0 0 0 0 0 
0 1 0 0 0 0 0 0 0 0 
0 0 1 0 0 0 0 0 0 0 
1 0 0 0 0 0 0 0 0 0 
0 0 0 0 0 0 1 0 0 0 
0 0 0 0 0 1 0 0 0 0 
0 0 0 0 1 0 0 0 0 0 
1 0 0 0 0 0 0 0 0 0 
1 0 0 0 0 0 0 0 0 0 

1
0 119
0 119
1 0 0 0 0 0 0 0 0 0 
0 1 0 0 0 0 0 0 0 0 
0 0 1 0 0 0 0 0 0 0 
0 0 0 1 0 0 0 0 0 0 
0 0 0 0 0 0 1 0 0 0 
0 0 0 0 0 1 0 0 0 0 
0 0 0 0 1 0 0 0 0 0 
0 0 0 1 0 0 0 0 0 0 
0 0 0 1 0 0 0 0 0 0 

0
0 121
0 121
0 0 0 1 0 0 0 0 0 0 
1 -1 0 1 -1 0 0 0 1 -mTsq 
1 0 -1 1 -1 0 1 0 0 s45 
1 0 0 0 0 0 0 0 0 0 
0 0 0 0 1 0 0 0 0 0 
0 0 0 0 0 1 0 0 0 0 
0 0 0 0 0 0 1 0 0 0 
1 0 0 1 0 1 -1 -1 0 s45 
0 0 0 0 0 0 0 0 1 0 

1
0 125
0 125
0 0 1 0 0 0 0 0 0 0 
0 1 0 0 0 0 0 0 0 0 
1 0 0 0 0 0 0 0 0 0 
0 0 0 1 0 0 0 0 0 0 
0 0 0 0 0 0 1 0 0 0 
0 0 0 0 0 1 0 0 0 0 
0 0 0 0 1 0 0 0 0 0 
0 1 0 0 0 0 0 0 0 0 
0 1 0 0 0 0 0 0 0 0 

