ptb[1,0,1,0,1,0,0,1,0,0,0]  # 149
ptb[1,0,1,0,0,1,0,1,0,0,0]  # 165
ptb[1,0,1,0,0,0,1,1,0,0,0]  # 197
ptb[1,0,1,0,1,0,1,0,0,0,0]  #  85
ptb[1,0,1,0,1,0,1,1,0,0,0]  # 213
ptb[1,0,1,0,1,1,1,1,0,0,0]  # 245
ptb[0,0,1,1,0,0,0,1,0,0,0]  # 140
ptb[0,1,0,1,1,0,0,1,0,0,0]  # 154
ptb[1,0,0,1,0,1,0,0,0,0,0]  #  41
ptb[0,1,0,1,0,1,0,0,0,0,0]  #  42
ptb[0,1,0,1,0,1,0,1,0,0,0]  # 170
ptb[1,0,1,1,0,1,0,0,0,0,0]  #  45
ptb[0,0,1,1,0,1,0,1,0,0,0]  # 172
ptb[1,0,1,1,0,1,0,1,0,0,0]  # 173
ptb[1,1,1,1,0,1,0,0,0,0,0]  #  47
ptb[0,1,1,1,0,1,0,1,0,0,0]  # 174
ptb[-1,1,1,1,0,1,0,1,0,0,0] # 174
ptb[1,1,1,1,0,1,0,1,0,0,0]  # 175
ptb[1,1,0,1,1,1,0,0,0,0,0]  #  59
ptb[0,1,0,1,1,1,0,1,0,0,0]  # 186
ptb[1,1,1,1,1,1,0,1,0,0,0]  # 191
ptb[1,1,1,1,1,1,-1,1,0,0,0] # 191
ptb[1,0,0,1,0,0,1,0,0,0,0]  #  73
ptb[0,1,0,1,0,0,1,0,0,0,0]  #  74
ptb[0,1,0,1,0,0,1,1,0,0,0]  # 202
ptb[0,0,1,1,0,0,1,0,0,0,0]  #  76
ptb[1,0,1,1,0,0,1,0,0,0,0]  #  77
ptb[1,0,1,1,0,0,1,-1,0,0,0] #  77
ptb[0,0,1,1,0,0,1,1,0,0,0]  # 204
ptb[-1,0,1,1,0,0,1,1,0,0,0] # 204
ptb[1,0,1,1,0,0,1,1,0,0,0]  # 205
ptb[1,1,1,1,0,0,1,0,0,0,0]  #  79
ptb[0,1,1,1,0,0,1,1,0,0,0]  # 206
ptb[-1,1,1,1,0,0,1,1,0,0,0] # 206
ptb[1,1,1,1,0,0,1,1,0,0,0]  # 207
ptb[1,0,0,1,1,0,1,0,0,0,0]  #  89
ptb[1,0,0,1,1,0,1,-1,0,0,0] #  89
ptb[0,1,0,1,1,0,1,0,0,0,0]  #  90
ptb[1,1,0,1,1,0,1,0,0,0,0]  #  91
ptb[1,1,0,1,1,0,1,-1,0,0,0] #  91
ptb[0,1,0,1,1,0,1,1,0,0,0]  # 218
ptb[-1,1,0,1,1,0,1,1,0,0,0] # 218
ptb[1,0,1,1,1,0,1,0,0,0,0]  #  93
ptb[1,1,1,1,1,0,1,0,0,0,0]  #  95
ptb[1,1,1,1,1,0,1,1,0,0,0]  # 223
ptb[1,1,1,1,1,-1,1,1,0,0,0] # 223
ptb[1,1,1,1,1,0,1,1,-1,0,0] # 223
ptb[1,1,0,1,0,1,1,0,0,0,0]  # 107
ptb[0,1,0,1,0,1,1,1,0,0,0]  # 234
ptb[1,0,1,1,0,1,1,0,0,0,0]  # 109
ptb[1,0,1,1,0,1,1,-1,0,0,0] # 109
ptb[0,0,1,1,0,1,1,1,0,0,0]  # 236
ptb[1,0,1,1,0,1,1,1,0,0,0]  # 237
ptb[0,1,1,1,0,1,1,0,0,0,0]  # 110
ptb[1,1,1,1,0,1,1,0,0,0,0]  # 111
ptb[1,1,1,1,0,1,1,-1,0,0,0] # 111
ptb[0,1,1,1,0,1,1,1,0,0,0]  # 238
ptb[-1,1,1,1,0,1,1,1,0,0,0] # 238
ptb[1,1,1,1,0,1,1,1,0,0,0]  # 239
ptb[1,1,1,1,-1,1,1,1,0,0,0] # 239
ptb[1,1,1,1,0,1,1,1,-1,0,0] # 239
ptb[1,0,0,1,1,1,1,0,0,0,0]  # 121
ptb[0,1,0,1,1,1,1,0,0,0,0]  # 122
ptb[1,1,0,1,1,1,1,0,0,0,0]  # 123
ptb[1,1,0,1,1,1,1,-1,0,0,0] # 123
ptb[0,1,0,1,1,1,1,1,0,0,0]  # 250
ptb[-1,1,0,1,1,1,1,1,0,0,0] # 250
ptb[1,0,1,1,1,1,1,0,0,0,0]  # 125
ptb[1,1,1,1,1,1,1,0,0,0,0]  # 127
ptb[1,1,1,1,1,1,1,-1,0,0,0] # 127
ptb[1,1,1,1,1,1,1,0,-1,0,0] # 127
ptb[1,1,1,1,1,1,1,1,0,0,0]  # 255
ptb[1,1,1,1,1,1,1,1,-1,0,0] # 255
ptb[1,1,1,1,1,1,1,1,0,0,-1] # 255
